       263261.50       21.989133       10.268499       0.0000000       3893408.9
  -1.5676673e+11      -5.8743554
       21.989133    0.0063688014  -0.00015940615       0.0000000      -2015.5031
       71902644.    0.0032306396
       10.268499  -0.00015940615   0.00075927177       0.0000000       920.13377
      -34515735.   -0.0014369831
       0.0000000       0.0000000       0.0000000       0.0000000       0.0000000
       0.0000000       0.0000000
       3893408.9      -2015.5031       920.13377       0.0000000   9.7548556e+09
   1.0123973e+13       400.83510
  -1.5676673e+11       71902644.      -34515735.       0.0000000   1.0123973e+13
   3.6712318e+18   1.5147786e+08
      -5.8743554    0.0032306396   -0.0014369831       0.0000000       400.83510
   1.5147786e+08    0.0063101716
