    050408    2.66e+03   -9.00e+00   -9.00e+00   -9.00e+00    9.98e+01         v     19.40      0.30     -9.00     -9.00        UVOT             foley06  0       NNN
    050408    1.38e+04   -9.00e+00   -9.00e+00   -9.00e+00    6.89e+02         v     20.30      0.25     -9.00     -9.00        UVOT             foley06  0       NNN
    050408    4.09e+04   -9.00e+00   -9.00e+00   -9.00e+00    9.00e+02         v     20.82      0.25     -9.00     -9.00        UVOT             foley06  0       NNN
    050408    7.08e+04   -9.00e+00   -9.00e+00   -9.00e+00    9.00e+02         v     21.03      0.25     -9.00     -9.00        UVOT             foley06  0       NNN
    050408    2.71e+03   -9.00e+00   -9.00e+00    1.00e-03   -9.00e+00         v     19.40    100.00     -9.00     -9.00        UVOT             foley06  1       NNN
    050408    1.41e+04   -9.00e+00   -9.00e+00    1.00e-03   -9.00e+00         v     20.30    100.00     -9.00     -9.00        UVOT             foley06  1       NNN
    050408    2.93e+04   -9.00e+00   -9.00e+00    1.00e-03   -9.00e+00        VJ     18.50    100.00     -9.00     -9.00         REM             foley06  1       NNN
    050408    3.50e+04   -9.00e+00   -9.00e+00    1.00e-03   -9.00e+00        VJ     21.40    100.00     -9.00     -9.00      PROMPT             foley06  1       NNN
    050408    4.01e+04   -9.00e+00   -9.00e+00    1.00e-03   -9.00e+00         v     20.82    100.00     -9.00     -9.00        UVOT             foley06  1       NNN
    050408    4.47e+04   -9.00e+00   -9.00e+00    1.00e-03   -9.00e+00        VJ     22.07      0.17     -9.00     -9.00      Kuiper             foley06  0       NNN
    050408    4.77e+04   -9.00e+00   -9.00e+00    1.00e-03   -9.00e+00        VJ     21.70    100.00     -9.00     -9.00      PROMPT             foley06  1       NNN
    050408    5.51e+04   -9.00e+00   -9.00e+00    1.00e-03   -9.00e+00        VJ     22.62      0.19     -9.00     -9.00      Kuiper             foley06  0       NNN
    050408    6.51e+04   -9.00e+00   -9.00e+00    1.00e-03   -9.00e+00         v     21.03    100.00     -9.00     -9.00        UVOT             foley06  1       NNN
    050408    1.39e+05   -9.00e+00   -9.00e+00    1.00e-03   -9.00e+00        VJ     23.48      0.61     -9.00     -9.00      Kuiper             foley06  0       NNN
    050408    2.30e+05   -9.00e+00   -9.00e+00    1.00e-03   -9.00e+00        VJ     24.07      0.18     -9.00     -9.00        Keck             foley06  0       NNN
    050408    6.00e+00   -9.00e+00   -9.00e+00    1.00e-03   -9.00e+00        RC     11.00    100.00     -9.00     -9.00      WIDGET             foley06  1       NNN
    050408    1.06e+02   -9.00e+00   -9.00e+00    1.00e-03   -9.00e+00        RC     10.90    100.00     -9.00     -9.00      WIDGET             foley06  1       NNN
    050408    8.73e+01   -9.00e+00   -9.00e+00    1.00e-03   -9.00e+00        RC     16.20    100.00     -9.00     -9.00         ART             foley06  1       NNN
    050408    3.59e+02   -9.00e+00   -9.00e+00    1.00e-03   -9.00e+00        RC     16.20    100.00     -9.00     -9.00         ART             foley06  1       NNN
    050408    6.31e+02   -9.00e+00   -9.00e+00    1.00e-03   -9.00e+00        RC     17.00    100.00     -9.00     -9.00         ART             foley06  1       NNN
    050408    1.15e+03   -9.00e+00   -9.00e+00    1.00e-03   -9.00e+00        RC     19.10    100.00     -9.00     -9.00        Kiso             foley06  1       NNN
    050408    5.17e+03   -9.00e+00   -9.00e+00    1.00e-03   -9.00e+00        RC     17.80    100.00     -9.00     -9.00     Mitsume             foley06  1       NNN
    050408    8.64e+03   -9.00e+00   -9.00e+00    1.00e-03   -9.00e+00        RC     20.40      0.20     -9.00     -9.00       ARIES             foley06  0       NNN
    050408    1.12e+04   -9.00e+00   -9.00e+00    1.00e-03   -9.00e+00        RC     20.00    100.00     -9.00     -9.00         TLS             foley06  1       NNN
    050408    1.34e+04   -9.00e+00   -9.00e+00    1.00e-03   -9.00e+00        RC     21.01      0.07     -9.00     -9.00      RTT150             foley06  0       NNN
    050408    1.39e+04   -9.00e+00   -9.00e+00    1.00e-03   -9.00e+00        RC     20.50    100.00     -9.00     -9.00         SAO             foley06  1       NNN
    050408    1.57e+04   -9.00e+00   -9.00e+00    1.00e-03   -9.00e+00        RC     21.10      0.05     -9.00     -9.00      RTT150             foley06  0       NNN
    050408    1.74e+04   -9.00e+00   -9.00e+00    1.00e-03   -9.00e+00        RC     21.25      0.20     -9.00     -9.00    Mercator             foley06  0       NNN
    050408    1.76e+04   -9.00e+00   -9.00e+00    1.00e-03   -9.00e+00        RC     21.25      0.05     -9.00     -9.00      RTT150             foley06  0       NNN
    050408    1.94e+04   -9.00e+00   -9.00e+00    1.00e-03   -9.00e+00        RC     21.27      0.05     -9.00     -9.00      RTT150             foley06  0       NNN
    050408    2.08e+04   -9.00e+00   -9.00e+00    1.00e-03   -9.00e+00        RC     21.44      0.06     -9.00     -9.00      RTT150             foley06  0       NNN
    050408    2.36e+04   -9.00e+00   -9.00e+00    1.00e-03   -9.00e+00        RC     21.37      0.06     -9.00     -9.00      RTT150             foley06  0       NNN
    050408    2.47e+04   -9.00e+00   -9.00e+00    1.00e-03   -9.00e+00        RC     21.50      0.06     -9.00     -9.00      RTT150             foley06  0       NNN
    050408    2.81e+04   -9.00e+00   -9.00e+00    1.00e-03   -9.00e+00        RC     21.58      0.10     -9.00     -9.00    Magellan             foley06  0       NNN
    050408    2.93e+04   -9.00e+00   -9.00e+00    1.00e-03   -9.00e+00        RC     18.30    100.00     -9.00     -9.00         REM             foley06  1       NNN
    050408    2.97e+04   -9.00e+00   -9.00e+00    1.00e-03   -9.00e+00        RC     21.64      0.07     -9.00     -9.00      RTT150             foley06  0       NNN
    050408    3.15e+04   -9.00e+00   -9.00e+00    1.00e-03   -9.00e+00        RC     21.60      0.07     -9.00     -9.00      RTT150             foley06  0       NNN
    050408    4.13e+04   -9.00e+00   -9.00e+00    1.00e-03   -9.00e+00        RC     21.89      0.15     -9.00     -9.00      Kuiper             foley06  0       NNN
    050408    4.63e+04   -9.00e+00   -9.00e+00    1.00e-03   -9.00e+00        RC     22.30      0.30     -9.00     -9.00    Mercator             foley06  0       NNN
    050408    4.99e+04   -9.00e+00   -9.00e+00    1.00e-03   -9.00e+00        RC     21.96      0.13     -9.00     -9.00      Kuiper             foley06  0       NNN
    050408    9.90e+04   -9.00e+00   -9.00e+00    1.00e-03   -9.00e+00        RC     22.55      0.35     -9.00     -9.00         MAO             foley06  0       NNN
    050408    4.35e+05   -9.00e+00   -9.00e+00    1.00e-03   -9.00e+00        RC     23.70      0.20     -9.00     -9.00      RTT150             foley06  0       NNN
    050408    1.88e+04   -9.00e+00   -9.00e+00    1.00e-03   -9.00e+00        IC     20.40      0.30     -9.00     -9.00         MAO             foley06  0       NNN
    050408    2.81e+04   -9.00e+00   -9.00e+00    1.00e-03   -9.00e+00        IC     21.05      0.12     -9.00     -9.00    Magellan             foley06  0       NNN
    050408    2.93e+04   -9.00e+00   -9.00e+00    1.00e-03   -9.00e+00        IC     17.90    100.00     -9.00     -9.00         REM             foley06  1       NNN
    050408    4.05e+04   -9.00e+00   -9.00e+00    1.00e-03   -9.00e+00        IC     21.47      0.11     -9.00     -9.00    CTIO1.3m             foley06  0       NNN
    050408    4.30e+04   -9.00e+00   -9.00e+00    1.00e-03   -9.00e+00        IC     21.30      0.20     -9.00     -9.00      Kuiper             foley06  0       NNN
    050408    1.36e+05   -9.00e+00   -9.00e+00    1.00e-03   -9.00e+00        IC     22.29      0.39     -9.00     -9.00      Kuiper             foley06  0       NNN
    050408    2.30e+05   -9.00e+00   -9.00e+00    1.00e-03   -9.00e+00        IC     23.01      0.11     -9.00     -9.00        Keck             foley06  0       NNN
    050408    4.85e+04   -9.00e+00   -9.00e+00    1.00e-03   -9.00e+00        zz     21.80      0.12     -9.00     -9.00         ARC             foley06  0       NNN
    050408    2.93e+04   -9.00e+00   -9.00e+00    1.00e-03   -9.00e+00         J     18.20    100.00     -9.00     -9.00         REM             foley06  1       NNN
    050408    4.05e+04   -9.00e+00   -9.00e+00    1.00e-03   -9.00e+00         J     20.38      0.28     -9.00     -9.00    CTIO1.3m             foley06  0       NNN
    050408    5.17e+04   -9.00e+00   -9.00e+00    1.00e-03   -9.00e+00         J     20.59      0.19     -9.00     -9.00    PAIRITEL             foley06  0       NNN
    050408    5.17e+04   -9.00e+00   -9.00e+00    1.00e-03   -9.00e+00         H     19.58      0.15     -9.00     -9.00    PAIRITEL             foley06  0       NNN
    050408    5.01e+04   -9.00e+00   -9.00e+00    1.00e-03   -9.00e+00         K     18.53      0.18     -9.00     -9.00    PAIRITEL             foley06  0       NNN
    050408    4.13e+04   -9.00e+00   -9.00e+00   -9.00e+00    9.00e+03        UJ     23.09      0.18     -9.00     -9.00        D1.5          deugarte07  0      Vega
    050408    1.38e+05   -9.00e+00   -9.00e+00   -9.00e+00    1.60e+03        UJ     23.75      0.26     -9.00     -9.00      KPNO4m          deugarte07  0      Vega
    050408    1.12e+04   -9.00e+00   -9.00e+00   -9.00e+00    6.00e+02        BJ     22.37      0.05     -9.00     -9.00         BTA          deugarte07  0      Vega
    050408    1.20e+04   -9.00e+00   -9.00e+00   -9.00e+00    5.00e+02        BJ     22.44      0.05     -9.00     -9.00         BTA          deugarte07  0      Vega
    050408    1.27e+04   -9.00e+00   -9.00e+00   -9.00e+00    6.00e+02        BJ     22.46      0.05     -9.00     -9.00         BTA          deugarte07  0      Vega
    050408    1.34e+04   -9.00e+00   -9.00e+00   -9.00e+00    6.00e+02        BJ     22.55      0.05     -9.00     -9.00         BTA          deugarte07  0      Vega
    050408    1.99e+04   -9.00e+00   -9.00e+00   -9.00e+00    5.00e+02        BJ     22.79      0.07     -9.00     -9.00         BTA          deugarte07  0      Vega
    050408    3.21e+04   -9.00e+00   -9.00e+00   -9.00e+00    1.20e+03        BJ     23.05      0.10     -9.00     -9.00        D1.5          deugarte07  0      Vega
    050408    4.91e+04   -9.00e+00   -9.00e+00   -9.00e+00    1.20e+03        BJ     23.54      0.17     -9.00     -9.00        D1.5          deugarte07  0      Vega
    050408    1.30e+05   -9.00e+00   -9.00e+00   -9.00e+00    9.00e+03        BJ     24.26      0.10     -9.00     -9.00        D1.5          deugarte07  0      Vega
    050408    1.94e+04   -9.00e+00   -9.00e+00   -9.00e+00    3.00e+02        VJ     22.11      0.06     -9.00     -9.00         BTA          deugarte07  0      Vega
    050408    3.11e+04   -9.00e+00   -9.00e+00   -9.00e+00    6.00e+02        VJ     22.24      0.09     -9.00     -9.00        D1.5          deugarte07  0      Vega
    050408    1.40e+05   -9.00e+00   -9.00e+00   -9.00e+00    1.20e+03        VJ     23.98      0.22     -9.00     -9.00      KPNO4m          deugarte07  0      Vega
    050408    2.11e+05   -9.00e+00   -9.00e+00   -9.00e+00    1.50e+03        VJ     24.10      0.17     -9.00     -9.00     CTIO1.3          deugarte07  0      Vega
    050408    1.34e+03   -9.00e+00   -9.00e+00   -9.00e+00    3.00e+02        RC     19.50    100.00     -9.00     -9.00        Kiso          deugarte07  1      Vega
    050408    3.35e+03   -9.00e+00   -9.00e+00   -9.00e+00    1.80e+02        RC     20.34      0.10     -9.00     -9.00         LOT          deugarte07  0      Vega
    050408    7.42e+03   -9.00e+00   -9.00e+00   -9.00e+00    9.00e+02        RC     20.99      0.09     -9.00     -9.00       Zeiss          deugarte07  0      Vega
    050408    7.94e+03   -9.00e+00   -9.00e+00   -9.00e+00    1.80e+02        RC     20.80      0.18     -9.00     -9.00         LOT          deugarte07  0      Vega
    050408    8.26e+03   -9.00e+00   -9.00e+00   -9.00e+00    3.00e+02        RC     20.98      0.14     -9.00     -9.00         LOT          deugarte07  0      Vega
    050408    8.89e+03   -9.00e+00   -9.00e+00   -9.00e+00    1.80e+02        RC     20.92      0.03     -9.00     -9.00         BTA          deugarte07  0      Vega
    050408    9.23e+03   -9.00e+00   -9.00e+00   -9.00e+00    1.80e+02        RC     20.94      0.03     -9.00     -9.00         BTA          deugarte07  0      Vega
    050408    9.54e+03   -9.00e+00   -9.00e+00   -9.00e+00    1.80e+02        RC     20.92      0.03     -9.00     -9.00         BTA          deugarte07  0      Vega
    050408    9.84e+03   -9.00e+00   -9.00e+00   -9.00e+00    1.80e+02        RC     20.92      0.02     -9.00     -9.00         BTA          deugarte07  0      Vega
    050408    1.01e+04   -9.00e+00   -9.00e+00   -9.00e+00    1.80e+02        RC     20.95      0.02     -9.00     -9.00         BTA          deugarte07  0      Vega
    050408    1.04e+04   -9.00e+00   -9.00e+00   -9.00e+00    1.80e+02        RC     21.03      0.03     -9.00     -9.00         BTA          deugarte07  0      Vega
    050408    1.07e+04   -9.00e+00   -9.00e+00   -9.00e+00    1.80e+02        RC     21.05      0.03     -9.00     -9.00         BTA          deugarte07  0      Vega
    050408    1.27e+04   -9.00e+00   -9.00e+00   -9.00e+00    4.50e+02        RC     21.13      0.08     -9.00     -9.00      RTT150          deugarte07  0      Vega
    050408    1.41e+04   -9.00e+00   -9.00e+00   -9.00e+00    4.50e+02        RC     21.05      0.06     -9.00     -9.00      RTT150          deugarte07  0      Vega
    050408    1.53e+04   -9.00e+00   -9.00e+00   -9.00e+00    5.40e+02        RC     21.10      0.06     -9.00     -9.00      RTT150          deugarte07  0      Vega
    050408    1.61e+04   -9.00e+00   -9.00e+00   -9.00e+00    5.40e+02        RC     21.19      0.06     -9.00     -9.00      RTT150          deugarte07  0      Vega
    050408    1.71e+04   -9.00e+00   -9.00e+00   -9.00e+00    4.80e+02        RC     21.42      0.08     -9.00     -9.00      RTT150          deugarte07  0      Vega
    050408    1.80e+04   -9.00e+00   -9.00e+00   -9.00e+00    4.80e+02        RC     21.40      0.08     -9.00     -9.00      RTT150          deugarte07  0      Vega
    050408    1.88e+04   -9.00e+00   -9.00e+00   -9.00e+00    4.80e+02        RC     21.39      0.09     -9.00     -9.00      RTT150          deugarte07  0      Vega
    050408    1.90e+04   -9.00e+00   -9.00e+00   -9.00e+00    1.80e+02        RC     21.32      0.04     -9.00     -9.00        mBTA          deugarte07  0      Vega
    050408    1.98e+04   -9.00e+00   -9.00e+00   -9.00e+00    4.80e+02        RC     21.19      0.06     -9.00     -9.00      RTT150          deugarte07  0      Vega
    050408    2.06e+04   -9.00e+00   -9.00e+00   -9.00e+00    4.80e+02        RC     21.52      0.09     -9.00     -9.00      RTT150          deugarte07  0      Vega
    050408    2.13e+04   -9.00e+00   -9.00e+00   -9.00e+00    4.80e+02        RC     21.56      0.08     -9.00     -9.00      RTT150          deugarte07  0      Vega
    050408    2.37e+04   -9.00e+00   -9.00e+00   -9.00e+00    7.20e+02        RC     21.52      0.06     -9.00     -9.00      RTT150          deugarte07  0      Vega
    050408    2.48e+04   -9.00e+00   -9.00e+00   -9.00e+00    7.20e+02        RC     21.58      0.06     -9.00     -9.00      RTT150          deugarte07  0      Vega
    050408    2.93e+04   -9.00e+00   -9.00e+00   -9.00e+00    6.00e+02        RC     21.80      0.12     -9.00     -9.00      RTT150          deugarte07  0      Vega
    050408    3.02e+04   -9.00e+00   -9.00e+00   -9.00e+00    6.00e+02        RC     21.50      0.09     -9.00     -9.00      RTT150          deugarte07  0      Vega
    050408    3.06e+04   -9.00e+00   -9.00e+00   -9.00e+00    3.00e+02        RC     21.81      0.13     -9.00     -9.00        D1.5          deugarte07  0      Vega
    050408    3.11e+04   -9.00e+00   -9.00e+00   -9.00e+00    6.00e+02        RC     21.84      0.14     -9.00     -9.00      RTT150          deugarte07  0      Vega
    050408    3.20e+04   -9.00e+00   -9.00e+00   -9.00e+00    6.00e+02        RC     21.95      0.15     -9.00     -9.00      RTT150          deugarte07  0      Vega
    050408    3.77e+04   -9.00e+00   -9.00e+00   -9.00e+00    6.00e+02        RC     21.91      0.08     -9.00     -9.00        D1.5          deugarte07  0      Vega
    050408    4.64e+04   -9.00e+00   -9.00e+00   -9.00e+00    9.00e+02        RC     22.00      0.07     -9.00     -9.00        D1.5          deugarte07  0      Vega
    050408    5.15e+04   -9.00e+00   -9.00e+00   -9.00e+00    1.20e+03        RC     22.02      0.08     -9.00     -9.00        D1.5          deugarte07  0      Vega
    050408    6.19e+04   -9.00e+00   -9.00e+00   -9.00e+00    2.40e+03        RC     22.50      0.11     -9.00     -9.00         FTN          deugarte07  0      Vega
    050408    1.21e+05   -9.00e+00   -9.00e+00   -9.00e+00    5.70e+03        RC     23.08      0.09     -9.00     -9.00        D1.5          deugarte07  0      Vega
    050408    1.37e+05   -9.00e+00   -9.00e+00   -9.00e+00    3.60e+03        RC     23.31      0.14     -9.00     -9.00        D1.5          deugarte07  0      Vega
    050408    2.15e+05   -9.00e+00   -9.00e+00   -9.00e+00    1.47e+04        RC     23.86      0.17     -9.00     -9.00        D1.5          deugarte07  0      Vega
    050408    2.98e+05   -9.00e+00   -9.00e+00   -9.00e+00    1.40e+04        RC     23.85      0.13     -9.00     -9.00        D1.5          deugarte07  0      Vega
    050408    4.46e+05   -9.00e+00   -9.00e+00   -9.00e+00    9.00e+03        RC     23.70      0.20     -9.00     -9.00      RTT150          deugarte07  0      Vega
    050408    4.76e+05   -9.00e+00   -9.00e+00   -9.00e+00    7.20e+03        RC     23.72      0.18     -9.00     -9.00        D1.5          deugarte07  0      Vega
    050408    6.45e+05   -9.00e+00   -9.00e+00   -9.00e+00    1.56e+04        RC     23.97      0.11     -9.00     -9.00        D1.5          deugarte07  0      Vega
    050408    2.61e+06   -9.00e+00   -9.00e+00   -9.00e+00    3.60e+03        RC     24.64      0.17     -9.00     -9.00         TNG          deugarte07  0      Vega
    050408    3.34e+04   -9.00e+00   -9.00e+00   -9.00e+00    1.20e+03        IC     21.25      0.07     -9.00     -9.00        D1.5          deugarte07  0      Vega
    050408    5.30e+04   -9.00e+00   -9.00e+00   -9.00e+00    1.50e+03        IC     22.52      0.11     -9.00     -9.00        D1.5          deugarte07  0      Vega
    050408    5.60e+05   -9.00e+00   -9.00e+00   -9.00e+00    1.38e+04        IC     23.50      0.18     -9.00     -9.00        D1.5          deugarte07  0      Vega
    050408   -9.00e+00   -9.00e+00    2.74e+04    1.00e-03   -9.00e+00        UJ     22.90      0.22     -9.00     -9.00         TNG              kann10  0       NNN
    050408   -9.00e+00   -9.00e+00    2.79e+04    1.00e-03   -9.00e+00        UJ     22.50      0.14     -9.00     -9.00         TNG              kann10  0       NNN
    050408   -9.00e+00   -9.00e+00    2.88e+04    1.00e-03   -9.00e+00        BJ     23.06      0.05     -9.00     -9.00         TNG              kann10  0       NNN
    050408   -9.00e+00   -9.00e+00    2.95e+04    1.00e-03   -9.00e+00        BJ     23.07      0.05     -9.00     -9.00         TNG              kann10  0       NNN
    050408   -9.00e+00   -9.00e+00    2.99e+04    1.00e-03   -9.00e+00        VJ     22.32      0.06     -9.00     -9.00         TNG              kann10  0       NNN
    050408   -9.00e+00   -9.00e+00    3.01e+04    1.00e-03   -9.00e+00        VJ     22.37      0.06     -9.00     -9.00         TNG              kann10  0       NNN
    050408   -9.00e+00   -9.00e+00    1.65e+04    1.00e-03   -9.00e+00        RC     21.38      0.05     -9.00     -9.00         TNG              kann10  0       NNN
    050408   -9.00e+00   -9.00e+00    1.67e+04    1.00e-03   -9.00e+00        RC     21.41      0.04     -9.00     -9.00         TNG              kann10  0       NNN
    050408   -9.00e+00   -9.00e+00    1.69e+04    1.00e-03   -9.00e+00        RC     21.41      0.04     -9.00     -9.00         TNG              kann10  0       NNN
    050408   -9.00e+00   -9.00e+00    2.28e+04    1.00e-03   -9.00e+00        RC     21.50      0.02     -9.00     -9.00         TNG              kann10  0       NNN
    050408   -9.00e+00   -9.00e+00    2.30e+04    1.00e-03   -9.00e+00        RC     21.47      0.02     -9.00     -9.00         TNG              kann10  0       NNN
    050408   -9.00e+00   -9.00e+00    2.33e+04    1.00e-03   -9.00e+00        RC     21.52      0.02     -9.00     -9.00         TNG              kann10  0       NNN
    050408   -9.00e+00   -9.00e+00    2.35e+04    1.00e-03   -9.00e+00        RC     21.52      0.03     -9.00     -9.00         TNG              kann10  0       NNN
    050408   -9.00e+00   -9.00e+00    2.37e+04    1.00e-03   -9.00e+00        RC     21.54      0.03     -9.00     -9.00         TNG              kann10  0       NNN
    050408   -9.00e+00   -9.00e+00    2.39e+04    1.00e-03   -9.00e+00        RC     21.51      0.03     -9.00     -9.00         TNG              kann10  0       NNN
    050408   -9.00e+00   -9.00e+00    2.41e+04    1.00e-03   -9.00e+00        RC     21.58      0.03     -9.00     -9.00         TNG              kann10  0       NNN
    050408   -9.00e+00   -9.00e+00    2.44e+04    1.00e-03   -9.00e+00        RC     21.57      0.03     -9.00     -9.00         TNG              kann10  0       NNN
    050408   -9.00e+00   -9.00e+00    2.46e+04    1.00e-03   -9.00e+00        RC     21.55      0.03     -9.00     -9.00         TNG              kann10  0       NNN
    050408   -9.00e+00   -9.00e+00    2.48e+04    1.00e-03   -9.00e+00        RC     21.52      0.03     -9.00     -9.00         TNG              kann10  0       NNN
    050408   -9.00e+00   -9.00e+00    2.50e+04    1.00e-03   -9.00e+00        RC     21.61      0.03     -9.00     -9.00         TNG              kann10  0       NNN
    050408   -9.00e+00   -9.00e+00    2.52e+04    1.00e-03   -9.00e+00        RC     21.60      0.03     -9.00     -9.00         TNG              kann10  0       NNN
    050408   -9.00e+00   -9.00e+00    2.55e+04    1.00e-03   -9.00e+00        RC     21.58      0.02     -9.00     -9.00         TNG              kann10  0       NNN
    050408   -9.00e+00   -9.00e+00    2.57e+04    1.00e-03   -9.00e+00        RC     21.55      0.03     -9.00     -9.00         TNG              kann10  0       NNN
    050408   -9.00e+00   -9.00e+00    2.59e+04    1.00e-03   -9.00e+00        RC     21.54      0.03     -9.00     -9.00         TNG              kann10  0       NNN
    050408   -9.00e+00   -9.00e+00    2.61e+04    1.00e-03   -9.00e+00        RC     21.60      0.03     -9.00     -9.00         TNG              kann10  0       NNN
    050408   -9.00e+00   -9.00e+00    2.63e+04    1.00e-03   -9.00e+00        RC     21.66      0.03     -9.00     -9.00         TNG              kann10  0       NNN
    050408   -9.00e+00   -9.00e+00    2.66e+04    1.00e-03   -9.00e+00        RC     21.59      0.03     -9.00     -9.00         TNG              kann10  0       NNN
    050408   -9.00e+00   -9.00e+00    2.68e+04    1.00e-03   -9.00e+00        RC     21.64      0.03     -9.00     -9.00         TNG              kann10  0       NNN
    050408   -9.00e+00   -9.00e+00    2.70e+04    1.00e-03   -9.00e+00        RC     21.66      0.03     -9.00     -9.00         TNG              kann10  0       NNN
    050408   -9.00e+00   -9.00e+00    3.04e+04    1.00e-03   -9.00e+00        RC     21.71      0.03     -9.00     -9.00         TNG              kann10  0       NNN
    050408   -9.00e+00   -9.00e+00    3.06e+04    1.00e-03   -9.00e+00        RC     21.79      0.03     -9.00     -9.00         TNG              kann10  0       NNN
    050408   -9.00e+00   -9.00e+00    4.22e+04    1.00e-03   -9.00e+00        RC     22.15      0.08     -9.00     -9.00         TNG              kann10  0       NNN
    050408   -9.00e+00   -9.00e+00    4.26e+04    1.00e-03   -9.00e+00        RC     22.21      0.11     -9.00     -9.00         TNG              kann10  0       NNN
    050408   -9.00e+00   -9.00e+00    1.15e+05    1.00e-03   -9.00e+00        RC     23.25      0.11     -9.00     -9.00         TNG              kann10  0       NNN
    050408   -9.00e+00   -9.00e+00    2.78e+05    1.00e-03   -9.00e+00        RC     23.95      0.10     -9.00     -9.00         TNG              kann10  0       NNN
    050408   -9.00e+00   -9.00e+00    8.04e+05    1.00e-03   -9.00e+00        RC     24.19    100.00     -9.00     -9.00         TNG              kann10  1       NNN
    050408   -9.00e+00   -9.00e+00    9.02e+05    1.00e-03   -9.00e+00        RC     23.33    100.00     -9.00     -9.00         TNG              kann10  1       NNN
    050408   -9.00e+00   -9.00e+00    3.09e+04    1.00e-03   -9.00e+00        IC     21.13      0.04     -9.00     -9.00         TNG              kann10  0       NNN
    050408   -9.00e+00   -9.00e+00    3.11e+04    1.00e-03   -9.00e+00        IC     21.12      0.04     -9.00     -9.00         TNG              kann10  0       NNN
