  2.042000E+002  7.835144E-013  8.659721E-014  8.659721E-014   R
  2.322000E+002  8.995947E-013  9.114131E-014  9.114131E-014   R
  2.607000E+002  1.004725E-012  9.253861E-014  9.253861E-014   R
  2.887000E+002  1.091560E-012  8.042909E-014  8.042909E-014   R
  3.172000E+002  1.081552E-012  8.965315E-014  8.965315E-014   R
  3.452000E+002  1.032873E-012  8.561800E-014  8.561800E-014   R
  3.738000E+002  1.091560E-012  8.042909E-014  8.042909E-014   R
  4.303000E+002  1.101660E-012  9.132000E-014  9.132000E-014   R
  4.584000E+002  1.185898E-012  7.645767E-014  7.645767E-014   R
  4.868000E+002  1.264874E-012  9.319933E-014  9.319933E-014   R
  5.148000E+002  1.324485E-012  8.539273E-014  8.539273E-014   R
  5.573000E+002  1.207944E-012  5.562787E-014  5.562787E-014   R
  6.138000E+002  1.023405E-012  5.655546E-014  5.655546E-014   R
  6.703000E+002  1.101660E-012  5.073333E-014  5.073333E-014   R
  7.413000E+002  1.061810E-012  3.911853E-014  3.911853E-014   R
  8.255000E+002  1.061810E-012  3.911853E-014  3.911853E-014   R
  9.105000E+002  1.032873E-012  4.756556E-014  4.756556E-014   R
  9.955000E+002  9.333557E-013  4.298262E-014  4.298262E-014   R
  1.123000E+003  9.247993E-013  3.407086E-014  3.407086E-014   R
  1.292200E+003  9.507089E-013  2.626906E-014  2.626906E-014   R
  1.462100E+003  8.280320E-013  3.050582E-014  3.050582E-014   R
  1.631100E+003  7.835144E-013  2.886573E-014  2.886573E-014   R
  1.843100E+003  7.278592E-013  2.681532E-014  2.681532E-014   R
  2.097600E+003  6.398050E-013  2.357129E-014  2.357129E-014   R
  2.351700E+003  5.943572E-013  2.737116E-014  2.737116E-014   R
  2.648200E+003  4.764829E-013  1.755428E-014  1.755428E-014   R
  3.015100E+003  4.592478E-013  2.114914E-014  2.114914E-014   R
