  8.208000E+003  9.737487E-014  7.174845E-015  7.174845E-015   R
  8.553600E+003  1.029075E-013  5.686879E-015  5.686879E-015   R
  8.899200E+003  9.737487E-014  5.381134E-015  5.381134E-015   R
  9.244800E+003  9.827602E-014  5.430934E-015  5.430934E-015   R
  9.590400E+003  8.799283E-014  5.673107E-015  5.673107E-015   R
  9.718272E+003  1.107762E-013  4.081147E-015  4.081147E-015   R
  9.719136E+003  9.737487E-014  8.968558E-015  8.968558E-015   R
  1.055894E+004  1.019639E-013  4.695611E-015  4.695611E-015   R
  1.145837E+004  6.925437E-014  4.464994E-015  4.464994E-015   R
  1.241827E+004  6.143942E-014  3.961146E-015  3.961146E-015   R
  1.270080E+004  6.613734E-014  5.482326E-015  5.482326E-015   R
  1.481846E+004  6.374525E-014  7.632501E-015  7.632501E-015   R
  1.505866E+004  6.736698E-014  4.963782E-015  4.963782E-015   R
  1.511914E+004  2.940677E-014  5.416929E-015  5.416929E-015   R
  1.555200E+004  5.205310E-014  6.711975E-015  6.711975E-015   R
  2.263680E+004  3.770919E-014  4.515088E-015  4.515088E-015   R
  2.915827E+004  3.224381E-014  1.484883E-015  1.484883E-015   R
  5.825866E+004  1.501228E-014  4.148046E-015  4.148046E-015   R
