21.9024	2.5179437760651132e-12	6.078880923578139e-13	8.013525740388882e-13	1.11	0.7029
29.799359999999997	1.663588955297727e-12	5.126665931440793e-13	7.410286828632723e-13	1.11	0.7029
37.817280000000004	2.317640270377699e-12	4.935512535491251e-13	6.270934423527288e-13	1.11	0.7029
53.84447999999999	3.0835147370079446e-12	6.788970988469454e-13	8.705705123278782e-13	1.11	0.7029
69.95808	2.4493228177938246e-12	6.585271776370267e-13	9.006866032924404e-13	1.11	0.7029
77.95872	2.2338089589097328e-12	5.702200036120055e-13	7.656714409901073e-13	1.11	0.7029
85.968	1.7260208133623934e-12	5.208571513611364e-13	7.459653094295039e-13	1.11	0.7029
93.96864	1.7419914873144235e-12	5.256765832449079e-13	7.528676414548193e-13	1.11	0.7029
104.73408	9.312065634912102e-13	3.27193921664687e-13	5.044350172327905e-13	1.11	0.7029
119.68128	1.0790610796766454e-12	3.661324943342829e-13	5.541639552176594e-13	1.11	0.7029
141.9984	1.6483370800797724e-12	4.2076775276952953e-13	5.649921951956436e-13	1.11	0.7029
149.78304	1.2140764315586579e-12	3.18204297011478e-13	4.3122709427456126e-13	1.11	0.7029
156.98016	1.875193238533271e-12	3.2977501764333557e-13	4.001453295703155e-13	1.11	0.7029
178.74432000000002	1.333662771956211e-12	3.67509501337842e-13	5.073043327388104e-13	1.11	0.7029
179.00352	2.3891643643205005e-12	4.019440028691656e-13	4.832429793573572e-13	1.11	0.7029
187.23744	2.2133292752754162e-12	4.38951748233362e-13	5.47541174294414e-13	1.11	0.7029
215.1792	1.89254418794119e-12	4.0302525301014724e-13	5.120734502198197e-13	1.11	0.7029
246.8016	2.2338089589097328e-12	3.2375327520243305e-13	3.786292581899343e-13	1.11	0.7029
252.40032	2.8909862652146927e-12	4.863686270536937e-13	5.847437024203573e-13	1.11	0.7029
306.13248	3.4122907462186264e-12	3.287760092106821e-13	3.6383135139380105e-13	1.11	0.7029
325.39968	2.494859128769233e-12	2.8152985349381686e-13	3.1733973469569343e-13	1.11	0.7029
335.24928	2.71047888480984e-12	3.2790691366732607e-13	3.7303585219810457e-13	1.11	0.7029
364.6598399999999	3.258712363988352e-12	3.9423082016739594e-13	4.4848773793497376e-13	1.11	0.7029
388.99872	3.2888648582490083e-12	4.243833144280529e-13	4.872572393634189e-13	1.11	0.7029
394.17407999999995	3.4757299676350566e-12	4.4849571730569243e-13	5.14941982050374e-13	1.11	0.7029
422.71200000000005	3.258712363988352e-12	3.139786512579242e-13	3.4745624314324123e-13	1.11	0.7029
442.8864	3.381006676615399e-12	3.257617726403035e-13	3.604957255144846e-13	1.11	0.7029
512.32608	3.540348612234684e-12	2.5148375398566073e-13	2.70713512958607e-13	1.11	0.7029
514.34784	3.639536074426686e-12	3.8082371043834775e-13	4.2532800607202513e-13	1.11	0.7029
517.86432	4.027597182605285e-12	5.197066815463859e-13	5.967031085336016e-13	1.11	0.7029
522.7632	4.064864080498711e-12	3.2336167836882765e-13	3.5130841307570684e-13	1.11	0.7029
582.2236800000001	3.917833977871221e-12	3.4472692325578666e-13	3.7798555497350335e-13	1.11	0.7029
587.8223999999999	3.639536074426686e-12	9.918746219201653e-14	1.0196632770319747e-13	1.11	0.7029
621.37152	3.507890501058899e-12	3.379870959015621e-13	3.7402455900220757e-13	1.11	0.7029
651.4128	2.71047888480984e-12	3.058612466488408e-13	3.447660191652429e-13	1.11	0.7029
656.8214399999999	3.2288363094566766e-12	8.799475340243544e-14	9.046004064732471e-14	1.11	0.7029
665.38368	3.0552449039750954e-12	4.186340936702313e-13	4.851037082595881e-13	1.11	0.7029
718.57152	3.1408415560542414e-12	3.0262173688068923e-13	3.348884115808088e-13	1.11	0.7029
719.99712	2.9994803998998395e-12	3.8704218280017295e-13	4.4438388385407644e-13	1.11	0.7029
720.8784	2.864481543820956e-12	2.7599430425990107e-13	3.05421861336381e-13	1.11	0.7029
726.84	3.0835147370079446e-12	1.1153373870745328e-13	1.1571942323139733e-13	1.11	0.7029
789.40224	2.661007069761167e-12	4.271981108514393e-13	5.088963353961697e-13	1.11	0.7029
790.62912	2.382571971142523e-12	2.493009767954685e-13	2.7843509861864904e-13	1.11	0.7029
796.8585599999999	2.6366108103048643e-12	1.1866703423975074e-13	1.2425963926497693e-13	1.11	0.7029
818.06112	2.71047888480984e-12	3.2790691366732607e-13	3.7303585219810457e-13	1.11	0.7029
866.8166399999999	2.4268672912248963e-12	1.3047527456475905e-13	1.3788855467949202e-13	1.11	0.7029
901.4112	2.382571971142523e-12	3.453139875665076e-13	4.0384449816967493e-13	1.11	0.7029
925.00704	2.0561084996068624e-12	2.979985635137668e-13	3.4850913855414693e-13	1.11	0.7029
929.2147199999999	2.1930373505092426e-12	2.8298166680193536e-13	3.249064255558707e-13	1.11	0.7029
935.8243200000001	2.153009907828441e-12	1.7127286018741548e-13	1.8607522393779142e-13	1.11	0.7029
999.05184	1.774377527042054e-12	2.5716636757775323e-13	3.007559102729754e-13	1.11	0.7029
1005.8428799999999	1.9635683731802105e-12	1.5620270497841277e-13	1.6970262116684459e-13	1.11	0.7029
1016.4268800000001	2.2133292752754162e-12	2.6776300514734273e-13	3.046145007896972e-13	1.11	0.7029
1022.0255999999999	2.018580290114935e-12	2.7658880280051887e-13	3.2050484165129695e-13	1.11	0.7029
1068.3791999999999	1.545418220889935e-12	2.3609753783959194e-13	2.7867079593863843e-13	1.11	0.7029
1074.84192	1.8073656682017973e-12	1.7414063330748928e-13	1.9270816657499714e-13	1.11	0.7029
1085.42592	1.9455662701280734e-12	2.353697106988186e-13	2.6776300514734273e-13	1.11	0.7029
1137.60288	1.42247953959769e-12	2.2836488446289576e-13	2.7203784353052025e-13	1.11	0.7029
1155.84192	1.8580013635856866e-12	2.09664283505914e-13	2.3633304701872693e-13	1.11	0.7029
1170.00288	1.5214091659121006e-12	2.5595614068288285e-13	3.0772696476495744e-13	1.11	0.7029
1207.43136	1.545418220889935e-12	2.1175544893372428e-13	2.4537741926686266e-13	1.11	0.7029
1219.76928	1.9817370476410254e-12	2.7154048821177054e-13	3.146549690191071e-13	1.11	0.7029
1276.55136	1.42247953959769e-12	2.6090782394392725e-13	3.1951194771672653e-13	1.11	0.7029
1294.6780800000001	1.7149285416182233e-12	5.501428464722383e-13	8.099821909849971e-13	1.11	0.7029
1316.78784	1.4094381687897496e-12	2.5851580663610184e-13	3.1658264457264385e-13	1.11	0.7029
1345.96512	1.574149690740403e-12	2.2814668909056734e-13	2.668174139546184e-13	1.11	0.7029
1415.8281599999998	1.503301283945026e-12	2.981376219437639e-13	3.7189195458824515e-13	1.11	0.7029
1478.45088	1.7419914873144235e-12	3.195119477167276e-13	3.912795070326314e-13	1.11	0.7029
1484.8963200000003	1.7101965594292547e-12	2.3433361617692737e-13	2.7154048821177054e-13	1.11	0.7029
1517.4518400000002	1.663588955297727e-12	2.7987593227453406e-13	3.364848794790676e-13	1.11	0.7029
1517.6419199999998	1.5214091659121006e-12	3.1291090885980163e-13	3.9393149479120973e-13	1.11	0.7029
1554.3100800000002	1.4758629432523273e-12	2.0222488378134757e-13	2.3433361617692737e-13	1.11	0.7029
1566.9504	1.8580013635856866e-12	2.6928624508921597e-13	3.1493009964186594e-13	1.11	0.7029
1624.0262400000001	1.6332250348943082e-12	1.5736209164197791e-13	1.7414063330748928e-13	1.11	0.7029
1681.45632	1.3965163619880468e-12	2.1334941581588082e-13	2.518207180917258e-13	1.11	0.7029
1693.63008	1.8240890168285735e-12	2.058374790566897e-13	2.3201948277828046e-13	1.11	0.7029
1714.0032	1.8073656682017973e-12	2.332159774613882e-13	2.677677691132235e-13	1.11	0.7029
1753.8249600000001	1.3710270657755169e-12	2.3065642326224106e-13	2.773100143042557e-13	1.11	0.7029
1763.4585599999998	1.603415318496226e-12	2.819796403277753e-13	3.421509516318473e-13	1.11	0.7029
1814.4604800000002	1.4623321504578692e-12	1.7690926311967365e-13	2.0125680483985768e-13	1.11	0.7029
1942.7126400000002	1.790795640156798e-12	2.595458986797044e-13	3.03538770447624e-13	1.11	0.7029
2117.664	1.5887151184964737e-12	9.919618356543094e-14	1.0580226463173652e-13	1.11	0.7029
2132.2655999999997	1.6182515377718841e-12	2.7224853612204285e-13	3.273147323561894e-13	1.11	0.7029
2243.9980800000003	1.6182515377718841e-12	2.0881336898213455e-13	2.397498258138025e-13	1.11	0.7029
2319.0192	1.3710270657755169e-12	2.0945535012175412e-13	2.472244719963672e-13	1.11	0.7029
2539.99584	1.603415318496226e-12	2.068989565081793e-13	2.3755178619879184e-13	1.11	0.7029
2806.99776	1.333662771956211e-12	1.720910563024483e-13	1.9758696952088259e-13	1.11	0.7029
2818.48896	1.4356415807240034e-12	7.718416664101991e-14	8.156957874029735e-14	1.11	0.7029
3516.7046399999995	1.383713023023193e-12	7.439233997284675e-14	7.861912743467638e-14	1.11	0.7029
4011.2668799999997	1.4704356667837823e-12	3.652225554481631e-13	4.859119624412594e-13	1.11	0.7029
4215.3264	1.3952307150383377e-12	2.2399035780080693e-13	2.668267236054034e-13	1.11	0.7029
4420.3795199999995	1.300906334449089e-12	1.6786428320070368e-13	1.9273398467686613e-13	1.11	0.7029
4513.82976	1.2973167588751e-12	6.974743156485182e-14	7.371030690041687e-14	1.11	0.7029
4626.42624	1.2783389695656932e-12	3.350472363842894e-13	4.5405246738546635e-13	1.11	0.7029
5213.82528	1.0991223229430104e-12	7.807462996946977e-14	8.404462322915542e-14	1.11	0.7029
5239.5552	1.0850406986524567e-12	3.0620467936263196e-13	4.2659113214773845e-13	1.11	0.7029
5444.59104	1.0295466466328402e-12	1.9654467682935525e-13	2.429188888844226e-13	1.11	0.7029
5854.654079999999	9.17584414663971e-13	2.8859110163536274e-13	4.2100081445423756e-13	1.11	0.7029
5908.88736	9.226692104009073e-13	7.339873081755456e-14	7.974226190116491e-14	1.11	0.7029
14226.010559999999	3.5763995238366447e-13	1.6096449392205897e-14	1.685505168083535e-14	1.11	0.7029
14226.010559999999	3.4375262906038636e-13	2.1674119082227892e-14	2.3132668545905836e-14	1.11	0.7029
14226.010559999999	3.264720666149526e-13	1.9560519550650246e-14	2.0807178168585607e-14	1.11	0.7029
14226.010559999999	2.925809383253662e-13	2.2141498066089053e-14	2.3954273362994035e-14	1.11	0.7029
18360.	2.2963920166601326e-13	2.0205760605571907e-14	2.2155175940498072e-14	1.11	0.7029
21440.01312	2.2607161061309352e-13	1.1820921041412377e-14	1.247312045578373e-14	1.11	0.7029
21440.01312	2.1569795536999879e-13	9.708007171667606e-15	1.0165531454136013e-14	1.11	0.7029
21440.01312	2.0904800551320017e-13	1.0930784101261884e-14	1.1533871708774676e-14	1.11	0.7029
21440.01312	2.0019168194510557e-13	9.010109904368226e-15	9.434743301940519e-15	1.11	0.7029
33840.00288	1.1853484288333183e-13	1.9941854959629155e-14	2.3975382978260995e-14	1.11	0.7029
38880.	9.959694755635813e-14	1.6755814866566742e-14	2.014492028710692e-14	1.11	0.7029
56592.00000000001	5.768275948075514e-14	9.704329927433909e-15	1.166717073354687e-14	1.11	0.7029
77250.60288	4.667088414917188e-14	7.130031655813726e-15	8.415723496206807e-15	1.11	0.7029
86927.40288000001	4.178746524421552e-14	4.026244268091084e-15	4.455537667173539e-15	1.11	0.7029
87964.20288	4.217411989955362e-14	4.412898923429339e-15	4.92860462374863e-15	1.11	0.7029
89865.00288	3.99067194968543e-14	6.7137559958142855e-15	8.071710056466926e-15	1.11	0.7029
163132.20288	2.2963920166601326e-14	5.54400529345716e-15	7.308422336692186e-15	1.11	0.7029