  6.392742E+001  2.070156E-012  4.104328E-013  4.104328E-013   R
  7.129853E+001  2.069433E-012  5.594926E-013  5.594926E-013   R
  7.951955E+001  1.856688E-012  4.015764E-013  4.015764E-013   R
  8.868850E+001  1.959165E-012  4.943673E-013  4.943673E-013   R
  9.713187E+001  2.431549E-012  5.259111E-013  5.259111E-013   R
  1.063791E+002  2.430858E-012  4.819462E-013  4.819462E-013   R
  1.165067E+002  2.707716E-012  4.392503E-013  4.392503E-013   R
  1.299404E+002  3.015917E-012  7.066629E-013  7.066629E-013   R
  1.397461E+002  3.182757E-012  5.738563E-013  5.738563E-013   R
  1.502918E+002  2.960709E-012  5.338206E-013  5.338206E-013   R
  1.676211E+002  2.959698E-012  4.802908E-013  4.802908E-013   R
  1.802703E+002  2.217704E-012  4.796593E-013  4.796593E-013   R
  1.938741E+002  2.802614E-012  6.566836E-013  6.566836E-013   R
  2.201973E+002  1.989129E-012  5.377815E-013  5.377815E-013   R
  2.283546E+002  2.751157E-012  5.454493E-013  5.454493E-013   R
  1.513892E+003  1.282849E-012  3.468314E-013  3.468314E-013   R
  1.731995E+004  3.235574E-013  6.998107E-014  6.998107E-014   R
  1.896885E+004  3.234647E-013  6.413069E-014  6.413069E-014   R
  5.157987E+004  1.568031E-013  3.108807E-014  3.108807E-014   R
  6.653723E+004  1.714539E-013  3.399275E-014  3.399275E-014   R
  1.048424E+005  7.887355E-014  1.563761E-014  1.563761E-014   R
  1.428296E+005  7.879737E-014  1.562251E-014  1.562251E-014   R
  1.744641E+005  9.601680E-014  1.903646E-014  1.903646E-014   R
