5499.61056		9.656177233539992e-15	4.345995662003114e-16	4.550816127388804e-16	0.53989	7.84
6088.83264		9.894303511641849e-15	1.511578332751321e-15	1.7841470985503767e-15	0.53989	7.84
8183.462399999999	8.598866934360605e-15	1.0402692798250918e-15	1.1834387173328757e-15	0.53989	7.84
10089.0144		8.333073805980823e-15	1.7138779998489208e-15	2.1576445667247644e-15	0.53989	7.84
11943.33984		6.229328423150628e-15	4.955457437517929e-16	5.383735936862984e-16	0.53989	7.84
12667.129920000001	5.799428899458447e-15	5.102868810784395e-16	5.595184388804217e-16	0.53989	7.84
15792.59808		7.324959509870763e-15	1.003676589590635e-15	1.1630377049206279e-15	0.53989	7.84
16467.02784		6.358947338338868e-15	1.6232359350935294e-15	2.1796243373034475e-15	0.53989	7.84
18126.16704		8.410178788576156e-15	2.146849738457557e-15	2.882714605628797e-15	0.53989	7.84
67299.05088		7.114710421317276e-15	1.5664450071204508e-15	2.0087003386793487e-15	0.53989	7.84
68703.11136000001	6.644177534001838e-15	1.5574177582540276e-15	2.0342537364909637e-15	0.53989	7.84
70143.17472		5.5056072653752545e-15	1.4429963748253397e-15	1.9555334092242257e-15	0.53989	7.84
86271.69600000001	4.4957818365292095e-15	1.0538265170691873e-15	1.3764775177371457e-15	0.53989	7.84
246712.57344		2.4934762063882476e-15	6.703982981618397e-16	9.169230770263371e-16	0.53989	7.84
370967.37696		3.8205441997428714e-16	3.997635380682348e-17	4.464812034711549e-17	0.53989	7.84
445818.9801599999	2.3449048688549195e-16	2.8368068930507795e-17	3.227228926146454e-17	0.53989	7.84
569309.01408		1.9866676884456438e-16	3.189396574845434e-17	3.799343180214506e-17	0.53989	7.84
640842.9782400001	1.3005445347071353e-16	2.2871621338313807e-17	2.775217032396628e-17	0.53989	7.84
1.721516976e6		6.224797507165785e-17	0.			0.			0.53989	7.84