91.4976	5.544291148349104e-13	2.5805107023215605e-13	4.827315283855767e-13	0.73757	2.21442
94.9536	2.290055609131759e-13	1.5524129438439686e-13	4.819558489545379e-13	0.73757	2.21442
100.95840000000001	8.16292917484146e-13	3.012469059503599e-13	4.774441704906992e-13	0.73757	2.21442
106.95455999999999	9.201233000822146e-13	3.1777730324623865e-13	4.854258225173815e-13	0.73757	2.21442
112.95936	8.54763617469404e-13	3.1045397442983883e-13	4.875253739021407e-13	0.73757	2.21442
118.96415999999999	5.246214317999359e-13	2.518203875682887e-13	4.842737045035272e-13	0.73757	2.21442
124.49376000000001	1.1062315191516518e-12	3.5487505282822515e-13	5.224869770804653e-13	0.73757	2.21442
124.96032	2.581344857113786e-13	1.6780156999333102e-13	4.795081795764127e-13	0.73757	2.21442
130.96512	4.283966128447308e-13	2.2709556832256263e-13	4.832909461168803e-13	0.73757	2.21442
136.96992	1.28187603505802e-12	3.5323893890364286e-13	4.876054729076092e-13	0.73757	2.21442
142.96608	5.34374872420035e-13	2.5133603716487447e-13	4.745202638834282e-13	0.73757	2.21442
148.4784	5.544291148349104e-13	2.5805107023215605e-13	4.827315283855767e-13	0.73757	2.21442
150.42239999999998	1.7040315380539374e-12	6.911564063506636e-13	6.911563583534894e-13	0.73757	2.21442
166.00032	1.3740483925339803e-12	3.6942791015482324e-13	5.052772016983855e-13	0.73757	2.21442
168.92927999999998	1.2179325246790318e-12	2.775825690848433e-13	2.7758252706981063e-13	0.73757	2.21442
171.00288	1.1641314665106073e-12	3.4377609069402055e-13	4.878380472762239e-13	0.73757	2.21442
175.9968	1.241658106782307e-12	3.6667024490594424e-13	5.203261690133605e-13	0.73757	2.21442
178.93439999999998	8.754763697165542e-13	2.5325502027895584e-13	2.532549824722632e-13	0.73757	2.21442
180.37728	1.0564428992130565e-12	7.5042956291781e-14	8.078113197604628e-14	0.73757	2.21442
186.00192	1.4928013817387578e-12	3.7077768700189575e-13	4.933028117593659e-13	0.73757	2.21442
188.93088000000003	9.24131190397474e-13	2.619878912309931e-13	2.619879342025546e-13	0.73757	2.21442
198.93599999999998	1.0373478911310957e-12	2.7352795698744487e-13	2.735280366464122e-13	0.73757	2.21442
201.00096000000002	1.3867623057739504e-12	3.8214182339479323e-13	5.275025598608273e-13	0.73757	2.21442
206.00351999999998	1.592216163529727e-12	3.9547004279494845e-13	5.261548656145231e-13	0.73757	2.21442
208.94112	2.9589036827849368e-12	3.7520402084048943e-13	3.7520404693953167e-13	0.73757	2.21442
210.99743999999998	4.187955211110712e-12	6.06974115038007e-13	7.098558579017663e-13	0.73757	2.21442
211.45536	1.5411539665386387e-12	4.551134481076316e-13	6.458321617589965e-13	0.73757	2.21442
216.	3.1768889083751895e-12	5.100177881769325e-13	6.075546141175705e-13	0.73757	2.21442
218.94624000000002	2.390328713347902e-12	3.493173230941639e-13	3.493174050562492e-13	0.73757	2.21442
221.00256	2.2387315946106055e-12	4.604438790420857e-13	5.796645000311611e-13	0.73757	2.21442
225.504	2.510996043368379e-12	1.7836512174173467e-13	1.920038488798276e-13	0.73757	2.21442
225.99648	1.651969513786835e-12	3.8722725931079545e-13	5.057849732028399e-13	0.73757	2.21442
228.94271999999998	1.4153584053675486e-12	2.9286502538882017e-13	2.9286500114910254e-13	0.73757	2.21442
230.99904	1.6982515841809304e-12	4.0999601566349075e-13	5.404800104296752e-13	0.73757	2.21442
238.94784	1.3270938249722494e-12	2.8569167872735437e-13	2.856915940551269e-13	0.73757	2.21442
241.00416	1.4928013817387578e-12	3.810644620668651e-13	5.116800075982354e-13	0.73757	2.21442
248.95296000000002	9.244427661092881e-13	2.63547275860593e-13	2.635472432836287e-13	0.73757	2.21442
258.94944	8.386733219105394e-13	2.5918091685452505e-13	2.59180981007265e-13	0.73757	2.21442
265.99968	1.2882555685174395e-12	3.6355307573707907e-13	5.064864406947975e-13	0.73757	2.21442
268.95456	8.489654736289932e-13	2.5855709996381777e-13	2.5855710400355053e-13	0.73757	2.21442
270.58752000000004	1.3057078898630538e-12	9.274914922691544e-14	9.984123273653946e-14	0.73757	2.21442
278.95104	8.212073511947329e-13	2.5013608569945923e-13	2.5013607321963887e-13	0.73757	2.21442
286.00128	1.438805298225781e-12	3.771047823328138e-13	5.110484083643708e-13	0.73757	2.21442
288.95616	1.007094045966824e-12	2.6760192962078155e-13	2.676019698598671e-13	0.73757	2.21442
291.00384	1.3122060277046272e-12	3.528009152672505e-13	4.825359815076174e-13	0.73757	2.21442
298.96128000000004	9.653011606781198e-13	2.691615462208227e-13	2.6916147217539644e-13	0.73757	2.21442
301.00032	1.3122060277046272e-12	3.7031203204637583e-13	5.159027266579076e-13	0.73757	2.21442
308.86271999999997	8.483417258538533e-13	2.5762140841926543e-13	2.576214536780009e-13	0.73757	2.21442
315.64512	8.391624232189082e-13	5.960873899974169e-14	6.416673396156374e-14	0.73757	2.21442
336.56255999999996	4.2430527245906174e-13	2.3193535954307717e-13	2.319353468341478e-13	0.73757	2.21442
360.68543999999997	6.484045121631159e-13	4.6058515327138854e-14	4.9580389541100143e-14	0.73757	2.21442
366.59520000000003	3.588175102335242e-13	2.387568994562798e-13	2.3875689567269486e-13	0.73757	2.21442
396.61920000000003	6.180397787547701e-13	2.55128999094745e-13	2.551289795235764e-13	0.73757	2.21442
409.00032	9.3522913615278e-13	2.8222184805380774e-13	4.0419471569328255e-13	0.73757	2.21442
426.6345600000001	1.150126548375247e-12	3.0424461669083874e-13	3.0424465994352167e-13	0.73757	2.21442
433.99584	9.703268040594465e-13	2.802172683523232e-13	3.9399879638522916e-13	0.73757	2.21442
451.40544000000006	1.0732330257015843e-12	2.7396207600974657e-13	3.6786667634647593e-13	0.73757	2.21442
456.64992	8.431530752949891e-13	2.715007315898359e-13	2.715007951730275e-13	0.73757	2.21442
459.00000000000006	1.0937499051947197e-12	3.0139814254305447e-13	4.160452533469706e-13	0.73757	2.21442
484.00416	1.3769495497970928e-12	3.3242649937448806e-13	4.3822347287513634e-13	0.73757	2.21442
486.66528	1.5184945179972825e-12	3.260738131592875e-13	3.260738144026779e-13	0.73757	2.21442
508.99968	2.0087136389237187e-12	3.68433492271038e-13	4.5118962298691144e-13	0.73757	2.21442
516.68064	2.391663239651622e-12	3.9292579635912487e-13	3.9292579355789116e-13	0.73757	2.21442
519.63552	4.24469049090419e-12	7.141107210260666e-13	8.585499222686455e-13	0.73757	2.21442
534.00384	3.490744226441807e-12	4.783068432811207e-13	5.54251139288201e-13	0.73757	2.21442
546.696	4.0329461989026414e-12	4.802424981032681e-13	4.80242670378068e-13	0.73757	2.21442
558.99936	4.4352492220231915e-12	5.365652881081444e-13	6.104113123775365e-13	0.73757	2.21442
566.77536	4.311270062659895e-12	8.622539092265097e-13	8.622539404897683e-13	0.73757	2.21442
587.0016	5.704610912768442e-12	5.969033003058717e-13	6.666593585905515e-13	0.73757	2.21442
587.31264	5.757957147314741e-12	5.795772461590534e-13	5.795775255286897e-13	0.73757	2.21442
588.8332800000001	7.241791693300664e-12	7.577465716695051e-13	8.462992970294071e-13	0.73757	2.21442
600.9984000000001	8.203553758165867e-12	1.2532781208716282e-12	1.479270028275607e-12	0.73757	2.21442
611.00352	6.280612921865877e-12	7.087294089492546e-13	7.988779868843879e-13	0.73757	2.21442
611.7206399999999	6.278039276386665e-12	3.69278214164115e-13	3.692783098856813e-13	0.73757	2.21442
615.99744	6.760861330662655e-12	7.629225546103197e-13	8.599643628156733e-13	0.73757	2.21442
621.	7.144996631609833e-12	1.0355478482470721e-12	1.2110725778969053e-12	0.73757	2.21442
631.68768	9.176858354459355e-12	7.300230120577381e-13	7.931157061296178e-13	0.73757	2.21442
654.9984	9.802346008001273e-12	1.1858631492008235e-12	1.3490702757833824e-12	0.73757	2.21442
657.72	1.147746635593367e-11	9.130373638030833e-13	9.919471873554442e-13	0.73757	2.21442
661.8240000000001	1.0548988730849704e-11	9.897852032729205e-13	9.89785298427464e-13	0.73757	2.21442
675.	1.234042248467193e-11	1.8852782535808576e-12	2.2252328266469415e-12	0.73757	2.21442
723.6000000000001	1.628718496232114e-11	1.1569375970571583e-12	1.2454030775725219e-12	0.73757	2.21442
726.8832	1.7212582243982417e-11	9.253972816612763e-13	9.779760502383274e-13	0.73757	2.21442
734.0025600000001	1.7334767789980968e-11	1.2313511904531243e-12	1.3255067222844771e-12	0.73757	2.21442
735.2294400000001	1.664205022606697e-11	1.1501265606356317e-12	1.1501275120776757e-12	0.73757	2.21442
746.99712	1.8544965442673506e-11	1.6317559434745018e-12	1.7891848134468054e-12	0.73757	2.21442
760.1385600000001	1.827031471654881e-11	1.006125455174196e-12	1.0061251737525118e-12	0.73757	2.21442
766.9987199999999	1.9064526723260618e-11	1.3542222174836644e-12	1.4577731086458221e-12	0.73757	2.21442
776.0015999999999	2.0797064004154996e-11	1.6544153478072188e-12	1.7973992259630959e-12	0.73757	2.21442
781.00416	1.9861041934981316e-11	1.4108015709569289e-12	1.5186788144694583e-12	0.73757	2.21442
784.4342399999999	1.970305766460841e-11	7.039366763222755e-13	7.039359404739642e-13	0.73757	2.21442
785.99808	2.1379720749450775e-11	1.5186788144694583e-12	1.6348049144529664e-12	0.73757	2.21442
791.00064	1.9498537065901517e-11	1.3850515402963236e-12	1.4909598022134164e-12	0.73757	2.21442
793.4371199999999	2.3542144898033996e-11	8.515423669478049e-13	8.834994029813249e-13	0.73757	2.21442
796.0377599999999	2.2900556091317635e-11	1.2311989017711165e-12	1.3011525567163433e-12	0.73757	2.21442
828.7833599999999	2.6293356410538817e-11	1.8677121095234983e-12	2.0105271149772378e-12	0.73757	2.21442
834.14016	2.111644610871687e-11	1.3900100825157965e-12	1.3900096107069215e-12	0.73757	2.21442
835.0041600000001	2.124858567840732e-11	1.509363816553369e-12	1.624777643231267e-12	0.73757	2.21442
853.0704	3.07500643099936e-11	8.380246214841575e-13	8.615029691169832e-13	0.73757	2.21442
865.18368	2.8303883525516058e-11	1.2738846030339844e-12	1.3339209347593822e-12	0.73757	2.21442
917.9136	3.371677504590872e-11	6.154004993202959e-13	6.268416488118556e-13	0.73757	2.21442
922.19904	2.9342264550663996e-11	2.957766263156653e-13	2.9878848141162093e-13	0.73757	2.21442
927.18432	2.928829082915474e-11	2.685166643183079e-13	2.710012184229411e-13	0.73757	2.21442
933.91488	3.249720637224726e-11	2.3083939881787985e-12	2.484905827626717e-12	0.73757	2.21442
934.61472	3.046814602584861e-11	1.1020625901223872e-12	1.1434212532619755e-12	0.73757	2.21442
945.	2.961376518178325e-11	2.9851341374316947e-13	3.015531371911531e-13	0.73757	2.21442
947.3500800000002	2.771645156545273e-11	3.253014284668375e-13	3.2530071078911695e-13	0.73757	2.21442
949.98528	2.955929204757769e-11	2.710012184229411e-13	2.735087618237079e-13	0.73757	2.21442
967.80096	3.1585927077913646e-11	3.7593715889348257e-13	3.804654765188828e-13	0.73757	2.21442
972.78624	3.152782624425873e-11	2.890488484185806e-13	2.9172338448366003e-13	0.73757	2.21442
1003.8556799999999	3.371677504590872e-11	9.188757252885255e-13	9.446192215493834e-13	0.73757	2.21442
1015.00128	3.217315330526818e-11	3.829263524985014e-13	3.8753885783404545e-13	0.73757	2.21442
1020.18528	3.2113972296468587e-11	2.9442266772619415e-13	2.971469271289857e-13	0.73757	2.21442
1021.66272	3.530579769878117e-11	6.444034313230611e-13	6.563837855781903e-13	0.73757	2.21442
1036.99872	3.217315330526818e-11	3.5363298340056946e-13	3.575631585158337e-13	0.73757	2.21442
1039.02912	3.563247822273441e-11	2.5311036761460572e-12	2.7246450594618348e-12	0.73757	2.21442
1041.7852799999998	3.2113972296468587e-11	2.9442266772619415e-13	2.971469271289857e-13	0.73757	2.21442
1054.99584	3.128455835333192e-11	2.488700014520485e-12	2.703787465271162e-12	0.73757	2.21442
1058.99616	3.527716110039861e-11	4.840207957681366e-13	4.907541957626473e-13	0.73757	2.21442
1063.9900799999998	3.5212270414624094e-11	6.426963660034383e-13	6.546449835447106e-13	0.73757	2.21442
1066.35744	3.066024552891329e-11	1.6870986288886047e-12	1.6870985675253025e-12	0.73757	2.21442
1073.07936	3.4343616694720576e-11	9.359589004708766e-13	9.621810040605889e-13	0.73757	2.21442
1074.9974399999999	3.043196728529212e-11	2.4208760299385043e-12	2.6301017505254746e-12	0.73757	2.21442
1081.28736	3.629493545270322e-11	6.624572299687258e-13	6.747732294003321e-13	0.73757	2.21442
1115.856	3.7613316498704724e-11	6.698856246197989e-12	6.698854532760704e-12	0.73757	2.21442
1134.	3.04031112308022e-11	1.8983092484604943e-12	2.0247292813035557e-12	0.73757	2.21442
1140.3590399999998	2.9653613885372504e-11	1.5607879435862943e-12	1.5607887741470786e-12	0.73757	2.21442
1141.80192	3.402875252428168e-11	6.210947300319767e-13	6.326417431764277e-13	0.73757	2.21442
1142.30304	3.190406550984967e-11	1.4359194840010639e-12	1.5035922844000267e-12	0.73757	2.21442
1144.11744	3.018881238406846e-11	2.1444204224629948e-12	2.3083939881787985e-12	0.73757	2.21442
1147.0032	2.8855328868103773e-11	3.256150383433012e-12	3.670324429130536e-12	0.73757	2.21442
1159.00416	3.303071907882333e-11	3.9959732614221375e-12	4.545928215614675e-12	0.73757	2.21442
1164.456	2.989088876486157e-11	1.3201001249007107e-12	1.320098637664896e-12	0.73757	2.21442
1166.9961600000001	3.163923894641673e-11	1.7010152979853185e-12	1.7976627503512488e-12	0.73757	2.21442
1181.0016	3.2359516828756195e-11	2.5742134215879888e-12	2.7966914218721452e-12	0.73757	2.21442
1186.0041600000002	3.388457387252416e-11	2.115684788772195e-12	2.256581189450211e-12	0.73757	2.21442
1190.85984	2.9807065943310506e-11	9.472107014012415e-13	9.47212947634641e-13	0.73757	2.21442
1190.99808	2.8183960946417672e-11	1.7597499583736602e-12	1.876942479936515e-12	0.73757	2.21442
1196.00064	3.176888908375197e-11	1.983585676583756e-12	2.115684788772195e-12	0.73757	2.21442
1201.0031999999999	2.8973571198677427e-11	3.0316564152390995e-12	3.385945630078771e-12	0.73757	2.21442
1204.0272	3.34076577942497e-11	6.097584736295045e-13	6.210947300319767e-13	0.73757	2.21442
1211.52672	3.07500643099936e-11	1.112259849718107e-12	1.1540011998560716e-12	0.73757	2.21442
1235.0016	3.043196728529212e-11	2.161692593669076e-12	2.3269868796460095e-12	0.73757	2.21442
1241.75808	2.8503673087303963e-11	1.6209097721623523e-12	1.6209088368240165e-12	0.73757	2.21442
1249.1884799999998	2.8044391961605462e-11	1.992094491592543e-12	2.1444204224629948e-12	0.73757	2.21442
1255.0032	2.6505135476224e-11	2.773371064694478e-12	3.097476214615304e-12	0.73757	2.21442
1263.6432	2.653664584197922e-11	4.843483719663021e-13	4.933530805029038e-13	0.73757	2.21442
1280.64672	2.7280104423164725e-11	1.4666558520269253e-12	1.549987584412789e-12	0.73757	2.21442
1309.0032	2.575834930990153e-11	1.6082996358124143e-12	1.715406153333502e-12	0.73757	2.21442
1315.16352	2.5435110480714565e-11	1.4352703712579157e-12	1.435270764861769e-12	0.73757	2.21442
1323.3628800000001	2.7787279430652607e-11	7.572805081704853e-13	7.784967046527619e-13	0.73757	2.21442
1327.00032	2.6559875099443016e-11	2.3369811168118682e-12	2.5624488393825556e-12	0.73757	2.21442
1341.6624000000002	2.4663256996204448e-11	1.1846596190767225e-12	1.1846598807829738e-12	0.73757	2.21442
1347.00192	2.513194082032696e-11	1.5691879468787845e-12	1.6736897776221918e-12	0.73757	2.21442
1349.9654400000002	2.5109960433683787e-11	1.3499827509074622e-12	1.4266854082954335e-12	0.73757	2.21442
1355.9961600000001	2.6915473748546594e-11	2.1411374631631287e-12	2.3261866036669283e-12	0.73757	2.21442
1360.99872	2.3878224352873044e-11	1.696156553063892e-12	1.825853526243563e-12	0.73757	2.21442
1365.86304	2.4368007989650125e-11	8.155938967458432e-13	8.155929210282695e-13	0.73757	2.21442
1366.00128	2.4547203805073932e-11	1.7436765807236996e-12	1.8770071829700765e-12	0.73757	2.21442
1371.00384	2.4547203805073932e-11	1.7436765807236996e-12	1.8770071829700765e-12	0.73757	2.21442
1384.2662400000002	2.2482573836664864e-11	1.5970184541051757e-12	1.7191348113691156e-12	0.73757	2.21442
1385.57952	2.58134485711378e-11	4.711485341711052e-13	4.799078394010175e-13	0.73757	2.21442
1419.1804800000002	2.2276452360777874e-11	1.0026055133753172e-12	1.0498568554885186e-12	0.73757	2.21442
1445.9904000000001	2.3326309216266394e-11	6.357066851802042e-13	6.535168331932018e-13	0.73757	2.21442
1483.99776	2.2434584386294542e-11	1.4007704245322376e-12	1.4940563015401443e-12	0.73757	2.21442
1488.8016	2.2276452360777874e-11	1.0026055133753172e-12	1.0498568554885186e-12	0.73757	2.21442
1488.9657599999998	2.092057555322902e-11	1.2947457455826953e-12	1.2947452130673738e-12	0.73757	2.21442
1489.32	2.2276452360777874e-11	1.5823769009106737e-12	1.7033736886817203e-12	0.73757	2.21442
1505.7014399999998	2.2482573836664864e-11	6.127125536885138e-13	6.298784912584308e-13	0.73757	2.21442
1506.9974399999999	1.9064526723260618e-11	1.3542222174836644e-12	1.4577731086458221e-12	0.73757	2.21442
1514.06496	1.84875443306513e-11	1.0149196418268742e-12	1.014918927729049e-12	0.73757	2.21442
1526.9990400000002	1.9963010187005446e-11	1.923446537605053e-12	2.128531685723196e-12	0.73757	2.21442
1530.99936	2.0797064004154996e-11	1.4772906005840558e-12	1.5902519419510632e-12	0.73757	2.21442
1536.00192	2.0230286272753645e-11	1.4370303304299502e-12	1.5469131616388233e-12	0.73757	2.21442
1538.36928	2.012161468876767e-11	7.142293764292013e-13	7.142298494543744e-13	0.73757	2.21442
1540.99584	2.0230286272753645e-11	1.4370303304299502e-12	1.5469131616388233e-12	0.73757	2.21442
1545.9984	2.2387315946106057e-11	1.5902519419510632e-12	1.711850896417606e-12	0.73757	2.21442
1557.7142399999998	2.1869861282976347e-11	1.1757858231091483e-12	1.2425910449469944e-12	0.73757	2.21442
1567.9094400000001	2.1078807047162817e-11	5.74456011504842e-13	5.905501423837016e-13	0.73757	2.21442
1575.00288	2.0106201395373986e-11	2.268863948221933e-12	2.5574576708440957e-12	0.73757	2.21442
1588.26528	1.7545220410861163e-11	1.2622456994874446e-12	1.2622465855432653e-12	0.73757	2.21442
1594.36512	1.887322112984802e-11	1.3406330899543578e-12	1.443144885576944e-12	0.73757	2.21442
1594.99584	1.735122048129011e-11	1.5267193262992673e-12	1.6740144529175185e-12	0.73757	2.21442
1603.31616	2.0694075459867202e-11	9.313868211259084e-13	9.752817296793178e-13	0.73757	2.21442
1626.32448	1.95815032202343e-11	1.0527571978446608e-12	1.1125722396329448e-12	0.73757	2.21442
1627.52544	2.1273846847402602e-11	5.797713875353608e-13	5.960144355737459e-13	0.73757	2.21442
1637.3663999999999	1.9901454974575005e-11	5.094598443014573e-12	5.094599840731012e-12	0.73757	2.21442
1659.00096	1.8151730226722254e-11	1.2893829841999296e-12	1.3879759295374477e-12	0.73757	2.21442
1661.7744	1.7796263536486763e-11	1.1883273145813416e-12	1.1883284758191047e-12	0.73757	2.21442
1686.67488	1.6141980873678937e-11	9.463201511120993e-13	9.463210367321172e-13	0.73757	2.21442
1687.0032000000003	1.6604508635704684e-11	1.0367521951953096e-12	1.1057958700722707e-12	0.73757	2.21442
1688.0313600000002	1.8358873457788435e-11	5.003302700521052e-13	5.143476720595857e-13	0.73757	2.21442
1695.43584	1.674349159186656e-11	9.001776366267244e-13	9.51323487789729e-13	0.73757	2.21442
1699.4016	1.7532588039893662e-11	1.2454030775725219e-12	1.3406330899543578e-12	0.73757	2.21442
1700.9999999999998	1.9861041934981316e-11	2.0781647792961217e-12	2.321025864827837e-12	0.73757	2.21442
1711.6703999999997	1.652800472709771e-11	6.322018532614945e-13	6.322017212246941e-13	0.73757	2.21442
1715.99904	1.6826819200712132e-11	1.3385806734485944e-12	1.4542683429131795e-12	0.73757	2.21442
1721.0015999999998	1.438805298225781e-11	1.623605277527096e-12	1.830123738661678e-12	0.73757	2.21442
1755.	1.7673803754470277e-11	1.5551031577441801e-12	1.705136705219944e-12	0.73757	2.21442
1761.5750400000002	1.5990499435263177e-11	1.2129878538393829e-12	1.2129869614745365e-12	0.73757	2.21442
1764.74592	1.5989910334344834e-11	1.1358211061133503e-12	1.2226719096375825e-12	0.73757	2.21442
1775.0016	1.3656205025870715e-11	1.9792386839201437e-12	2.3147184355275737e-12	0.73757	2.21442
1805.4403200000002	1.4854089228231485e-11	1.0551396289745116e-12	1.1358211061133503e-12	0.73757	2.21442
1814.1494400000001	1.674349159186656e-11	4.563066295453879e-13	4.690906521158553e-13	0.73757	2.21442
1833.95232	1.3926629707876795e-11	1.107869357296596e-12	1.2036176573871873e-12	0.73757	2.21442
1834.00416	1.5955779588728665e-11	1.2692890992953593e-12	1.3789882012523031e-12	0.73757	2.21442
1835.8704	1.553557129637706e-11	1.1364832141827738e-12	1.13648270765245e-12	0.73757	2.21442
1846.9987199999998	1.5283612862906225e-11	1.5992044151594388e-12	1.7860926369799466e-12	0.73757	2.21442
1860.5721599999997	1.381927401746235e-11	9.102624968862157e-13	9.102620565609506e-13	0.73757	2.21442
1867.00032	1.525618787920481e-11	1.2136362792048076e-12	1.3185255514793736e-12	0.73757	2.21442
1902.76128	1.4316802317669687e-11	8.939124039542161e-13	9.53443502777185e-13	0.73757	2.21442
1909.4659199999999	1.3547090384906972e-11	9.622987786587264e-13	1.0358811603445942e-12	0.73757	2.21442
1971.57024	1.1799022475098067e-11	8.381271988709566e-13	9.022147741815966e-13	0.73757	2.21442
2014.77024	1.1372240311891075e-11	5.118351275810075e-13	5.359571739853239e-13	0.73757	2.21442
2040.48288	1.1164673533727986e-11	7.930671015231159e-13	8.537091468638739e-13	0.73757	2.21442
2109.2832	1.1690848386834904e-11	7.299531106077949e-13	7.785651564542104e-13	0.73757	2.21442
2118.06144	1.2241821096789648e-11	5.509727099547433e-13	5.769392537905522e-13	0.73757	2.21442
2178.1958400000003	9.634873752428903e-12	9.283251566656998e-13	1.0273066976310562e-12	0.73757	2.21442
2217.96576	1.1062315191516519e-11	4.978861993859529e-13	5.213508530575719e-13	0.73757	2.21442
2230.00128	1.1267978986018932e-11	5.071425949255024e-13	5.310434890791337e-13	0.73757	2.21442
2246.99616	9.996455300964113e-12	9.631637291593744e-13	1.0658598905524063e-12	0.73757	2.21442
2300.23584	9.54654069891542e-12	6.781252795963559e-13	7.299782739684817e-13	0.73757	2.21442
2317.3776000000003	9.54654069891542e-12	5.132491271106993e-13	5.424106641191917e-13	0.73757	2.21442
2350.9008	9.459017487704313e-12	4.257259158995942e-13	4.4578976018358225e-13	0.73757	2.21442
2374.89408	8.08809099033007e-12	5.745263270957888e-13	6.184576054331322e-13	0.73757	2.21442
2384.5104	9.033291571804738e-12	8.703623969632768e-13	9.631637291593744e-13	0.73757	2.21442
2417.37696	9.634873752428903e-12	5.179981628127909e-13	5.47429528201067e-13	0.73757	2.21442
2453.7168	9.459017487704313e-12	9.113813130102556e-13	1.0085562372499438e-12	0.73757	2.21442
2466.81504	8.3916242321891e-12	4.511575394740847e-13	4.76791187129963e-13	0.73757	2.21442
2495.3788799999998	7.867668056499068e-12	5.588688896692042e-13	6.016029187088302e-13	0.73757	2.21442
2516.68512	1.0467573724954258e-11	4.711184239901451e-13	4.933215512728508e-13	0.73757	2.21442
2581.82208	8.013938926418408e-12	4.3085210532542284e-13	4.553320487894918e-13	0.73757	2.21442
2615.69088	9.033291571804738e-12	5.640205965968398e-13	6.015821806241857e-13	0.73757	2.21442
2660.53248	7.513564663234284e-12	7.23935909524136e-13	8.011246955549121e-13	0.73757	2.21442
2690.496	6.544041252457673e-12	4.648468952232206e-13	5.003915123716284e-13	0.73757	2.21442
2715.0854399999994	7.867668056499068e-12	4.912414036211691e-13	5.239561756900319e-13	0.73757	2.21442
2742.30144	8.787109298040908e-12	4.724199392517134e-13	4.992616635028634e-13	0.73757	2.21442
2831.82048	7.308799166829864e-12	4.563467517586633e-13	4.86737675361801e-13	0.73757	2.21442
2867.8406400000003	6.7273810631384766e-12	7.039210947787059e-13	7.861836000958063e-13	0.73757	2.21442
2884.5936	6.7273810631384766e-12	4.778701844229605e-13	5.14410630162188e-13	0.73757	2.21442
2937.04704	5.647367216573068e-12	6.372714382041817e-13	7.183307440370731e-13	0.73757	2.21442
3055.65696	6.23295553036215e-12	4.958342816837427e-13	5.386870686889794e-13	0.73757	2.21442
3075.15744	6.789628753710147e-12	8.76109319909734e-13	1.0059080884815187e-12	0.73757	2.21442
3080.6870400000003	5.859303961753646e-12	4.1620753135799633e-13	4.480329291576307e-13	0.73757	2.21442
3094.9344	6.852452415071201e-12	2.4785989442340606e-13	2.57161683605937e-13	0.73757	2.21442
3115.6531199999995	5.843782296126107e-12	4.648753842380622e-13	5.05052529225073e-13	0.73757	2.21442
3133.7020800000005	6.1922150185862096e-12	4.925933565249833e-13	5.351660445522665e-13	0.73757	2.21442
3144.3552	5.96823655543362e-12	7.701198194060366e-13	8.842158596375805e-13	0.73757	2.21442
3175.6579199999996	5.952426320497167e-12	4.735180629032383e-13	5.14442156783596e-13	0.73757	2.21442
3213.2592	5.752359611980489e-12	6.491191988076529e-13	7.316855096506708e-13	0.73757	2.21442
3235.66272	5.428677324760819e-12	4.31853605998566e-13	4.69176823208283e-13	0.73757	2.21442
3274.7673600000003	5.103240413172836e-12	3.6250160567830757e-13	3.9022036839765755e-13	0.73757	2.21442
3284.90208	5.443096430395651e-12	3.8664280655623334e-13	4.1620753135799633e-13	0.73757	2.21442
3295.66752	5.478908257593928e-12	4.3584949821668924e-13	4.735180629032383e-13	0.73757	2.21442
3355.6636799999997	5.280730796442064e-12	4.200843963131775e-13	4.563904522363437e-13	0.73757	2.21442
3360.00096	5.329587888169053e-12	3.3276877164940633e-13	3.5492988110782603e-13	0.73757	2.21442
3415.6684799999994	5.280730796442064e-12	4.200843963131775e-13	4.563904522363437e-13	0.73757	2.21442
3436.1020799999997	5.34374872420035e-12	1.9328860886248849e-13	2.005424241487544e-13	0.73757	2.21442
3475.67328	5.136816221752535e-12	4.5198414773496313e-13	4.955907629937359e-13	0.73757	2.21442
3497.84352	4.6972754528584185e-12	3.336644477064445e-13	3.5917817098098835e-13	0.73757	2.21442
3524.0572800000004	5.859303961753646e-12	1.0694434977315803e-13	1.0893259367997387e-13	0.73757	2.21442
3557.90016	5.198116736027584e-12	1.8802095765869736e-13	1.950770863402031e-13	0.73757	2.21442
3576.97728	5.010095778368886e-12	2.2549145476930895e-13	2.361185396304733e-13	0.73757	2.21442
3678.90336	5.544291148349104e-12	2.9807683034974433e-13	3.150128134045425e-13	0.73757	2.21442
3692.90016	5.056453623839406e-12	3.5917817098098835e-13	3.86642806556222e-13	0.73757	2.21442
3703.34592	4.740738807494528e-12	1.7147715141081037e-13	1.779124172522347e-13	0.73757	2.21442
3708.00288	4.914661697561776e-12	2.0387295670954183e-13	2.126961463629086e-13	0.73757	2.21442
3712.9968	4.9056214075283095e-12	2.2078933351073798e-13	2.311948142242251e-13	0.73757	2.21442
3730.00032	4.960136502354754e-12	2.1450919492053844e-13	2.2420531973702512e-13	0.73757	2.21442
3735.1929600000003	4.951012563547518e-12	2.2283227206064898e-13	2.3333403350176216e-13	0.73757	2.21442
3751.99776	4.914661697561776e-12	2.5994098127678786e-13	2.744572794320735e-13	0.73757	2.21442
3756.79296	4.9056214075283095e-12	2.6374013213344704e-13	2.7872518952096007e-13	0.73757	2.21442
3797.99712	4.482224739943655e-12	3.337005348040775e-13	3.6054286268312567e-13	0.73757	2.21442
3799.8979200000003	4.9641629441802826e-12	2.2342413668577414e-13	2.339537918473013e-13	0.73757	2.21442
3802.9996800000004	4.473979897442223e-12	3.1780295758924243e-13	3.421038286334961e-13	0.73757	2.21442
3820.9968	4.650435533774035e-12	6.776636521287462e-13	7.932575092888215e-13	0.73757	2.21442
3825.80064	4.641881275394862e-12	6.727631116420203e-13	7.867960493659782e-13	0.73757	2.21442
3843.00288	3.976432625346303e-12	3.532216069974191e-13	3.876566710933165e-13	0.73757	2.21442
3847.9968	4.00584396194695e-12	3.524708478829163e-13	3.8647659947971156e-13	0.73757	2.21442
3886.95456	4.527370413421373e-12	3.2159547885092473e-13	3.4618634584364933e-13	0.73757	2.21442
3921.696	4.8288757223278705e-12	2.1733520868585268e-13	2.2757790151154633e-13	0.73757	2.21442
4042.6992	4.8288757223278705e-12	2.1733520868585268e-13	2.2757790151154633e-13	0.73757	2.21442
4046.61312	4.996823718762252e-12	1.8729459791782433e-12	2.9958857781561093e-12	0.73757	2.21442
4083.0048	4.016483880989547e-12	2.8530536250682406e-13	3.0712129800065463e-13	0.73757	2.21442
4163.59872	4.363611005151974e-12	2.346001143324269e-13	2.479295084900442e-13	0.73757	2.21442
4197.89088	3.696970868210348e-12	1.6639109833223813e-13	1.7423286920523168e-13	0.73757	2.21442
4221.00288	3.505190519508209e-12	3.3480826560218864e-13	3.701656975261909e-13	0.73757	2.21442
4235.976000000001	3.4922878128625166e-12	3.364837686824931e-13	3.723609413464862e-13	0.73757	2.21442
4238.0928	3.835712328219632e-12	7.000963997361249e-14	7.131121635789149e-14	0.73757	2.21442
4277.05056	3.80054630621902e-12	2.6996653634089633e-13	2.9060958521510957e-13	0.73757	2.21442
4288.99968	3.746574978734614e-12	3.0755714155655513e-13	3.3506249331712096e-13	0.73757	2.21442
4303.77408	3.736233657186441e-12	2.972189874593935e-13	3.229063238014117e-13	0.73757	2.21442
4345.90272	4.12901089081953e-12	1.858361024851106e-13	1.9459428817067983e-13	0.73757	2.21442
4355.00064	4.3600716721246145e-12	3.9095716406302583e-13	4.29466384147687e-13	0.73757	2.21442
4369.7750399999995	4.3923205614266535e-12	3.8647659947971934e-13	4.237631646490653e-13	0.73757	2.21442
4422.99744	3.4412135824203344e-12	1.214158161213886e-13	1.2585638793997213e-13	0.73757	2.21442
4438.17792	3.4285463767115363e-12	1.2401386999615436e-13	1.2866791407657146e-13	0.73757	2.21442
4472.098559999999	3.132175068826968e-12	2.2248971237657503e-13	2.395024357638897e-13	0.73757	2.21442
4491.00288	3.5126463561607082e-12	5.1384723129189623e-14	5.214756340276777e-14	0.73757	2.21442
4505.976	3.535363129975425e-12	6.452764929335755e-14	6.572730786159114e-14	0.73757	2.21442
4558.99968	3.903854550491288e-12	4.2909431921491255e-14	4.338631498801649e-14	0.73757	2.21442
4573.774079999999	3.896673592867611e-12	3.572491823431198e-14	3.605547683283259e-14	0.73757	2.21442
4588.69536	3.835712328219632e-12	1.726354926588667e-13	1.807715527699307e-13	0.73757	2.21442
4614.7536	3.498211219987397e-12	1.574454405624332e-13	1.6486561557336877e-13	0.73757	2.21442
4630.0032	3.6367347668456615e-12	3.473730894130144e-13	3.8405742974452595e-13	0.73757	2.21442
4660.104960000001	3.6233478420598063e-12	2.5737948917462126e-13	2.7706006679829726e-13	0.73757	2.21442
4660.89984	3.3101374546588424e-12	1.1973090367386872e-13	1.2422421481321526e-13	0.73757	2.21442
4678.136640000001	3.4343616694720575e-12	2.43955118487084e-13	2.626091987382902e-13	0.73757	2.21442
4729.00032	3.5126463561607082e-12	2.5787015294342445e-14	2.597772277428002e-14	0.73757	2.21442
4759.10208	3.5029507259757433e-12	3.211524529367582e-14	3.2412403999696756e-14	0.73757	2.21442
4827.003839999999	3.4953738143403404e-12	2.2463017766621997e-14	2.2608310057941953e-14	0.73757	2.21442
4830.598080000001	3.3407657794249636e-12	1.7960905151390537e-13	1.898139904531457e-13	0.73757	2.21442
4856.90688	3.488944237901194e-12	3.198683303914204e-14	3.228280356121598e-14	0.73757	2.21442
4872.16512	3.4343616694720575e-12	2.43955118487084e-13	2.626091987382902e-13	0.73757	2.21442
4926.00096	3.2263511125946032e-12	3.0817412469295615e-13	3.407188577657034e-13	0.73757	2.21442
4955.91264	3.214474821788119e-12	8.760336299277445e-14	9.00576849272624e-14	0.73757	2.21442
4968.9072	3.0188812384068457e-12	2.656288262516165e-13	2.9125621625199664e-13	0.73757	2.21442
5027.996160000001	3.2631303935183293e-12	9.477107471454381e-14	9.760584050302809e-14	0.73757	2.21442
5057.90784	3.2541234789778343e-12	8.868389897471005e-14	9.116849352740394e-14	0.73757	2.21442
5068.19808	2.7787279430652613e-12	1.9738308595147584e-13	2.1247602578567072e-13	0.73757	2.21442
5106.91392	2.9366083435726227e-12	1.3216914741208144e-13	1.383980874267314e-13	0.73757	2.21442
5120.0208	3.1034591151904725e-12	1.1225514633952772e-13	1.1646790414906306e-13	0.73757	2.21442
5124.00384	3.1878188062792017e-12	7.82968451303216e-14	8.026833657947511e-14	0.73757	2.21442
5153.91552	3.1819549628742397e-12	8.671710655499009e-14	8.914659886489979e-14	0.73757	2.21442
5165.43264	3.388688340582267e-12	8.826485862579156e-14	8.826504590469493e-14	0.73757	2.21442
5166.00288	3.483389419602528e-12	1.2599759640495474e-13	1.3072608659490884e-13	0.73757	2.21442
5223.00096	2.8100343474841992e-12	2.6840844197415584e-13	2.967537195253464e-13	0.73757	2.21442
5252.91264	2.7996905306080213e-12	2.2271658066846187e-13	2.419650000425882e-13	0.73757	2.21442
5262.22656	3.075006430999354e-12	2.1842881746881053e-13	2.351310236594817e-13	0.73757	2.21442
5372.58528	2.67821864028124e-12	9.687378316745452e-14	1.0050930278402129e-13	0.73757	2.21442
5457.25728	2.8565776135305432e-12	2.0291302933261611e-13	2.1842881746881053e-13	0.73757	2.21442
5558.9155200000005	2.629335641053887e-12	1.1833959768550818e-13	1.2391677110135398e-13	0.73757	2.21442
5566.08672	2.3979826049459594e-12	6.53516833193253e-14	6.718259556226603e-14	0.73757	2.21442
5566.08672	2.2493965690460696e-12	8.13628701592825e-14	8.441628978277188e-14	0.73757	2.21442
5566.08672	2.182378268342733e-12	5.947586658116091e-14	6.114216019062912e-14	0.73757	2.21442
5575.90176	2.526029559731871e-12	1.7702214100197634e-13	1.7702211575434804e-13	0.73757	2.21442
5575.9968	2.5546418847070045e-12	1.8146544355405203e-13	1.9534123746183951e-13	0.73757	2.21442
5610.029759999999	2.5576789452129926e-12	1.816811769353551e-13	1.9557346694223638e-13	0.73757	2.21442
5652.27936	2.4201708648033978e-12	1.7191348113690677e-13	1.8505888219789444e-13	0.73757	2.21442
5747.742719999999	2.0885555382559683e-12	9.40004837275072e-14	9.843059004167096e-14	0.73757	2.21442
5765.999040000001	2.745956343800691e-12	4.51488598080003e-14	4.5903604288695374e-14	0.73757	2.21442
5849.81568	2.534230003696669e-12	6.90648031884486e-14	7.099974330462303e-14	0.73757	2.21442
5874.31008	2.510996043368379e-12	1.7836512174173467e-13	1.920038488798276e-13	0.73757	2.21442
5968.99584	2.6564009591990756e-12	3.161660656722305e-14	3.199744159080834e-14	0.73757	2.21442
5986.2672	2.3847059120448583e-12	6.503742671025309e-13	6.503744058997728e-13	0.73757	2.21442
6007.927680000001	2.311245232792334e-12	1.0402317099826957e-13	1.0892563201106354e-13	0.73757	2.21442
6069.332160000001	2.1669357189546515e-12	1.53925273732961e-13	1.6569520267198278e-13	0.73757	2.21442
6103.002239999999	2.562781783867995e-12	2.447914084550565e-13	2.7064260882629904e-13	0.73757	2.21442
6133.12992	2.5533481107566086e-12	1.5942593165524035e-13	1.7004308032699976e-13	0.73757	2.21442
6172.00128	2.5275143407042522e-12	3.467879682895514e-14	3.516122694852742e-14	0.73757	2.21442
6263.352	2.107880704716277e-12	1.4973038269284742e-13	1.611795483923327e-13	0.73757	2.21442
6298.17984	1.9224100507704223e-12	6.953544853145856e-14	7.214500375803902e-14	0.73757	2.21442
6374.998079999999	2.4346381802520653e-12	4.2234684171977335e-14	4.298028103723452e-14	0.73757	2.21442
6377.037119999999	2.0885555382559683e-12	7.554509303427796e-14	7.838018069868304e-14	0.73757	2.21442
6393.00384	2.191349395772749e-12	2.0931298497007716e-13	2.3141748589563817e-13	0.73757	2.21442
6396.41664	2.386909914413303e-12	1.3016315042101246e-13	1.3016318569485383e-13	0.73757	2.21442
6397.00416	2.4673231204455975e-12	1.3265029478296003e-13	1.4018715412899027e-13	0.73757	2.21442
6422.9328000000005	2.1832829759149717e-12	1.9210523649928996e-13	2.1063920318640616e-13	0.73757	2.21442
6458.3740800000005	2.0885555382559683e-12	1.4835764629309244e-13	1.5970184541051744e-13	0.73757	2.21442
6460.93152	2.1869861282976395e-12	9.843059004167096e-14	1.0306948083412855e-13	0.73757	2.21442
6500.0016	2.2320896227517193e-12	2.1320440389842198e-13	2.357198581784327e-13	0.73757	2.21442
6559.52256	2.223873236952154e-12	1.0009078341135721e-13	1.0480791670681154e-13	0.73757	2.21442
6574.003200000001	2.3314946776741954e-12	3.198930622578659e-14	3.24343218041421e-14	0.73757	2.21442
6601.9968	2.4099166842523718e-12	8.716903945429175e-14	9.044035541338401e-14	0.73757	2.21442
6602.039999999999	2.3426080340861617e-12	7.672510038773548e-14	7.672507219146472e-14	0.73757	2.21442
6652.722239999999	1.994555054528461e-12	1.4168045228949757e-13	1.5251407834098154e-13	0.73757	2.21442
6653.38752	2.2072220617940647e-12	1.567869582282669e-13	1.6877570648356322e-13	0.73757	2.21442
6659.99712	2.13616319629548e-12	6.776367596231588e-14	6.99837092464011e-14	0.73757	2.21442
6719.73408	2.1302669442205442e-12	7.70538353140337e-14	7.994554368607546e-14	0.73757	2.21442
6771.99744	2.196010581249697e-12	3.6106682501913913e-14	3.671027070880109e-14	0.73757	2.21442
6817.996799999999	2.0299887373046157e-12	9.136454347169344e-14	9.567042174884774e-14	0.73757	2.21442
6848.4096	1.887322112984806e-12	1.3406330899543232e-13	1.4431448855769052e-13	0.73757	2.21442
6861.222720000001	2.2710465095908507e-12	1.0221393042173093e-13	1.0703112455308274e-13	0.73757	2.21442
6861.222720000001	1.9721049736509004e-12	5.3745335535244395e-14	5.5251080878506944e-14	0.73757	2.21442
6861.222720000001	1.9047852894862595e-12	5.191068724729952e-14	5.336503253717014e-14	0.73757	2.21442
6877.535039999999	2.026254668089026e-12	9.119648267268286e-14	9.549444048839551e-14	0.73757	2.21442
6896.378880000001	2.248257383666486e-12	6.127125536885087e-14	6.298784912584816e-14	0.73757	2.21442
6908.9328	1.85287460223896e-12	6.702028346533075e-14	6.953544853145442e-14	0.73757	2.21442
6975.99648	1.9085855365903234e-12	1.823039888139619e-13	2.0155620429427587e-13	0.73757	2.21442
7012.491840000001	1.728660181299983e-12	1.5547173445049632e-13	1.5547174373011638e-13	0.73757	2.21442
7013.0016000000005	1.6878351552316955e-12	1.6262380547657673e-13	1.7996337098133333e-13	0.73757	2.21442
7059.424319999999	1.6589986338264862e-12	1.1784466728784154e-13	1.2685568494714303e-13	0.73757	2.21442
7065.627840000001	1.919154896442801e-12	1.7594917849904368e-14	1.775772162029846e-14	0.73757	2.21442
7145.798400000001	1.5554140886176525e-12	5.626084625432943e-14	5.837222668683854e-14	0.73757	2.21442
7195.996800000001	1.9662304992250615e-12	2.3402165964142442e-14	2.3684054673725917e-14	0.73757	2.21442
7255.44	1.769481507965629e-12	1.2569266503688566e-13	1.3530378152063046e-13	0.73757	2.21442
7285.2480000000005	1.9608032965277302e-12	1.7976752677011085e-14	1.8143089521560516e-14	0.73757	2.21442
7357.93632	1.5698061579816997e-12	7.065291561838303e-14	7.39826849470403e-14	0.73757	2.21442
7412.999040000001	1.7680462782132406e-12	1.943357787227923e-14	1.9649557059008668e-14	0.73757	2.21442
7449.459839999999	1.6287184962321173e-12	1.1569375970571282e-13	1.2454030775724876e-13	0.73757	2.21442
7502.457599999999	1.7647940398840865e-12	1.617972901057445e-14	1.6329438199864318e-14	0.73757	2.21442
7527.997440000001	1.8259699597387145e-12	2.1200675883790502e-13	2.398555138577641e-13	0.73757	2.21442
7631.00352	1.5874923033863818e-12	1.516338532229601e-13	1.6764714857295084e-13	0.73757	2.21442
7644.47328	1.405549122599596e-12	9.984123273653662e-14	1.0747561392680218e-13	0.73757	2.21442
7690.567679999999	1.5816486987723417e-12	5.720977771846904e-14	5.935677004554712e-14	0.73757	2.21442
7731.00288	1.649052295416934e-12	2.2726565745205856e-13	2.6359296400984275e-13	0.73757	2.21442
7778.2464	1.5698061579816997e-12	4.278157593701876e-14	4.398015732279116e-14	0.73757	2.21442
7778.2464	1.5238072249107214e-12	4.1527977307537297e-14	4.269143750037468e-14	0.73757	2.21442
7778.2464	1.4595736971697282e-12	7.847082515566895e-14	8.292934198695144e-14	0.73757	2.21442
7778.2464	1.4062613101909238e-12	5.086584462944001e-14	5.277475919762544e-14	0.73757	2.21442
7789.003199999999	1.7283608820984563e-12	6.864240687449647e-14	7.148131003299369e-14	0.73757	2.21442
7803.94176	1.4582971545251567e-12	6.563418373747735e-14	6.872742751953029e-14	0.73757	2.21442
7839.486720000001	1.4316802317669688e-12	1.0169741983814328e-13	1.0947373477166982e-13	0.73757	2.21442
7848.97344	1.7235902487241067e-12	6.234394216855434e-14	6.468361155398665e-14	0.73757	2.21442
7928.99712	1.3877512538235664e-12	1.9235572144636389e-13	2.233084250252084e-13	0.73757	2.21442
7947.00288	1.5976940888240671e-12	1.3189036229751111e-14	1.3298818572432677e-14	0.73757	2.21442
7991.395200000001	1.2937370879748453e-12	9.189881991565444e-14	9.89258828128341e-14	0.73757	2.21442
8006.7744	1.5947552053695105e-12	1.4620803605374994e-14	1.4756088235484985e-14	0.73757	2.21442
8034.5001600000005	1.32998281192882e-12	9.447348465188188e-14	1.0169741983814302e-13	0.73757	2.21442
8055.14112	1.32998281192882e-12	1.1702407129268388e-13	1.2831434259633666e-13	0.73757	2.21442
8105.00256	1.544228730886401e-12	1.475014097532379e-13	1.6307829834846214e-13	0.73757	2.21442
8194.3056	1.5385443807212496e-12	1.410545966737688e-14	1.4235975878738166e-14	0.73757	2.21442
8239.51008	1.2129587406361386e-12	8.616084203424048e-14	9.274914922691544e-14	0.73757	2.21442
8325.99648	1.4508898027870281e-12	1.7268557259121032e-14	1.7476564130351274e-14	0.73757	2.21442
8354.698559999999	1.2584791606248248e-12	4.552041998868625e-14	4.722872923822918e-14	0.73757	2.21442
8415.72288	1.4602729094644724e-12	1.3387862505570398e-14	1.3511738872144739e-14	0.73757	2.21442
8434.523519999999	1.1799022475098066e-12	8.381271988709334e-14	9.022147741815706e-14	0.73757	2.21442
8544.000960000001	1.4571143269824158e-12	1.8668110066225987e-14	1.8910384215472754e-14	0.73757	2.21442
8628.53472	1.0276518972883901e-12	7.299782739684631e-14	7.857962186326181e-14	0.73757	2.21442
8633.52864	1.4544340334162533e-12	1.3334331368199073e-14	1.3457712417254742e-14	0.73757	2.21442
8669.94624	1.169084838683488e-12	5.261748531069168e-14	5.509727099547427e-14	0.73757	2.21442
8762.99904	1.308312914510503e-12	1.2496723796733086e-13	1.3816440501221366e-13	0.73757	2.21442
8822.79648	1.3034969772190093e-12	2.3791501101479468e-14	2.423381813084701e-14	0.73757	2.21442
8823.53952	1.0760836391093428e-12	7.64381090129317e-14	8.228296534806371e-14	0.73757	2.21442
8923.003200000001	1.3602991553292992e-12	1.6190343200576058e-14	1.6385362540223745e-14	0.73757	2.21442
8982.99936	1.3690963996570034e-12	1.2551951239170205e-14	1.2668093014026572e-14	0.73757	2.21442
9018.552959999999	1.1267978986018933e-12	8.004052610646531e-14	8.616084203424282e-14	0.73757	2.21442
9081.00288	1.3289040603887514e-12	1.0970162511667233e-14	1.1061475487019617e-14	0.73757	2.21442
9140.80032	1.3264596036037611e-12	1.2161054743360838e-14	1.227357959747103e-14	0.73757	2.21442
9181.95264	1.1477466355933643e-12	5.165710797065567e-14	5.4091632465821465e-14	0.73757	2.21442
9212.56416	9.813999429212757e-13	6.971238395966255e-14	7.5042956291781e-14	0.73757	2.21442
9239.00256	1.2494291335536259e-12	1.193427857543752e-13	1.3194598243872668e-13	0.73757	2.21442
9328.36608	1.2448299491455053e-12	1.141266957290082e-14	1.1518269704291904e-14	0.73757	2.21442
9408.96864	1.32998281192882e-12	2.4274922065766117e-14	2.4726226561874337e-14	0.73757	2.21442
9435.5712	1.3422889913715471e-12	9.534763704263327e-14	1.0263841447820118e-13	0.73757	2.21442
9474.86592	1.2355093272769383e-12	3.367105921775224e-14	3.4614397651030636e-14	0.73757	2.21442
9630.576	9.28637096154377e-13	6.596444831003304e-14	7.100843394203212e-14	0.73757	2.21442
9691.95456	1.0182303280629969e-12	7.23285792925636e-14	7.785919955971181e-14	0.73757	2.21442
9806.140800000001	9.28637096154377e-13	4.1795554222472604e-14	4.376531800795851e-14	0.73757	2.21442
9870.569280000002	1.2135733432494402e-12	2.2150209810416728e-14	2.2562012956482486e-14	0.73757	2.21442
9950.59296	1.0564428992130565e-12	1.447553402514455e-13	1.6773921046590562e-13	0.73757	2.21442
10020.59424	8.787109298040907e-13	6.24180123199447e-14	6.719081896633871e-14	0.73757	2.21442
10060.8912	1.1372240311891075e-12	3.099251203745562e-14	3.1860807494385064e-14	0.73757	2.21442
10151.0928	1.038068537600061e-12	2.829024955938854e-14	2.9082837625116745e-14	0.73757	2.21442
10201.956479999999	9.904807247887877e-13	4.457897601835822e-14	4.667991843169938e-14	0.73757	2.21442
10215.607680000001	1.116467353372801e-12	1.4406493921046142e-13	1.6540868168521905e-13	0.73757	2.21442
10387.12032	1.0467573724954281e-12	5.627664770663617e-14	5.94741466562239e-14	0.73757	2.21442
10409.61024	1.0276518972883901e-12	1.326045116009139e-13	1.5225035022141643e-13	0.73757	2.21442
10488.329280000002	1.0067416318415506e-12	5.4125287899033524e-14	5.720055194293085e-14	0.73757	2.21442
10614.62016	1.0182303280629969e-12	1.3138878613109052e-13	1.5085451062049097e-13	0.73757	2.21442
10636.06464	1.0182303280629969e-12	2.774960327420927e-14	2.8527044432431045e-14	0.73757	2.21442
10711.9584	8.950473856874727e-13	4.0283768218068736e-14	4.218228372420485e-14	0.73757	2.21442
10809.624960000001	9.459017487704334e-13	1.2205576591560125e-13	1.401387696605735e-13	0.73757	2.21442
10975.81536	1.044551912059801e-12	4.701258032817503e-14	4.922821497917035e-14	0.73757	2.21442
10992.879359999999	8.425421340433992e-13	8.179166571816326e-14	8.179165375348334e-14	0.73757	2.21442
10993.000320000001	8.876178521946953e-13	8.552244719243863e-14	9.46411741271283e-14	0.73757	2.21442
11004.62976	9.459017487704334e-13	1.2205576591560125e-13	1.401387696605735e-13	0.73757	2.21442
11094.03648	1.0067694495251517e-12	1.8375613358472132e-14	1.8717241517151726e-14	0.73757	2.21442
11199.634559999999	1.0182303280629969e-12	1.3138878613109052e-13	1.5085451062049097e-13	0.73757	2.21442
11211.21216	9.372296694116777e-13	2.554211045006645e-14	2.625770583121474e-14	0.73757	2.21442
11214.96192	8.706548595763221e-13	3.918592369740093e-14	4.103269938529096e-14	0.73757	2.21442
11277.55872	1.018746262364474e-12	1.8594214828854318e-14	1.8939907092299282e-14	0.73757	2.21442
11296.60128	8.970693704800388e-13	8.267112682649472e-14	8.26710558143983e-14	0.73757	2.21442
11296.99872	9.732536214389259e-13	8.563576924423233e-14	9.389775378625203e-14	0.73757	2.21442
11335.956479999999	8.314689358789212e-13	3.7422266607419624e-14	3.918592369740093e-14	0.73757	2.21442
11394.648000000001	9.546540698915419e-13	1.231851340126207e-13	1.4143545773116693e-13	0.73757	2.21442
11526.226560000001	9.12485618564161e-13	2.48677663694675e-14	2.556446912581415e-14	0.73757	2.21442
11600.729279999998	9.691871075772088e-13	8.355060464234853e-14	8.355062268332559e-14	0.73757	2.21442
11600.99712	1.0005205850498296e-12	8.803496648566882e-14	9.652842124973417e-14	0.73757	2.21442
11677.003200000001	9.37143351344212e-13	8.716859358567698e-14	9.610811048114637e-14	0.73757	2.21442
11677.003200000001	8.336313304323587e-13	1.0017539336500667e-13	1.1385734606138758e-13	0.73757	2.21442
11677.003200000001	7.703889207063884e-13	1.1949528011623106e-13	1.4143299939876977e-13	0.73757	2.21442
11748.006719999998	7.867668056499053e-13	4.2298816814906277e-14	4.470213022901259e-14	0.73757	2.21442
11784.34656	8.787109298040907e-13	2.3947312334686813e-14	2.461822737638307e-14	0.73757	2.21442
11802.654719999999	9.28637096154377e-13	1.1982799712137003e-13	1.3758094885161676e-13	0.73757	2.21442
11834.95968	7.940466692715015e-13	3.5737987162203254e-14	3.7422266607419624e-14	0.73757	2.21442
11868.768	7.707579773741928e-13	4.1438136763594983e-14	4.3792548480958956e-14	0.73757	2.21442
11905.755840000002	8.838977500021491e-13	4.7407374561687016e-14	4.7407365324560624e-14	0.73757	2.21442
11905.997759999998	8.912551007591465e-13	4.791640416402606e-14	5.0638894899102995e-14	0.73757	2.21442
11973.657600000002	8.013938926418406e-13	2.1840208422675692e-14	2.2452090212989817e-14	0.73757	2.21442
12004.00128	8.562607331694876e-13	8.534656321842198e-14	9.479513238100269e-14	0.73757	2.21442
12004.00128	8.034780712729735e-13	1.0044779515808797e-13	1.1479960886357979e-13	0.73757	2.21442
12004.00128	7.019562228026451e-13	1.2077706886408569e-13	1.458762147376849e-13	0.73757	2.21442
12209.47776	8.583223639272185e-13	4.6783526682076805e-14	4.678352044509199e-14	0.73757	2.21442
12209.99616	8.830840248807874e-13	4.747710393011183e-14	5.0174634720096886e-14	0.73757	2.21442
12333.003840000001	8.374791978231336e-13	1.0063778197183673e-13	1.1438288769246158e-13	0.73757	2.21442
12333.003840000001	8.359995205829669e-13	8.747500583662758e-14	9.769761911831773e-14	0.73757	2.21442
12336.960959999999	7.175398547981394e-13	3.857697942712465e-14	4.076882731115881e-14	0.73757	2.21442
12385.474559999999	8.08809099033007e-13	2.2042293383101877e-14	2.2659836845914074e-14	0.73757	2.21442
12387.66912	7.867668056499053e-13	1.0152156414278501e-13	1.1656235153056681e-13	0.73757	2.21442
12415.671359999998	8.238459828548303e-13	2.2452090212989817e-14	2.3081114665959357e-14	0.73757	2.21442
12426.471360000001	8.321967748868987e-13	2.2679672479524796e-14	2.3315072945121966e-14	0.73757	2.21442
12512.90592	8.592580872934806e-13	4.7095483580260285e-14	4.7095438196959866e-14	0.73757	2.21442
12513.00096	8.912551007591465e-13	4.791640416402606e-14	5.0638894899102995e-14	0.73757	2.21442
12582.673920000001	8.08809099033007e-13	1.0436582255007548e-13	1.1982799712137003e-13	0.73757	2.21442
12653.61696	8.373943539680002e-13	1.5284169463367224e-14	1.5568323388945783e-14	0.73757	2.21442
12747.119040000001	7.940466692715015e-13	1.449298505233493e-14	1.4762429761505547e-14	0.73757	2.21442
12839.808959999998	8.631097615284507e-13	1.575352854742498e-14	1.604640850987181e-14	0.73757	2.21442
12843.964800000002	7.175398547981394e-13	4.480174848429192e-14	4.7785371157677793e-14	0.73757	2.21442
12845.68416	7.867668056499053e-13	2.14415796940895e-14	2.2042293383101877e-14	0.73757	2.21442
12896.99712	7.602808093809991e-13	6.497792919788922e-14	7.105029190942136e-14	0.73757	2.21442
12896.99712	7.24779712497577e-13	5.457723584359733e-14	5.902167580926239e-14	0.73757	2.21442
12896.99712	6.302458989647171e-13	8.08188602126267e-14	9.270704136385693e-14	0.73757	2.21442
12959.585279999998	7.724066930831983e-13	2.1050226759771564e-14	2.1639976188303213e-14	0.73757	2.21442
12964.864319999999	8.391624232189082e-13	2.312429874954642e-13	3.1920418123850074e-13	0.73757	2.21442
13091.2848	8.020954050022568e-13	2.1859326582051874e-14	2.2471743992418595e-14	0.73757	2.21442
13096.054080000002	7.248130906053632e-13	9.931494227225753e-14	1.1508390623294547e-13	0.73757	2.21442
13098.86208	8.314689358789212e-13	2.007352467877933e-13	2.6462059174379205e-13	0.73757	2.21442
13194.69696	7.24179169330065e-13	9.344548023893716e-14	1.0728976654885278e-13	0.73757	2.21442
13244.221440000001	7.923736564424242e-13	2.1594381944054123e-14	2.219937658645577e-14	0.73757	2.21442
13272.69888	7.444679888349989e-13	2.0288819504933917e-14	2.085723712081833e-14	0.73757	2.21442
13337.8272	7.724066930831983e-13	2.1050226759771564e-14	2.1639976188303213e-14	0.73757	2.21442
13352.96448	7.044432764829316e-13	3.170517016908405e-14	3.319938880485975e-14	0.73757	2.21442
13430.663999999997	8.16706530695786e-13	2.2257520320944187e-14	2.2881093645812048e-14	0.73757	2.21442
13532.693760000002	7.175398547981394e-13	1.9554953093923433e-14	2.010281048965189e-14	0.73757	2.21442
13590.00288	6.066218209662685e-13	3.2613711072598346e-14	3.4466740901955965e-14	0.73757	2.21442
13590.866879999998	7.583086821092984e-13	2.798482497493405e-13	4.4352958594988766e-13	0.73757	2.21442
13694.99616	8.034780712729735e-13	6.731499900897106e-14	7.347030516639756e-14	0.73757	2.21442
13694.99616	7.045470947299401e-13	8.065421618132743e-14	9.108085000179571e-14	0.73757	2.21442
13694.99616	6.335866653456084e-13	5.4149925887347566e-14	5.921038248929837e-14	0.73757	2.21442
13904.96544	6.665704062824264e-13	3.000061022141354e-14	3.1414495421789645e-14	0.73757	2.21442
13927.524480000002	5.647367216573068e-13	4.0115289857370824e-14	4.3182714066137324e-14	0.73757	2.21442
14017.968	6.249510878715503e-13	2.8127432328188232e-14	2.94530373742171e-14	0.73757	2.21442
14106.787199999999	6.727381063138475e-13	1.8333981068080112e-14	1.884763134752867e-14	0.73757	2.21442
14115.50496	7.248130906053632e-13	1.975316896179507e-14	2.0306579632371325e-14	0.73757	2.21442
14127.97248	6.604592520647794e-13	2.9725562973651554e-14	3.112648559659682e-14	0.73757	2.21442
14238.97056	6.023459968359759e-13	3.238383062985321e-14	3.422379922503697e-14	0.73757	2.21442
14268.432960000002	7.22653363495565e-13	2.6139077739054915e-14	2.7120035917547058e-14	0.73757	2.21442
14343.998400000002	7.50055894447932e-13	1.261865751441332e-13	1.517096314219672e-13	0.73757	2.21442
14361.72768	6.665704062824264e-13	1.8165894119313212e-14	1.8674835224693806e-14	0.73757	2.21442
14454.573120000001	7.312502513792561e-13	1.99285994638776e-14	2.0486925047700732e-14	0.73757	2.21442
14470.00416	6.980614071711346e-13	1.2645955366652897e-13	1.5443710240169714e-13	0.73757	2.21442
14512.996799999999	6.261956240648759e-13	8.180576268146986e-14	9.40987594520024e-14	0.73757	2.21442
14512.996799999999	6.039570127681731e-13	5.314167061858374e-14	5.826868313990132e-14	0.73757	2.21442
14512.996799999999	5.820684079618371e-13	6.425412154054826e-14	7.222723515137639e-14	0.73757	2.21442
14593.996799999999	7.202671839890366e-13	1.3481203705116543e-13	1.658550391136525e-13	0.73757	2.21442
14609.807999999999	6.858450813751876e-13	2.4807686236037984e-14	2.5738679400586752e-14	0.73757	2.21442
14703.87168	6.249510878715503e-13	1.7031652148106234e-14	1.7508815992273954e-14	0.73757	2.21442
14719.000320000001	7.222601078241042e-13	1.1818126074145752e-13	1.413021007739978e-13	0.73757	2.21442
14762.72736	7.567109672612108e-13	2.7370974520287703e-14	2.839816383342923e-14	0.73757	2.21442
14774.996159999999	7.316335769401124e-13	2.97038611855087e-14	3.0960852233934915e-14	0.73757	2.21442
14844.003840000001	6.784121673160773e-13	1.1413350466732078e-13	1.3721865345975846e-13	0.73757	2.21442
14856.03072	6.789628753710133e-13	1.850362330623529e-14	1.9022026333202637e-14	0.73757	2.21442
14948.87616	7.245461087774328e-13	1.9745892965782807e-14	2.0299099789885538e-14	0.73757	2.21442
14967.99648	7.370443619457734e-13	1.137493829857127e-13	1.3450828938861414e-13	0.73757	2.21442
14972.99904	6.516800534858358e-13	2.6457798625188812e-14	2.7577424650412624e-14	0.73757	2.21442
15092.999999999998	6.910247911792835e-13	1.2047489801154817e-13	1.45913867021445e-13	0.73757	2.21442
15218.003519999998	6.635805199233307e-13	1.0653122561395738e-13	1.2690447111798823e-13	0.73757	2.21442
15278.95872	5.805585540142258e-13	1.5821832356919013e-14	1.6265101529137475e-14	0.73757	2.21442
15331.999679999999	6.676887032499981e-13	6.26627168474731e-14	6.91527126012987e-14	0.73757	2.21442
15331.999679999999	6.215986010521007e-13	7.620501230176656e-14	8.685274271095473e-14	0.73757	2.21442
15331.999679999999	5.751829824478779e-13	5.253891100584276e-14	5.78203966679005e-14	0.73757	2.21442
15342.998399999999	6.313840817253319e-13	1.0863457896813407e-13	1.3121034744871218e-13	0.73757	2.21442
15468.001919999999	7.255939090082695e-13	1.2151506192562399e-13	1.4595874232612171e-13	0.73757	2.21442
15592.9968	6.407573969113404e-13	1.11711161492919e-13	1.3529961703164213e-13	0.73757	2.21442
15716.998080000001	5.849161710659529e-13	1.055210294699692e-13	1.287475636883433e-13	0.73757	2.21442
15842.001600000001	6.035227260458476e-13	1.0338037833938974e-13	1.247492999566156e-13	0.73757	2.21442
15965.000639999998	5.18911897699383e-13	9.556768379765909e-14	1.171415754124138e-13	0.73757	2.21442
16090.00416	4.978444023539205e-13	8.603749357897571e-14	1.0401303052024097e-13	0.73757	2.21442
16170.001920000002	6.376847459915017e-13	5.396279092749472e-14	5.89514379698442e-14	0.73757	2.21442
16170.001920000002	5.565574856969696e-13	7.670248132719573e-14	8.896299875052797e-14	0.73757	2.21442
16170.001920000002	5.097697121416864e-13	6.084446709148545e-14	6.909093845050297e-14	0.73757	2.21442
16213.996799999999	6.119185634887241e-13	9.776407866324718e-14	1.1635346251373911e-13	0.73757	2.21442
16337.99808	5.700246392217197e-13	1.0412365448041986e-13	1.2739412562651243e-13	0.73757	2.21442
16461.999359999998	6.046354805618004e-13	1.0541358108228475e-13	1.2767226622445795e-13	0.73757	2.21442
16587.00288	5.364060016718633e-13	9.474034706413683e-14	1.1506280879099582e-13	0.73757	2.21442
16711.997760000002	5.800876618879324e-13	9.67021512612385e-14	1.1604759263871763e-13	0.73757	2.21442
16772.00256	5.337403405436018e-13	9.789738757276488e-14	1.1988672668733552e-13	0.73757	2.21442
16772.330879999998	5.202916168055602e-13	7.850553620906563e-14	7.850556594444902e-14	0.73757	2.21442
16969.0032	6.221713782543041e-13	7.828268762964381e-14	8.955002833401143e-14	0.73757	2.21442
16969.0032	5.842598305156551e-13	5.23891769657615e-14	5.754950277962465e-14	0.73757	2.21442
16969.0032	5.477394588427105e-13	6.136134033274228e-14	6.910267149904865e-14	0.73757	2.21442
17075.94048	4.648756818747955e-13	7.696617055258607e-14	7.696617184583276e-14	0.73757	2.21442
17076.00096	4.735109519804455e-13	9.738783337120464e-14	1.226040182305845e-13	0.73757	2.21442
17378.99712	5.050449447423895e-13	9.641515105054919e-14	1.1916405848609224e-13	0.73757	2.21442
17379.35136	5.187522917863463e-13	7.850555213224173e-14	7.850556071621521e-14	0.73757	2.21442
17780.99904	5.364060016718633e-13	8.94203026871649e-14	1.0730899700294876e-13	0.73757	2.21442
17905.00032	4.816079290300721e-13	8.506187888080631e-14	1.0330824203587851e-13	0.73757	2.21442
18027.99936	5.314882018886849e-13	8.655621564065799e-14	1.033946958974037e-13	0.73757	2.21442
18153.00288	5.438681524725908e-13	8.94102827466407e-14	1.0700090927854678e-13	0.73757	2.21442
18214.00128	5.081997281356608e-13	4.042750600811323e-14	4.392147842614826e-14	0.73757	2.21442
18277.99776	5.085031275378526e-13	7.847820292802419e-14	9.280022935567763e-14	0.73757	2.21442
18400.0032	4.896588726826924e-13	7.823107747243437e-14	9.310635219559915e-14	0.73757	2.21442
18407.0016	5.575836473125488e-13	5.2329335572486446e-14	5.774910003135321e-14	0.73757	2.21442
18407.0016	4.986617173672194e-13	3.584820691860123e-14	3.8624906194370206e-14	0.73757	2.21442
18407.0016	4.940535547101443e-13	4.139156466709906e-14	4.517642326640008e-14	0.73757	2.21442
18420.9984	5.560471618510913e-13	1.8134671932653505e-14	1.874604707688097e-14	0.73757	2.21442
18523.00224	5.305100656134573e-13	8.475772901966256e-14	1.008740161118746e-13	0.73757	2.21442
18620.00352	4.428126595272753e-13	3.183328355086065e-14	3.4298998379547544e-14	0.73757	2.21442
18647.003520000002	5.23713330372632e-13	8.649976490253358e-14	1.0361316192201818e-13	0.73757	2.21442
18771.9984	5.103799774542479e-13	8.351194886625037e-14	9.985012632711402e-14	0.73757	2.21442
18821.68704	5.202992841626702e-13	2.3847049913814165e-13	2.384705006311204e-13	0.73757	2.21442
18823.00032	5.019883385620584e-13	8.708201123745263e-15	8.861932768415714e-15	0.73757	2.21442
18897.00192	4.536214979563369e-13	8.286085349325438e-14	1.013793266488222e-13	0.73757	2.21442
19021.0032	5.047701078719128e-13	8.569329886465116e-14	1.0321596132765255e-13	0.73757	2.21442
19030.999679999997	4.884660996906741e-13	7.588631532717707e-15	7.708386215257515e-15	0.73757	2.21442
19145.998079999998	5.378901957733974e-13	8.67685890380851e-14	1.0345763237197607e-13	0.73757	2.21442
19229.00256	4.816278904220193e-13	1.2261888834801871e-14	1.258222289668343e-14	0.73757	2.21442
19426.9968	5.005183778646371e-13	3.038614457317862e-14	3.235009793914508e-14	0.73757	2.21442
19624.999679999997	4.728175936673879e-13	7.77404028998446e-15	7.903997370330676e-15	0.73757	2.21442
19827.996479999998	4.592344168756069e-13	5.465829181473256e-15	5.531667340947778e-15	0.73757	2.21442
20025.999359999998	4.5405831001157826e-13	5.404222919172161e-15	5.46931900589178e-15	0.73757	2.21442
20127.00096	4.842767602626781e-13	6.171165741375648e-14	7.072406434247991e-14	0.73757	2.21442
20229.9984	4.4403788805810103e-13	1.289618948382636e-14	1.3281936684231142e-14	0.73757	2.21442
20428.00128	4.4370429064256484e-13	6.087851095255166e-15	6.172541540148613e-15	0.73757	2.21442
20464.00416	4.836977067701369e-13	4.0931946995158204e-14	4.471594394574964e-14	0.73757	2.21442
20464.00416	4.279628079857751e-13	3.621549312140402e-14	3.956347252614069e-14	0.73757	2.21442
20464.00416	4.2531434259384926e-13	5.145345872273089e-14	5.853485859296935e-14	0.73757	2.21442
20686.00032	4.684827759129777e-13	5.856794801561139e-14	6.693603890013577e-14	0.73757	2.21442
20710.002239999998	4.2779374318252646e-13	7.0337606718664055e-15	7.151342645546392e-15	0.73757	2.21442
20912.99904	4.3884547878369215e-13	7.612835593833644e-15	7.747230024992919e-15	0.73757	2.21442
20969.99712	4.388272905375784e-13	5.273277868059869e-14	5.993502026129929e-14	0.73757	2.21442
21120.9984	3.7516302448001376e-13	1.2903320094819832e-14	1.3362923157081308e-14	0.73757	2.21442
21254.00256	4.4247998260317084e-13	5.567360291899473e-14	6.368678528820236e-14	0.73757	2.21442
21324.00384	4.2373430794955027e-13	6.5829819773306114e-15	6.686866704563495e-15	0.73757	2.21442
21527.00064	4.0591437195956436e-13	4.8312115510214774e-15	4.889405480248646e-15	0.73757	2.21442
21729.997440000003	3.983929352157106e-13	6.911088444953511e-15	7.03309446870214e-15	0.73757	2.21442
21929.002559999997	3.65275066411268e-13	1.1912916653499466e-14	1.2314537436286234e-14	0.73757	2.21442
22126.996799999997	4.084074243069938e-13	8.92872386688787e-15	9.12828922494903e-15	0.73757	2.21442
22330.002239999998	3.8162290080381145e-13	1.0400283517192106e-14	1.0691660960809578e-14	0.73757	2.21442
22513.99968	3.8326011747940286e-13	4.512239092248833e-14	5.1143695268778486e-14	0.73757	2.21442
22523.00256	4.2092626755991956e-13	3.348486484473042e-14	3.637881517067034e-14	0.73757	2.21442
22523.00256	3.7339975476614725e-13	3.659824596141587e-14	4.0575162846989695e-14	0.73757	2.21442
22523.00256	3.553939483684599e-13	4.7280944257821935e-14	5.453635918704152e-14	0.73757	2.21442
22532.99904	3.868224117992786e-13	6.71036974836799e-15	6.82883235196474e-15	0.73757	2.21442
22731.00192	3.679764526168409e-13	1.6885184507121105e-14	1.7697251003033337e-14	0.73757	2.21442
23152.0032	3.7224976168324434e-13	8.138234355617704e-15	8.320131531224173e-15	0.73757	2.21442
23349.99744	3.570356876659998e-13	6.193647018687115e-15	6.3029875735449515e-15	0.73757	2.21442
23549.002560000004	3.152245463470796e-13	1.91370768026173e-14	2.0373967067216293e-14	0.73757	2.21442
23603.99616	3.5336703167000287e-13	6.745921544096636e-14	8.337604418644181e-14	0.73757	2.21442
23604.428159999996	2.919873444970742e-13	5.188931908965412e-14	5.188932223980386e-14	0.73757	2.21442
23751.99936	3.4729107965737187e-13	8.217752048834798e-15	8.416916781763331e-15	0.73757	2.21442
23908.0032	3.5336703167000287e-13	7.008043405574174e-14	8.741717811212185e-14	0.73757	2.21442
23908.1328	3.56189594730373e-13	5.36483228142732e-14	5.3648296613269386e-14	0.73757	2.21442
23954.996159999995	3.360736234021358e-13	5.8300093451471056e-15	5.932930363200792e-15	0.73757	2.21442
24158.0016	3.338194431782584e-13	6.696030433871103e-15	6.833094373119404e-15	0.73757	2.21442
24211.638720000003	3.1573332877278977e-13	5.2768813422438686e-14	5.276878925789887e-14	0.73757	2.21442
24356.998079999998	3.3344178976478256e-13	1.6470426009050475e-14	1.732626020714672e-14	0.73757	2.21442
24516.54432	3.5337191364968243e-13	4.054575024601617e-14	4.0545761750559185e-14	0.73757	2.21442
24517.00224	3.9264676926446535e-13	4.108468675818191e-14	4.5885976686790085e-14	0.73757	2.21442
24553.99872	3.447415487696391e-13	8.776864114008732e-15	9.006154117376199e-15	0.73757	2.21442
24579.996479999998	3.2734523868465536e-13	3.262766821530677e-14	3.6239820458122766e-14	0.73757	2.21442
24579.996479999998	3.2342532883978583e-13	3.781492165510701e-14	4.2821631017968103e-14	0.73757	2.21442
24579.996479999998	3.135523271342069e-13	4.741240321919874e-14	5.585884727746696e-14	0.73757	2.21442
24733.99584	3.235951682875613e-13	5.935305840712125e-14	7.26847168012859e-14	0.73757	2.21442
24734.220480000004	3.2343039293694986e-13	6.175431106608201e-14	6.175430732085e-14	0.73757	2.21442
24757.00416	3.1538020300534834e-13	5.471031948840128e-15	5.5676157010511496e-15	0.73757	2.21442
24961.0032	3.338194431782584e-13	5.186097365490312e-15	5.267938134927726e-15	0.73757	2.21442
25158.00384	2.822409520355294e-13	1.8109555024874418e-14	1.93511945531949e-14	0.73757	2.21442
25357.000320000003	3.2620726451263107e-13	1.1509521364166469e-14	1.1930462044283507e-14	0.73757	2.21442
25559.997120000004	2.995259321391607e-13	7.62570805401844e-15	7.824924836078757e-15	0.73757	2.21442
25763.00256	3.1471078654874414e-13	1.1103892878437575e-14	1.150999840379345e-14	0.73757	2.21442
26164.00224	3.083852718150701e-13	1.142822991826763e-14	1.1868039118381376e-14	0.73757	2.21442
26361.996479999998	2.937882541278863e-13	8.795099659671594e-15	9.066522944093607e-15	0.73757	2.21442
26561.0016	2.920865966364332e-13	8.483069119130027e-15	8.736812301768658e-15	0.73757	2.21442
26758.00224	2.7862496593188135e-13	1.449356892122635e-14	1.52888683155875e-14	0.73757	2.21442
26956.998720000003	2.9450564822159696e-13	9.604874692701637e-15	9.928684336038093e-15	0.73757	2.21442
27160.00416	2.6793807224008146e-13	5.374526627420278e-15	5.484540134442324e-15	0.73757	2.21442
27357.998400000004	2.6443055004650455e-13	6.494747375206854e-15	6.6582831970311236e-15	0.73757	2.21442
27561.003839999998	2.6805260267034717e-13	1.8121659335404198e-14	1.943560042923816e-14	0.73757	2.21442
27764.000639999995	2.820289096520087e-13	6.165799412278499e-15	6.3036108157650986e-15	0.73757	2.21442
27971.999999999996	2.4368815978577337e-13	1.3101367211628896e-14	1.3845754263887637e-14	0.73757	2.21442
28174.9968	2.7740330334367583e-13	6.564037195125256e-15	6.723122636876546e-15	0.73757	2.21442
28290.003840000005	2.725900682553329e-13	3.2977260394427616e-14	3.751583123640531e-14	0.73757	2.21442
28290.003840000005	2.588248842054589e-13	2.472239671231249e-14	2.733320578890854e-14	0.73757	2.21442
28290.003840000005	2.469300977827929e-13	2.947277927776643e-14	3.3467331975866854e-14	0.73757	2.21442
28374.00192	2.233675230997282e-13	1.5866602241789303e-14	1.7079845371787306e-14	0.73757	2.21442
28578.00096	2.6079161775300004e-13	8.272869184222165e-15	8.543900008377468e-15	0.73757	2.21442
28623.26592	2.8182870715236684e-13	1.7343305355766892e-13	1.7343306897662313e-13	0.73757	2.21442
28776.00384	2.649930161881047e-13	1.07585491099256e-14	1.1213823252259222e-14	0.73757	2.21442
28984.003200000003	2.555710330182798e-13	5.126458179946206e-15	5.231393866764638e-15	0.73757	2.21442
29187.	2.5201130796437933e-13	1.3109174365240145e-14	1.3828508470587627e-14	0.73757	2.21442
29389.9968	2.4026672483084573e-13	4.16800710782234e-15	4.241587699103776e-15	0.73757	2.21442
29536.41888	2.2238507061738866e-13	5.320869817316186e-14	5.320869467781495e-14	0.73757	2.21442
29593.00224	2.4982415571866274e-13	5.4617295595816795e-15	5.583804341089672e-15	0.73757	2.21442
29886.00192	2.4205364582118043e-13	5.291848374641809e-15	5.410126152232294e-15	0.73757	2.21442
30094.00128	2.127257327961734e-13	1.1436739245664092e-14	1.2086546283128402e-14	0.73757	2.21442
30129.00192	2.504341949944358e-13	2.948438705601787e-14	3.3418896382731066e-14	0.73757	2.21442
30146.126399999997	2.330623001963471e-13	4.925090632621252e-14	4.925090216940271e-14	0.73757	2.21442
30303.002880000004	2.2693089626633715e-13	6.184496934039452e-15	6.3577636439058084e-15	0.73757	2.21442
30500.003520000002	2.4503855817552234e-13	8.427832023409708e-15	8.728022778790484e-15	0.73757	2.21442
30704.002559999997	2.275682283001773e-13	4.975163893793051e-15	5.0863634760267706e-15	0.73757	2.21442
31125.003839999998	2.4997330278683543e-13	8.152516816865119e-15	8.427363043101056e-15	0.73757	2.21442
31333.0032	2.2679549749583412e-13	8.605705442033173e-15	8.945126298792551e-15	0.73757	2.21442
31341.99744	2.5112712712769763e-13	3.0786983400030956e-14	3.5088688621960065e-14	0.73757	2.21442
31530.997439999996	2.2694030195983234e-13	8.410018848349206e-15	8.733673840337272e-15	0.73757	2.21442
31730.00256	2.0484248153187632e-13	1.2081100828966923e-14	1.283827011623558e-14	0.73757	2.21442
31927.9968	2.263047285087894e-13	4.539410092462601e-15	4.632329238408504e-15	0.73757	2.21442
31928.999040000002	2.4969280513054516e-13	3.7951284145356906e-14	4.4753445391673627e-14	0.73757	2.21442
31928.999040000002	2.1866235863913303e-13	4.9238710745103673e-14	6.354870032434184e-14	0.73757	2.21442
31928.999040000002	2.0096018801969267e-13	4.851629591430541e-14	6.39569340188298e-14	0.73757	2.21442
32131.00224	2.2637810929724213e-13	7.987264444367339e-15	8.27938471775768e-15	0.73757	2.21442
32333.999040000002	2.2444587515390468e-13	6.116773209752818e-15	6.288142551569259e-15	0.73757	2.21442
32532.001920000002	2.082667924226824e-13	1.1740786279708916e-14	1.2442200129056817e-14	0.73757	2.21442
32729.996159999995	2.307244547788774e-13	6.907167135484923e-15	7.120327425022198e-15	0.73757	2.21442
32927.999039999995	2.1778824155891874e-13	7.1028477122560636e-15	7.342306389017983e-15	0.73757	2.21442
33130.995839999996	2.079273546900725e-13	4.920067186001511e-15	5.039309511793375e-15	0.73757	2.21442
33328.998719999996	2.1252989535599816e-13	1.1611348535438078e-14	1.228238372330365e-14	0.73757	2.21442
33528.00384	2.084940321357977e-13	7.356263266403361e-15	7.62530577169075e-15	0.73757	2.21442
33731.00064	1.969855767625063e-13	7.823345372247951e-15	8.146902206842877e-15	0.73757	2.21442
33933.99744	1.877204680511663e-13	5.451964328016217e-15	5.615041954850936e-15	0.73757	2.21442
34079.996159999995	2.2299423133993674e-13	2.443337900907132e-14	2.7439963654499037e-14	0.73757	2.21442
34132.00032000001	1.6452050290459464e-13	1.9101879741864073e-14	2.1611061865424072e-14	0.73757	2.21442
34330.9968	1.936839476983719e-13	1.3923712192226574e-14	1.5002202997860837e-14	0.73757	2.21442
34538.00256	2.000941669092584e-13	1.3355425076801763e-14	1.4310595799447928e-14	0.73757	2.21442
34740.99936	1.9068284736298232e-13	7.235418848136807e-15	7.520793717285275e-15	0.73757	2.21442
34763.37696	1.706190927804094e-13	4.749190838282024e-14	4.749191699562079e-14	0.73757	2.21442
34944.9984	1.5199175454458697e-13	1.6404137399803376e-14	1.8388800376395356e-14	0.73757	2.21442
35143.00128	1.8327094887222777e-13	4.665942414071569e-15	4.787837197668264e-15	0.73757	2.21442
35341.00416	1.8829310988416635e-13	5.636905640005131e-15	5.810864719718869e-15	0.73757	2.21442
35370.48383999999	1.4687315644828236e-13	4.661244353359134e-14	4.6612434562598994e-14	0.73757	2.21442
35537.99616	1.791066159520279e-13	7.745757798111447e-15	8.095877215774005e-15	0.73757	2.21442
35737.00128	1.5944834961109607e-13	1.7208911384893633e-14	1.929094035482085e-14	0.73757	2.21442
35935.004160000004	1.7976023550614464e-13	4.898965472049198e-15	5.0362163492254446e-15	0.73757	2.21442
36132.998400000004	1.6750756611945773e-13	7.244137965623334e-15	7.57158344379362e-15	0.73757	2.21442
36283.79232	1.478360766118568e-13	2.7758247308191093e-14	2.7758245344004952e-14	0.73757	2.21442
36331.00128	1.627464890998497e-13	8.465779254802865e-15	8.930318330770535e-15	0.73757	2.21442
36517.0032	1.7628121224319743e-13	2.5131951165715034e-14	2.931070113044105e-14	0.73757	2.21442
36517.0032	1.6776834811349047e-13	2.9504057940393704e-14	3.5799894948345694e-14	0.73757	2.21442
36533.99808	1.5481749223435118e-13	1.1789833897215497e-14	1.2761675182600578e-14	0.73757	2.21442
36733.0032	1.6439690170738208e-13	6.238004401752297e-15	6.484039873541696e-15	0.73757	2.21442
36930.00384	1.6952526361514822e-13	8.670314218980174e-15	9.137656684586502e-15	0.73757	2.21442
37127.998080000005	1.4639007334781897e-13	4.251605944485755e-15	4.37877878824414e-15	0.73757	2.21442
37327.0032	1.435555635437215e-13	1.8523894561513706e-14	2.1268276625027715e-14	0.73757	2.21442
37524.99744	1.5991662973339036e-13	5.215449004606709e-15	5.391277709931161e-15	0.73757	2.21442
37723.00032	1.6369462840365097e-13	7.079241253746532e-15	7.399233162847578e-15	0.73757	2.21442
37921.00320000001	1.4966202887469943e-13	5.6788928817971424e-15	5.902876226377965e-15	0.73757	2.21442
37957.17888	1.4854089228231485e-13	1.0551396289745115e-14	1.1358211061133156e-14	0.73757	2.21442
38317.00032	1.6229069809741884e-13	6.5888998535937965e-15	6.8677251579278345e-15	0.73757	2.21442
38515.0032	1.4323014394507828e-13	6.194221237948926e-15	6.47420896661672e-15	0.73757	2.21442
38713.99968	1.3586626240057234e-13	7.304555941274534e-15	7.719582615769854e-15	0.73757	2.21442
38985.001919999995	1.4908022117010664e-13	1.4239822345678692e-14	1.5743618998642562e-14	0.73757	2.21442
39182.99616	1.362365472370824e-13	6.729432362330982e-15	7.0791062776449006e-15	0.73757	2.21442
39382.00128	1.4244080794348358e-13	9.874113157613671e-15	1.0609577753807176e-14	0.73757	2.21442
39412.8288	1.201838268059186e-13	1.0574874043647722e-14	1.1595118815820269e-14	0.73757	2.21442
39412.8288	1.1273688437708774e-13	1.896642828523548e-14	2.2802662179060323e-14	0.73757	2.21442
39412.8288	1.1248940726743744e-13	1.892479366956911e-14	2.275260636139614e-14	0.73757	2.21442
39579.00192	1.2644790211032788e-13	6.798198156791797e-15	7.184454843201059e-15	0.73757	2.21442
39647.499840000004	1.1779086970305842e-13	7.354625506714234e-15	7.844415038562501e-15	0.73757	2.21442
39776.99616	1.3874585846430282e-13	1.197482570558266e-14	1.3105970948770862e-14	0.73757	2.21442
39856.59648000001	1.4018244432244363e-13	6.309249304147086e-15	6.6065950631432934e-15	0.73757	2.21442
39976.001280000004	1.4200172770557512e-13	4.883993429634998e-15	5.057956279493307e-15	0.73757	2.21442
40063.99968	1.5011857332845583e-13	8.070800633854882e-15	8.529363423230793e-15	0.73757	2.21442
40174.004160000004	1.3855890047957166e-13	4.765581169285609e-15	4.9353262955601444e-15	0.73757	2.21442
40287.8016	1.4730586151127329e-13	1.1718244366489702e-14	1.2731000943561086e-14	0.73757	2.21442
40371.9984	1.3674505441250642e-13	7.47092301824842e-15	7.902677539765248e-15	0.73757	2.21442
40570.00128	1.521318086112764e-13	1.554145530330497e-14	1.7309785401990907e-14	0.73757	2.21442
40768.00416	1.4437554225350985e-13	1.1851819151678717e-14	1.291174724542963e-14	0.73757	2.21442
40965.9984	1.2931068978626219e-13	8.96392264178396e-15	9.631592501427895e-15	0.73757	2.21442
41164.00128	1.2436885281361042e-13	1.020946573527293e-14	1.112251540440076e-14	0.73757	2.21442
41561.00064	1.3399655358757712e-13	1.599339603931935e-14	1.8161039026040892e-14	0.73757	2.21442
41636.013119999996	1.2361353562059225e-13	2.984307952873997e-14	3.934084068803599e-14	0.73757	2.21442
41731.632	1.262246073462333e-13	6.003365520053589e-14	6.003365560005217e-14	0.73757	2.21442
42062.630399999995	1.0742654994634911e-13	4.834991205724532e-15	5.0628573210887614e-15	0.73757	2.21442
42392.635200000004	1.2209380495589422e-13	4.41625213471918e-15	4.581987081188139e-15	0.73757	2.21442
42720.1344	1.225841805935194e-13	5.517196963195453e-15	5.777214445381706e-15	0.73757	2.21442
45216.00575999999	1.1998076547093968e-13	3.2698089524480898e-15	3.3614168948764583e-15	0.73757	2.21442
45845.015040000006	1.3636208353692645e-13	4.9323497022003435e-15	5.117452972784361e-15	0.73757	2.21442
46473.134399999995	1.3195760615024114e-13	3.596211111340028e-15	3.6969636339610774e-15	0.73757	2.21442
47581.8624	1.0914605130473336e-13	4.638707248220022e-14	4.6387077411178374e-14	0.73757	2.21442
48823.274880000004	1.2334218236581614e-13	2.2512485405800896e-15	2.293102375804807e-15	0.73757	2.21442
48866.57856	1.2361353562059225e-13	2.0796275073474093e-14	2.500262189335828e-14	0.73757	2.21442
49452.2928	1.2784790870947515e-13	3.4842104466424476e-15	3.5818251252509415e-15	0.73757	2.21442
50078.701440000004	1.295491084038402e-13	3.530572861223701e-15	3.629486443060943e-15	0.73757	2.21442
52110.83808	1.0546579443556165e-13	2.8742356949370678e-15	2.9547611390521703e-15	0.73757	2.21442
52739.84736	1.1767755282117504e-13	2.1478573993606604e-15	2.1877890497575552e-15	0.73757	2.21442
53077.09248000001	1.0313470445197443e-13	5.84943094941109e-14	5.849430389568354e-14	0.73757	2.21442
53367.15456	1.0975755611720556e-13	2.9911981156495182e-15	3.0750004138128917e-15	0.73757	2.21442
55477.99296	8.93535122999244e-14	2.4351312754521174e-15	2.5033546392422947e-15	0.73757	2.21442
56107.797119999996	9.878559690489916e-14	2.6921817665082405e-15	2.7676067334894002e-15	0.73757	2.21442
56734.20576	9.647936321935285e-14	3.4897527677815912e-15	3.620717660752934e-15	0.73757	2.21442
58774.13567999999	8.30064094673577e-14	3.0024228759028137e-15	3.1150990500508624e-15	0.73757	2.21442
59404.04352	9.009353514951146e-14	2.455298952571861e-15	2.5240873400167243e-15	0.73757	2.21442
59440.10688000001	9.322492194006393e-14	4.3974019980534936e-14	4.3974015647855304e-14	0.73757	2.21442
60031.24704	8.249629196917953e-14	2.9839714279269047e-15	3.0959551484635502e-15	0.73757	2.21442
61506.00000000001	7.730828310565968e-14	1.9201607626204852e-14	2.5546863698565963e-14	0.73757	2.21442
62044.29792	6.079194357234466e-14	3.79572695173239e-15	4.048507643966933e-15	0.73757	2.21442
62046.97632	7.500869823075558e-14	2.713137851701394e-15	2.8149576171716216e-15	0.73757	2.21442
62676.884159999994	7.70359829524538e-14	2.7864667194774107e-15	2.891038401188707e-15	0.73757	2.21442
63304.191360000004	7.734538906256756e-14	3.4811159448723158e-15	3.6451758849506604e-15	0.73757	2.21442
65052.42623999999	6.855924532481905e-14	5.45391732586868e-15	5.925275531912806e-15	0.73757	2.21442
65052.42623999999	6.727381063138489e-14	4.20044172227211e-15	4.4801748484289065e-15	0.73757	2.21442
65052.42623999999	5.864432992796103e-14	4.165718649652377e-15	4.484251216120057e-15	0.73757	2.21442
65421.00864	6.778157068081712e-14	2.4517255918257433e-15	2.5437349693077114e-15	0.73757	2.21442
66051.72	7.632971281550568e-14	2.0801965825295767e-15	2.1384759901473915e-15	0.73757	2.21442
66380.81760000001	7.799486817697647e-14	1.3121562495438565e-14	1.5775587914875802e-14	0.73757	2.21442
66380.81760000001	7.097601769161338e-14	1.1940737558587143e-14	1.4355924089789698e-14	0.73757	2.21442
66380.81760000001	6.915857376613778e-14	6.085204857024991e-15	6.672294444792214e-15	0.73757	2.21442
66678.12864000001	6.925233614434763e-14	2.5049246146617684e-15	2.5989304671938763e-15	0.73757	2.21442
67636.84032	5.752359611980476e-14	2.080684636313714e-15	2.1587694345314583e-15	0.73757	2.21442
68766.44256	6.961352545266499e-14	2.5179891846004643e-15	2.6124853297454196e-15	0.73757	2.21442
69018.47136	5.752359611980476e-14	2.58898830409971e-15	2.7110035637926987e-15	0.73757	2.21442
69376.45247999999	6.834293541952335e-14	2.472030702528095e-15	2.564802098647153e-15	0.73757	2.21442
69987.25727999999	6.119185634887228e-14	2.7540872108104574e-15	2.8838833422617585e-15	0.73757	2.21442
70290.00288	6.187192501431986e-14	4.711739663859291e-15	5.10013047336891e-15	0.73757	2.21442
70599.99744	5.339414399640464e-14	4.8324723196685946e-15	5.313361628335845e-15	0.73757	2.21442
72378.37727999999	5.010095778368897e-14	1.8122005604102633e-15	1.880209576586768e-15	0.73757	2.21442
76977.	4.691697774788091e-14	7.532052240113973e-15	8.97249703508048e-15	0.73757	2.21442
77630.75424	5.5984271125896325e-14	8.987715641253162e-15	1.070654442806547e-14	0.73757	2.21442
91963.00223999999	2.3828331226096555e-14	3.1319875081314053e-15	3.605952662787024e-15	0.73757	2.21442
92572.00128	2.193988911914366e-14	3.908282324404123e-15	4.755387682297455e-15	0.73757	2.21442
129843.65664	1.882320744028368e-14	2.7281093283737875e-15	3.1905221981688586e-15	0.73757	2.21442
130562.65152	1.8142353648640155e-14	2.3410241845677468e-15	2.6878553955231606e-15	0.73757	2.21442
131173.65504	2.141379439078138e-14	2.063230359154236e-15	2.2832197872648608e-15	0.73757	2.21442
133797.66624	1.9350564031627144e-14	1.5393456555336043e-15	1.6723845637753995e-15	0.73757	2.21442
134408.66112	2.102294859540254e-14	1.6723845637753995e-15	1.8169214426271503e-15	0.73757	2.21442
135018.67104000002	1.7166969216983558e-14	1.7962698488219825e-15	2.0061877772456953e-15	0.73757	2.21442
150783.24096000002	7.940466692715015e-15	1.9722301372813692e-15	2.623962299415529e-15	0.73757	2.21442
340224.42528	1.5698061579817e-15	7.383372221027839e-16	1.3939742880458378e-15	0.73757	2.21442
435424.30848	9.54654069891542e-16	2.8191596357769566e-16	4.000549685991525e-16	0.73757	2.21442