28.46505244	1.33952467	0.623462523	1.166300207	0.73757	2.21442
29.53958094	0.553287319	0.375069667	1.164426132	0.73757	2.21442
31.40704566	1.972198919	0.727825526	1.153525722	0.73757	2.21442
33.27441207	2.223057605	0.76776368	1.172809738	0.73757	2.21442
35.14169585	2.065145791	0.750070201	1.177882345	0.73757	2.21442
37.0089095	1.267508022	0.608408925	1.170026171	0.73757	2.21442
38.72891383	2.672703095	0.857393444	1.262351087	0.73757	2.21442
38.87606312	0.623664058	0.405415835	1.158512457	0.73757	2.21442
40.74316497	1.035024706	0.548672694	1.167651784	0.73757	2.21442
42.61022186	3.097067826	0.853440522	1.178075867	0.73757	2.21442
44.47723944	1.291072755	0.607238713	1.146461438	0.73757	2.21442
46.19152281	1.33952467	0.623462523	1.166300207	0.73757	2.21442
46.79545299	4.117013931	1.669863825	1.669863823	0.73757	2.21442
51.64228694	3.319760219	0.892553775	1.220771527	0.73757	2.21442
52.55255903	2.942576461	0.670651229	0.670651228	0.73757	2.21442
53.19777752	2.812591866	0.830577872	1.178637777	0.73757	2.21442
54.75326809	2.999899575	0.885891137	1.257130481	0.73757	2.21442
55.66483733	2.115188753	0.611875051	0.61187505	0.73757	2.21442
56.11506342	2.55241164	0.181307021	0.195170701	0.73757	2.21442
57.86424923	3.606672567	0.895814894	1.191840884	0.73757	2.21442
58.77695435	2.232741108	0.632974192	0.632974192	0.73757	2.21442
61.88899074	2.506276376	0.660855195	0.660855197	0.73757	2.21442
62.53072094	3.350477583	0.923271138	1.274468951	0.73757	2.21442
64.08621151	3.84686297	0.955472692	1.271212864	0.73757	2.21442
65.00089273	7.148840648	0.906509466	0.906509469	0.73757	2.21442
65.64170208	10.11828054	1.466475659	1.71504239	0.73757	2.21442
65.78390129	3.723494498	1.099573733	1.560358377	0.73757	2.21442
67.19719265	7.675500715	1.232224988	1.467878169	0.73757	2.21442
68.11274096	5.775135954	0.84396559	0.843965591	0.73757	2.21442
68.75268322	5.408872155	1.112452284	1.40049445	0.73757	2.21442
70.15314208	6.066674814	0.430937832	0.463889586	0.73757	2.21442
70.30817379	3.991229643	0.935557771	1.221998325	0.73757	2.21442
71.22448168	3.419567718	0.707574721	0.70757472	0.73757	2.21442
71.86366436	4.103049123	0.990568069	1.305823032	0.73757	2.21442
74.33616864	3.206315692	0.690243283	0.690243283	0.73757	2.21442
74.9746455	3.606672567	0.920668187	1.236240982	0.73757	2.21442
77.44780184	2.23349465	0.636741895	0.636741895	0.73757	2.21442
80.55940817	2.026270961	0.626192327	0.626192327	0.73757	2.21442
82.75209836	3.112481054	0.878359922	1.2236931	0.73757	2.21442
83.67093385	2.051137792	0.624685242	0.624685243	0.73757	2.21442
84.17834396	3.154646615	0.224085948	0.241220727	0.73757	2.21442
86.78243266	1.984072677	0.604339646	0.604339646	0.73757	2.21442
88.97406064	3.476215699	0.91110143	1.234715011	0.73757	2.21442
89.89390459	2.433182927	0.646537923	0.646537923	0.73757	2.21442
90.52955121	3.170346397	0.852382238	1.165827757	0.73757	2.21442
93.00532276	2.332208471	0.650305626	0.650305625	0.73757	2.21442
93.64053235	3.170346397	0.894689852	1.246443254	0.73757	2.21442
96.0861259	2.049630714	0.622424621	0.622424621	0.73757	2.21442
98.19618674	2.027452632	0.144017286	0.155029599	0.73757	2.21442
104.705026	1.025139823	0.56036582	0.560365819	0.73757	2.21442
112.2094285	1.566573286	0.111279361	0.119788361	0.73757	2.21442
114.0464572	0.866918887	0.576847168	0.576847168	0.73757	2.21442
123.386625	1.493210106	0.616402405	0.616402406	0.73757	2.21442
127.2391287	2.259553957	0.681860165	0.976551878	0.73757	2.21442
132.7257715	2.778755226	0.735068109	0.735068108	0.73757	2.21442
135.0165815	2.344351437	0.677017014	0.951918097	0.73757	2.21442
140.4309982	2.59297731	0.6619042	0.888781767	0.73757	2.21442
142.0641116	2.037094576	0.655957638	0.65595764	0.73757	2.21442
142.7940344	2.642546977	0.728190921	1.005183288	0.73757	2.21442
150.5714872	3.326769541	0.80315677	1.058766824	0.73757	2.21442
151.4017797	3.668747989	0.787808417	0.787808417	0.73757	2.21442
158.3489401	4.853138847	0.890151219	1.090093602	0.73757	2.21442
160.7388834	5.778360492	0.949325628	0.949325628	0.73757	2.21442
161.6573884	10.25535542	1.725322323	2.074293667	0.73757	2.21442
166.1263929	8.43378871	1.155609977	1.339094674	0.73757	2.21442
170.075557	9.743772704	1.160286875	1.160286872	0.73757	2.21442
173.9038458	10.71575354	1.296364894	1.474780076	0.73757	2.21442
176.3238208	10.41621176	2.083242356	2.083242351	0.73757	2.21442
182.614593	13.78258617	1.442144136	1.610677783	0.73757	2.21442
182.7130643	13.91147106	1.400284012	1.40028401	0.73757	2.21442
183.1858637	17.49648128	1.830748421	2.044695627	0.73757	2.21442
186.9699666	19.82013994	3.027974031	3.573980233	0.73757	2.21442
190.0809477	15.17423189	1.71232084	1.930123695	0.73757	2.21442
190.3048956	15.16802083	0.892192199	0.892192198	0.73757	2.21442
191.6364383	16.33453277	1.843253819	2.077711016	0.73757	2.21442
193.1919289	17.26262024	2.501928295	2.926003617	0.73757	2.21442
196.5169531	22.17168585	1.763767104	1.916201776	0.73757	2.21442
203.7692648	23.68289102	2.86509655	3.259412011	0.73757	2.21442
204.614269	27.73005408	2.205937677	2.396587217	0.73757	2.21442
205.8928165	25.48680807	2.391364012	2.39136401	0.73757	2.21442
209.991227	29.81499333	4.554913628	5.376258549	0.73757	2.21442
225.1112489	39.35054181	2.795211167	3.008947586	0.73757	2.21442
226.1313745	41.58634159	2.235799772	2.362832346	0.73757	2.21442
228.3460158	41.88154714	2.974997621	3.202481449	0.73757	2.21442
228.7297018	40.20789568	2.778755205	2.778755222	0.73757	2.21442
232.3902913	44.8054369	3.942392785	4.322747729	0.73757	2.21442
236.4767317	44.1418819	2.43E+00	2.430842045	0.73757	2.21442
238.6122535	46.06071938	3.271859325	3.522042747	0.73757	2.21442
241.4121366	50.24660422	3.997138884	4.342594105	0.73757	2.21442
242.9676271	47.98513451	3.408557485	3.669193561	0.73757	2.21442
244.0370341	47.60342673	1.70074138	1.700741356	0.73757	2.21442
244.5231177	51.65432807	3.669193561	3.949759231	0.73757	2.21442
246.0786083	47.1093071	3.346344299	3.602223231	0.73757	2.21442
246.8355284	56.87883814	2.06E+00	2.13E+00	0.73757	2.21442
247.6449589	55.32873189	2.974629685	3.143640734	0.73757	2.21442
257.8316532	63.52588389	4.51E+00	4.86E+00	0.73757	2.21442
259.4997801	51.01824517	3.358323034	3.358323011	0.73757	2.21442
259.7669253	51.33750008	3.65E+00	3.93E+00	0.73757	2.21442
265.3892915	74.29348253	2.02E+00	2.08E+00	0.73757	2.21442
269.1558823	68.38340418	3.08E+00	3.22E+00	0.73757	2.21442
285.5600341	81.46118371	1.49E+00	1.51E+00	0.73757	2.21442
286.8946808	70.89218651	7.15E-01	7.22E-01	0.73757	2.21442
288.4459773	70.76177471	0.64874785	0.65475064	0.73757	2.21442
290.5396571	78.51465316	5.577179504	6.003639727	0.73757	2.21442
290.7580864	73.61235579	2.662630782	2.762555097	0.73757	2.21442
293.9877178	71.54814384	0.721221382	0.728565486	0.73757	2.21442
294.7193071	66.96414814	0.785942958	0.785942924	0.73757	2.21442
295.539115	71.41652535	0.65475064	0.660808973	0.73757	2.21442
301.0807548	76.3129727	0.908280516	0.919221128	0.73757	2.21442
302.6322479	76.17258893	0.698354493	0.704816288	0.73757	2.21442
312.2963994	81.46118371	2.22004341	2.282240808	0.73757	2.21442
315.7645858	77.73173679	0.925166711	0.936310725	0.73757	2.21442
317.3784843	77.58874309	0.711337872	0.717919801	0.73757	2.21442
317.8363778	85.30033102	1.556906502	1.585851555	0.73757	2.21442
322.6087443	77.73173679	0.854392658	0.863888132	0.73757	2.21442
323.2390248	86.08960526	6.115255723	6.582860058	0.73757	2.21442
324.0982826	77.58874309	0.711337872	0.717919801	0.73757	2.21442
328.2085104	75.5848432	6.012806646	6.53246721	0.73757	2.21442
329.4529029	85.23115453	1.16941528	1.185683467	0.73757	2.21442
331.0047386	85.07436506	1.552782159	1.581650534	0.73757	2.21442
331.7407403	74.07649831	4.07610411	4.076104155	0.73757	2.21442
333.8333953	82.97566018	2.261317099	2.324670833	0.73757	2.21442
334.4304727	73.52494639	5.848940972	6.354439343	0.73757	2.21442
336.3853834	87.69013052	1.600525259	1.630281245	0.73757	2.21442
347.1407241	90.87537092	16.18472024	16.18472025	0.73757	2.21442
352.7852614	73.45522891	4.586397074	4.89183333	0.73757	2.21442
354.7629286	71.64441824	3.770932354	3.770932312	0.73757	2.21442
355.2136873	82.21493476	1.500591674	1.528489756	0.73757	2.21442
355.3692891	77.08159923	3.469243447	3.632743853	0.73757	2.21442
355.9321367	72.93747365	5.181012293	5.577179504	0.73757	2.21442
356.8295369	69.71571992	7.86699986	8.86766223	0.73757	2.21442
360.5627143	79.80364288	9.654443863	10.98315877	0.73757	2.21442
362.2606569	72.21768265	3.189417776	3.189417741	0.73757	2.21442
363.0514992	76.44176683	4.109726375	4.343230791	0.73757	2.21442
367.4068728	78.18198928	6.219410728	6.756927179	0.73757	2.21442
368.9623634	81.86659291	5.111585761	5.451997546	0.73757	2.21442
370.4739547	72.01513124	2.288503083	2.288503098	0.73757	2.21442
370.5178539	68.09366605	4.251631849	4.534774039	0.73757	2.21442
372.0733445	76.75500715	4.792428605	5.111585761	0.73757	2.21442
373.6288351	70.0013985	7.324612744	8.180590778	0.73757	2.21442
374.5703225	80.71434309	1.473202789	1.500591674	0.73757	2.21442
376.9042691	74.29348253	2.687267801	2.788116705	0.73757	2.21442
384.2061709	73.52494639	5.222742604	5.622100733	0.73757	2.21442
386.3093495	68.86607711	3.916184023	3.916184022	0.73757	2.21442
388.6205715	67.75646136	4.812986269	5.181012293	0.73757	2.21442
390.4281332	64.03755126	6.700584189	7.48363622	0.73757	2.21442
393.1172584	64.11368166	1.170206571	1.191962335	0.73757	2.21442
398.4073708	65.90990968	3.543503839	3.7448369	0.73757	2.21442
407.2274314	62.23328365	3.885721333	4.144495302	0.73757	2.21442
409.1446489	61.45235299	3.467675531	3.467675558	0.73757	2.21442
411.6948093	67.13526639	1.829622392	1.880881638	0.73757	2.21442
412.8271974	64.16980455	5.646247241	6.19098699	0.73757	2.21442
417.388965	59.58750323	2.862189034	2.862189013	0.73757	2.21442
419.0491597	60.7198537	3.791225805	4.043706738	0.73757	2.21442
419.9721057	60.66674814	3.261616591	3.446933521	0.73757	2.21442
421.8490428	65.02894623	5.173080521	5.620167231	0.73757	2.21442
423.4045333	57.69082061	4.097987437	4.411340922	0.73757	2.21442
424.9177653	58.87413515	1.970508942	1.970508917	0.73757	2.21442
424.9600239	59.30710384	4.212797875	4.534930365	0.73757	2.21442
426.5155145	59.30710384	4.212797875	4.534930365	0.73757	2.21442
430.6434007	54.31886872	3.858465511	4.153503901	0.73757	2.21442
431.0498586	62.36640584	1.138315193	1.159478053	0.73757	2.21442
441.5051504	53.82087034	2.422338192	2.536499474	0.73757	2.21442
449.8444027	56.35736982	1.535894788	1.578924874	0.73757	2.21442
461.6696014	54.20292414	3.384321802	3.609704507	0.73757	2.21442
463.1621874	53.82087034	2.422338192	2.536499474	0.73757	2.21442
463.2148431	50.54499716	3.128159807	3.128159801	0.73757	2.21442
463.3247413	53.82087034	3.823090887	4.115424348	0.73757	2.21442
468.4207978	54.31886872	1.480339974	1.52181362	0.73757	2.21442
468.824858	46.06071938	3.271859325	3.522042747	0.73757	2.21442
471.023587	44.6667227	2.452090668	2.452090683	0.73757	2.21442
475.0468203	48.2314942	4.64712985	5.142624419	0.73757	2.21442
476.2912127	50.24660422	3.56919785	3.842117326	0.73757	2.21442
477.8467033	48.87724476	3.4719273	3.737408962	0.73757	2.21442
478.5834324	48.61467833	1.725608213	1.725608215	0.73757	2.21442
479.4021939	48.87724476	3.4719273	3.737408962	0.73757	2.21442
480.9576844	54.08872155	3.842117326	4.135905648	0.73757	2.21442
484.6009948	52.83852875	2.840749295	3.002153594	0.73757	2.21442
487.7747719	50.92730757	1.387910517	1.426794632	0.73757	2.21442
489.9795297	48.57745034	5.481673222	6.178928111	0.73757	2.21442
494.1075429	42.38999531	3.049639954	3.049639934	0.73757	2.21442
496.0039688	45.59851681	3.239027406	3.486700329	0.73757	2.21442
496.201492	41.92129755	3.688619785	4.044491168	0.73757	2.21442
498.7899508	49.99777946	2.250270758	2.356322751	0.73757	2.21442
505.9461293	47.30975691	2.543506826	2.688022549	0.73757	2.21442
506.3195037	51.39853215	1.400752695	1.4399966	0.73757	2.21442
509.3827281	48.08276087	12.30876777	12.30876775	0.73757	2.21442
516.1117713	43.85536365	3.115204939	3.35340975	0.73757	2.21442
516.9736724	42.99653999	2.871050766	2.871050762	0.73757	2.21442
524.7201379	38.999716	2.286351436	2.286351442	0.73757	2.21442
524.8225185	40.1172095	2.504838049	2.671650548	0.73757	2.21442
525.1440178	44.35583063	1.208819526	1.242686175	0.73757	2.21442
527.4465161	40.45299833	2.174868021	2.298438605	0.73757	2.21442
528.6814752	42.3594894	3.008947586	3.239027406	0.73757	2.21442
529.1778921	47.98513451	5.020935799	5.607698664	0.73757	2.21442
532.4977291	39.93238269	1.527427024	1.527427024	0.73757	2.21442
533.8443638	40.65432142	3.234068679	3.513575082	0.73757	2.21442
535.3998544	34.76215699	3.922700424	4.42165794	0.73757	2.21442
545.9771903	42.70067266	3.757196346	4.119683873	0.73757	2.21442
548.0217858	38.63373144	2.930629615	2.930629594	0.73757	2.21442
549.0088588	38.63231348	2.744192814	2.954028103	0.73757	2.21442
552.1991526	32.99398074	4.781926083	5.592459642	0.73757	2.21442
561.6687557	35.88812067	2.549262883	2.744192814	0.73757	2.21442
564.379249	40.45299833	1.102456511	1.133343261	0.73757	2.21442
570.5398339	33.64733844	2.676660182	2.907992208	0.73757	2.21442
570.5539413	38.54985213	3.066657246	3.331695011	0.73757	2.21442
571.1367331	37.53462113	2.745792517	2.745792513	0.73757	2.21442
574.5982168	36.92586831	3.863746888	4.315276898	0.73757	2.21442
578.8209471	33.38795569	2.199232114	2.199232101	0.73757	2.21442
580.8201791	36.85960836	2.93219763	3.185614639	0.73757	2.21442
591.9461447	34.5900123	2.159730949	2.303560653	0.73757	2.21442
594.0324605	32.73035505	2.324955381	2.502733591	0.73757	2.21442
613.3522673	28.50694754	2.024951486	2.179789833	0.73757	2.21442
626.7923778	27.47582341	1.236615759	1.294895664	0.73757	2.21442
634.7893276	26.97433312	1.916084346	2.062598144	0.73757	2.21442
656.1951008	28.24559427	1.76359822	1.88104702	0.73757	2.21442
658.9257259	29.57676812	1.331173847	1.393910138	0.73757	2.21442
677.6318654	23.27827082	2.242873644	2.482017319	0.73757	2.21442
690.0054758	26.72703095	1.202914546	1.259606162	0.73757	2.21442
693.7487358	27.22392355	1.225278397	1.283023989	0.73757	2.21442
699.0373699	24.15186745	2.327045139	2.575163497	0.73757	2.21442
715.6003221	23.06485435	1.638379943	1.763659015	0.73757	2.21442
720.9312097	23.06485435	1.240032043	1.310487575	0.73757	2.21442
731.3604828	22.8533945	1.028572187	1.077047301	0.73757	2.21442
738.8241556	19.54117691	1.388080402	1.494220267	0.73757	2.21442
741.8169573	21.82482231	2.102833115	2.327045139	0.73757	2.21442
752.0418434	23.27827082	1.251505918	1.322613367	0.73757	2.21442
763.3466153	22.8533945	2.201936587	2.436715398	0.73757	2.21442
767.4222863	20.27452632	1.090016087	1.151948086	0.73757	2.21442
776.3072425	19.00862559	1.350251358	1.453498616	0.73757	2.21442
782.9361291	25.29010989	1.138242446	1.191886159	0.73757	2.21442
803.201109	19.36202232	1.040957282	1.100101882	0.73757	2.21442
813.7362042	21.82482231	1.362698104	1.453448512	0.73757	2.21442
827.6861264	18.15309651	1.749060402	1.935551841	0.73757	2.21442
837.0079584	15.8106861	1.123090161	1.20896749	0.73757	2.21442
844.6592234	19.00862559	1.186860433	1.265900734	0.73757	2.21442
853.1242956	21.23003531	1.141386963	1.206237727	0.73757	2.21442
880.9736077	17.65837423	1.102553448	1.175979231	0.73757	2.21442
892.1805673	16.253643	1.700703746	1.899453509	0.73757	2.21442
897.392479	16.253643	1.15455499	1.242838284	0.73757	2.21442
913.7097146	13.64428293	1.539675299	1.73551808	0.73757	2.21442
950.6078034	15.05908957	1.197957024	1.301491207	0.73757	2.21442
956.6744975	16.40403611	2.116717929	2.430317356	0.73757	2.21442
958.3954922	14.15633126	1.005575359	1.082466894	0.73757	2.21442
962.8277982	16.55582078	0.598840202	0.621313727	0.73757	2.21442
969.2745725	14.11883024	1.123158992	1.220228708	0.73757	2.21442
974.8881085	14.96065874	1.190126809	1.292984261	0.73757	2.21442
978.2035104	14.4195171	1.860642722	2.136303679	0.73757	2.21442
987.9413083	14.38131889	1.144040077	1.242914454	0.73757	2.21442
999.6391192	13.89794909	1.5683	1.76778377	0.73757	2.21442
1006.608013	13.11591872	1.043376951	1.133551454	0.73757	2.21442
1018.77275	12.32964909	0.875819525	0.942789252	0.73757	2.21442
1021.926143	13.1507559	0.934145708	1.005575359	0.73757	2.21442
1025.274687	13.23727882	1.053031199	1.144040077	0.73757	2.21442
1043.941333	12.75847352	1.014942032	1.10265903	0.73757	2.21442
1045.289663	12.87651599	0.803983816	0.85752602	0.73757	2.21442
1062.607953	12.75847352	1.014942032	1.10265903	0.73757	2.21442
1068.964178	12.91072755	0.466993621	0.484519152	0.73757	2.21442
1081.274548	12.41076969	1.092013208	1.197368673	0.73757	2.21442
1088.172154	11.34882023	0.806147706	0.867789963	0.73757	2.21442
1096.326445	14.15633126	0.258382165	0.263185848	0.73757	2.21442
1106.855949	12.55887438	0.454266749	0.47131466	0.73757	2.21442
1112.79094	12.10460763	0.544797087	0.570472582	0.73757	2.21442
1144.498822	13.3952467	0.720166487	0.761084553	0.73757	2.21442
1148.855304	12.21661019	0.867789963	0.934145708	0.73757	2.21442
1152.104335	11.45382957	0.414296199	0.429844079	0.73757	2.21442
1153.551807	11.87403628	0.492565925	0.513883134	0.73757	2.21442
1155.10625	11.85219304	0.533436559	0.558576649	0.73757	2.21442
1160.395966	11.98390538	0.518263539	0.541689798	0.73757	2.21442
1162.012635	11.96186004	0.538372387	0.563745096	0.73757	2.21442
1167.240124	11.87403628	0.628028709	0.663100716	0.73757	2.21442
1168.73236	11.85219304	0.637207542	0.673412087	0.73757	2.21442
1181.550637	10.82924979	0.806234996	0.871087227	0.73757	2.21442
1182.141695	11.99363192	0.539802357	0.565242458	0.73757	2.21442
1183.105105	10.80932853	0.767825662	0.826537615	0.73757	2.21442
1188.705894	11.23565438	1.637264838	1.916544621	0.73757	2.21442
1190.198149	11.2149855	1.625424714	1.900933213	0.73757	2.21442
1195.550053	9.607234058	0.853398755	0.936595367	0.73757	2.21442
1197.104533	9.678291902	0.851584781	0.933744144	0.73757	2.21442
1209.225364	10.93832232	0.776988557	0.836401153	0.73757	2.21442
1220.033439	11.66677216	0.525091244	0.549838032	0.73757	2.21442
1257.676312	11.66677216	0.525091244	0.549838032	0.73757	2.21442
1258.893543	12.07254176	4.525118321	7.238189341	0.73757	2.21442
1270.216152	9.703998406	0.689310069	0.742018311	0.73757	2.21442
1295.288059	10.54267252	0.566804001	0.599008393	0.73757	2.21442
1305.956527	8.932041177	0.402008075	0.420954132	0.73757	2.21442
1313.14514	8.468693499	0.808911403	0.894336504	0.73757	2.21442
1317.803349	8.437518081	0.812959308	0.899640105	0.73757	2.21442
1318.463457	9.267246532	0.169146312	0.172290976	0.73757	2.21442
1330.583182	9.182283905	0.652250803	0.7021253	0.73757	2.21442
1334.299811	9.051889505	0.743071546	0.809525682	0.73757	2.21442
1338.895932	9.026901769	0.718093901	0.780155615	0.73757	2.21442
1352.001146	9.975868518	0.448988044	0.470148199	0.73757	2.21442
1354.832287	10.53412267	0.944569501	1.037609451	0.73757	2.21442
1359.42853	10.61203605	0.933744144	1.023830095	0.73757	2.21442
1375.986959	8.314122422	0.293345919	0.304074534	0.73757	2.21442
1380.707764	8.28351602	0.299622862	0.310867234	0.73757	2.21442
1391.260158	7.567470149	0.537544748	0.578648222	0.73757	2.21442
1397.141631	8.48670769	0.124147745	0.125990801	0.73757	2.21442
1401.800335	8.541589906	0.155901586	0.158800013	0.73757	2.21442
1418.296302	9.431882274	0.103671053	0.104823223	0.73757	2.21442
1422.892902	9.414531579	0.086312944	0.087111588	0.73757	2.21442
1427.53579	9.267246532	0.417094801	0.436751873	0.73757	2.21442
1435.641384	8.451829288	0.38039498	0.398322443	0.73757	2.21442
1440.384268	8.78651015	0.839268567	0.927899536	0.73757	2.21442
1449.749391	8.754164768	0.621839954	0.669389079	0.73757	2.21442
1449.998279	7.997434954	0.289275031	0.300131064	0.73757	2.21442
1455.358774	8.297566018	0.589406095	0.634475158	0.73757	2.21442
1471.182982	8.48670769	0.06230256	0.062763318	0.73757	2.21442
1480.548729	8.463280139	0.077591819	0.078309767	0.73757	2.21442
1501.670597	8.444975061	0.054271627	0.05462266	0.73757	2.21442
1502.79041	8.071434309	0.43394322	0.458598793	0.73757	2.21442
1510.974717	8.42943986	0.077281569	0.077996647	0.73757	2.21442
1515.722531	8.297566018	0.589406095	0.634475158	0.73757	2.21442
1532.46931	7.795005304	0.744562155	0.823191652	0.73757	2.21442
1541.774006	7.766309904	0.211653506	0.217583254	0.73757	2.21442
1545.818355	7.293747365	0.641770709	0.703687589	0.73757	2.21442
1564.201318	7.883866179	0.228971074	0.235819992	0.73757	2.21442
1573.506583	7.862102771	0.214264127	0.220267015	0.73757	2.21442
1576.707762	6.713526639	0.476886055	0.513351249	0.73757	2.21442
1588.750644	7.0949725	0.319326364	0.334375752	0.73757	2.21442
1592.829622	7.498091166	0.271213278	0.281391483	0.73757	2.21442
1594.066737	7.701908794	0.189168581	0.19393179	0.73757	2.21442
1603.372518	7.687740522	0.209512272	0.21538203	0.73757	2.21442
1606.956783	8.187219773	0.213252022	0.213252016	0.73757	2.21442
1607.132858	8.416019179	0.304415631	0.315839867	0.73757	2.21442
1624.86545	6.789165803	0.648486527	0.716969957	0.73757	2.21442
1634.171743	6.764173155	0.538092871	0.584597883	0.73757	2.21442
1637.06996	7.429348253	0.52773345	0.568086701	0.73757	2.21442
1671.401525	6.470691825	0.234051241	0.242834813	0.73757	2.21442
1697.742647	6.901614803	0.490246636	0.52773345	0.73757	2.21442
1729.369237	6.352588389	0.285913575	0.299388267	0.73757	2.21442
1731.599742	5.793629469	0.157892487	0.16231605	0.73757	2.21442
1731.599742	5.434639193	0.196576206	0.203953399	0.73757	2.21442
1731.599742	5.272720086	0.143696261	0.147722098	0.73757	2.21442
1734.65357	6.102998968	0.427693409	0.427693405	0.73757	2.21442
1734.683084	6.17212505	0.438428344	0.471952861	0.73757	2.21442
1745.270404	6.17946272	0.438949565	0.472513937	0.73757	2.21442
1758.414744	5.847237263	0.41535039	0.447110246	0.73757	2.21442
1788.110926	5.046040321	0.227109226	0.237812554	0.73757	2.21442
1793.791726	6.634349879	0.109081608	0.110905103	0.73757	2.21442
1819.865631	6.122809065	0.166863545	0.171538444	0.73757	2.21442
1827.486949	6.066674814	0.430937832	0.463889586	0.73757	2.21442
1856.944643	6.417980177	0.076387096	0.07730721	0.73757	2.21442
1862.316222	5.761550867	1.571332053	1.571332053	0.73757	2.21442
1869.054165	5.584068234	0.251324471	0.263169028	0.73757	2.21442
1888.157972	5.235410221	0.371890105	0.400326761	0.73757	2.21442
1898.63179	6.191792803	0.591426742	0.653884372	0.73757	2.21442
1908.004128	6.168999237	0.385179932	0.410831421	0.73757	2.21442
1920.09756	6.106584505	0.08378548	0.084951053	0.73757	2.21442
1948.517435	5.092730757	0.361755067	0.389416745	0.73757	2.21442
1959.351333	4.644625653	0.168000645	0.174305443	0.73757	2.21442
1983.250478	5.882192647	0.10204085	0.103842244	0.73757	2.21442
1983.883899	5.046040321	0.182520205	0.189369899	0.73757	2.21442
1988.850244	5.294395919	0.50570932	0.559114761	0.73757	2.21442
1989.914175	5.766875299	0.314479566	0.314479565	0.73757	2.21442
1990.094636	5.961159147	0.320488837	0.338698215	0.73757	2.21442
1998.161391	5.274905899	0.464134543	0.508913406	0.73757	2.21442
2009.187641	5.046040321	0.358438476	0.385846551	0.73757	2.21442
2009.983235	5.283852875	0.237812554	0.249020314	0.73757	2.21442
2022.137742	5.392826088	0.515111158	0.56950948	0.73757	2.21442
2040.656042	5.372973722	0.241823653	0.25322045	0.73757	2.21442
2045.159002	5.63299342	0.077287567	0.078362744	0.73757	2.21442
2053.869749	5.82246272	0.210604161	0.218507802	0.73757	2.21442
2053.88351	5.659844201	0.18537101	0.185371014	0.73757	2.21442
2069.649101	4.818931096	0.342306088	0.368480596	0.73757	2.21442
2069.857491	5.332743764	0.378804058	0.407769391	0.73757	2.21442
2071.91344	5.161063992	0.163720014	0.169083712	0.73757	2.21442
2090.495995	5.146816878	0.186165392	0.193151884	0.73757	2.21442
2106.756429	5.3056579	0.087235329	0.088693624	0.73757	2.21442
2121.066942	4.904541022	0.220740708	0.231143897	0.73757	2.21442
2130.527015	4.559851681	0.323902741	0.348670033	0.73757	2.21442
2134.513943	5.486946384	0.246953267	0.258591816	0.73757	2.21442
2134.513943	4.764690731	0.12985105	0.133488996	0.73757	2.21442
2134.513943	4.602043469	0.125418461	0.128932222	0.73757	2.21442
2139.58919	4.89551873	0.220334638	0.23071869	0.73757	2.21442
2145.450168	5.431886872	0.148033997	0.152181362	0.73757	2.21442
2149.35661	4.476625008	0.161923897	0.168000645	0.73757	2.21442
2170.220444	4.611226076	0.440454405	0.486968599	0.73757	2.21442
2181.571938	4.176519106	0.375626384	0.375626385	0.73757	2.21442
2181.731074	4.077882581	0.392906133	0.434799271	0.73757	2.21442
2196.174216	4.008212301	0.284717802	0.30648881	0.73757	2.21442
2198.103181	4.636761059	0.042510081	0.042903422	0.73757	2.21442
2223.043331	3.757947569	0.135928633	0.141029819	0.73757	2.21442
2238.662029	4.750499141	0.05654066	0.057221715	0.73757	2.21442
2257.154267	4.275143693	0.303678904	0.326899776	0.73757	2.21442
2266.425701	4.737385392	0.04343261	0.043834487	0.73757	2.21442
2289.040892	3.79271943	0.170700493	0.17874536	0.73757	2.21442
2306.17032	4.271676656	0.046952369	0.047474184	0.73757	2.21442
2317.511824	3.935054181	0.279521117	0.300894759	0.73757	2.21442
2334.001218	4.263818568	0.039090924	0.039452627	0.73757	2.21442
2341.946603	4.411622788	0.512217544	0.579501347	0.73757	2.21442
2373.989709	3.83545079	0.366354017	0.405042838	0.73757	2.21442
2378.18027	3.395867343	0.241220727	0.259665722	0.73757	2.21442
2392.520564	3.821331519	1.38E-01	0.143408518	0.73757	2.21442
2405.09952	3.984182687	5.49E-01	6.37E-01	0.73757	2.21442
2419.796645	3.79271943	0.103362134	0.106257958	0.73757	2.21442
2419.796645	3.681584022	0.100333385	0.103144356	0.73757	2.21442
2419.796645	3.526393047	1.90E-01	2.00E-01	0.73757	2.21442
2419.796645	3.397588019	1.23E-01	1.28E-01	0.73757	2.21442
2423.143211	4.175795711	0.165843066	0.172701981	0.73757	2.21442
2427.791752	3.523308865	0.158575021	0.166048431	0.73757	2.21442
2438.848502	3.45900123	0.245705356	0.264493268	0.73757	2.21442
2441.799974	4.16426843	0.150625655	0.156278397	0.73757	2.21442
2466.696947	3.352867685	0.46473983	0.539522915	0.73757	2.21442
2472.296713	3.860098362	0.031865285	0.032130524	0.73757	2.21442
2486.107089	3.125724641	2.22E-01	0.239009202	0.73757	2.21442
2490.892663	3.852997405	3.53E-02	3.57E-02	0.73757	2.21442
2499.516535	3.213295875	2.28E-01	2.46E-01	0.73757	2.21442
2505.940206	3.213295875	0.282735207	0.31001299	0.73757	2.21442
2521.450215	3.730924108	3.56E-01	3.94E-01	0.73757	2.21442
2549.233071	3.717189626	3.41E-02	0.034394732	0.73757	2.21442
2563.29555	2.930560668	2.08E-01	2.24E-01	0.73757	2.21442
2590.202898	3.505413412	0.041721592	0.042224146	0.73757	2.21442
2599.130187	3.040539967	1.10E-01	1.14E-01	0.73757	2.21442
2618.114239	3.528082374	3.23E-02	3.26E-02	0.73757	2.21442
2623.963217	2.850694754	2.02E-01	2.18E-01	0.73757	2.21442
2658.022287	3.520451547	0.045102965	0.04568831	0.73757	2.21442
2684.31961	2.482851337	0.176365902	0.189851758	0.73757	2.21442
2685.875185	3.513975397	0.03221632	0.032514414	0.73757	2.21442
2697.204489	2.824559427	0.127126115	0.133117385	0.73757	2.21442
2726.152774	3.160941185	0.301926309	0.333811241	0.73757	2.21442
2744.755192	3.149304955	0.057481293	0.058549951	0.73757	2.21442
2744.986969	2.599864515	0.18467777	0.198799196	0.73757	2.21442
2775.928472	3.286542433	0.039116579	0.039587755	0.73757	2.21442
2794.594242	3.307795991	0.030326056	0.030606659	0.73757	2.21442
2805.654189	2.722392355	0.193381366	0.208168313	0.73757	2.21442
2825.081974	3.21068997	0.026504389	0.026725006	0.73757	2.21442
2843.686601	3.204783652	0.029381633	0.029653498	0.73757	2.21442
2856.48764	2.773005408	0.124805802	0.130687719	0.73757	2.21442
2866.010165	2.371104619	0.168428128	0.181307021	0.73757	2.21442
2874.235476	3.018675396	0.288337387	0.318787261	0.73757	2.21442
2902.037024	3.007562883	0.027573502	0.027828637	0.73757	2.21442
2927.112695	3.213295875	0.058649259	0.059739631	0.73757	2.21442
2935.388276	3.243028136	0.230364006	0.247978839	0.73757	2.21442
2947.613591	2.985043859	0.081350732	0.083629879	0.73757	2.21442
2996.055112	2.243627304	0.159372954	0.171559441	0.73757	2.21442
3015.14849	2.460088419	0.174748969	0.188111186	0.73757	2.21442
3050.671103	2.243627304	0.100979863	0.105738897	0.73757	2.21442
3070.715892	2.932045574	0.053515863	0.054510797	0.73757	2.21442
3095.610716	2.55241164	0.34973515	0.405265172	0.73757	2.21442
3117.388468	2.123003531	0.150804612	0.162335919	0.73757	2.21442
3129.925273	2.747582341	0.074879247	0.076977086	0.73757	2.21442
3157.985504	2.508018389	0.068350464	0.070265391	0.73757	2.21442
3173.809233	2.39304418	0.10770473	0.112780698	0.73757	2.21442
3178.055001	2.697433312	0.348067111	0.399634514	0.73757	2.21442
3231.412891	2.529010989	0.13596681	0.143692105	0.73757	2.21442
3238.410333	2.482851337	0.320378223	0.367843417	0.73757	2.21442
3262.898895	2.432331233	0.130769032	0.138199002	0.73757	2.21442
3302.187784	2.460088419	0.317440978	0.364471008	0.73757	2.21442
3308.858925	2.460088419	0.067044239	0.068922571	0.73757	2.21442
3332.469922	2.162473114	0.097327323	0.101914218	0.73757	2.21442
3362.854058	2.28533945	0.294891998	0.338581316	0.73757	2.21442
3414.554853	2.523682502	0.113584423	0.118937492	0.73757	2.21442
3419.863634	2.035617728	0.197612159	0.197612159	0.73757	2.21442
3419.901569	2.14452304	0.206625924	0.228657161	0.73757	2.21442
3423.520255	2.28533945	0.294891998	0.338581316	0.73757	2.21442
3451.333343	2.432398442	0.044396275	0.045221663	0.73757	2.21442
3484.186381	2.460088419	0.317440978	0.364471008	0.73757	2.21442
3487.787202	2.264387332	0.061710841	0.063439751	0.73757	2.21442
3488.952858	2.103539718	0.094674883	0.099136773	0.73757	2.21442
3508.428137	2.461334938	0.044924426	0.045759633	0.73757	2.21442
3514.352671	2.167359174	0.199737023	0.199737023	0.73757	2.21442
3514.475395	2.351422754	0.206899714	0.226861026	0.73757	2.21442
3526.595865	2.008864835	0.090413811	0.094674883	0.73757	2.21442
3544.852439	2.306485435	0.2976206	0.34171417	0.73757	2.21442
3585.786539	2.204604637	0.060081597	0.061764861	0.73757	2.21442
3608.9657	2.34159786	0.201861885	0.201861885	0.73757	2.21442
3609.049222	2.417300915	0.212696279	0.233216832	0.73757	2.21442
3632.692679	2.264178783	0.210603084	0.232201343	0.73757	2.21442
3632.692679	2.014089273	0.242028074	0.275084262	0.73757	2.21442
3632.692679	1.861292882	0.288705754	0.341708231	0.73757	2.21442
3654.78166	1.900862559	0.102195767	0.108002276	0.73757	2.21442
3666.088582	2.123003531	0.05785774	0.0594787	0.73757	2.21442
3671.784291	2.243627304	0.289509613	0.33240151	0.73757	2.21442
3681.834363	1.918451024	0.086344519	0.090413811	0.73757	2.21442
3692.351127	1.862184539	0.100116327	0.105804687	0.73757	2.21442
3703.85835	2.135534345	0.114538187	0.114538187	0.73757	2.21442
3703.934147	2.153310789	0.115768101	0.122345756	0.73757	2.21442
3724.983589	1.936202232	0.052766886	0.054245219	0.73757	2.21442
3734.421762	2.068762887	0.20620098	0.229029131	0.73757	2.21442
3734.421762	1.941237698	0.242686208	0.27736081	0.73757	2.21442
3734.421762	1.69595653	0.291802611	0.352443231	0.73757	2.21442
3798.346151	2.07374401	0.113031105	0.113031104	0.73757	2.21442
3798.507973	2.133569117	0.114706732	0.121224083	0.73757	2.21442
3836.773041	2.023385887	0.243145225	0.276353993	0.73757	2.21442
3836.773041	2.019810923	0.211343389	0.236041664	0.73757	2.21442
3838.006095	1.733607258	0.093203647	0.098499246	0.73757	2.21442
3853.098585	1.954117691	0.053255132	0.054747144	0.73757	2.21442
3853.781729	1.900862559	0.245280481	0.281619672	0.73757	2.21442
3862.492698	1.990447451	0.054245219	0.055764969	0.73757	2.21442
3865.852531	2.010623325	0.054795068	0.056330223	0.73757	2.21442
3892.740251	2.076004643	0.113784646	0.113784647	0.73757	2.21442
3892.770702	2.153310789	0.115768101	0.122345756	0.73757	2.21442
3914.447438	1.954117691	0.252152332	0.289509613	0.73757	2.21442
3936.517314	2.023180901	0.036927213	0.037613741	0.73757	2.21442
3965.605178	1.918451024	0.035015677	0.035666667	0.73757	2.21442
3994.440864	2.085310435	0.038061205	0.038768816	0.73757	2.21442
3995.733281	1.733607258	0.108242958	0.115451519	0.73757	2.21442
3996.268305	1.900862559	0.051803782	0.053255132	0.73757	2.21442
4012.232378	1.836871249	0.156989481	0.171660572	0.73757	2.21442
4012.232378	1.751099066	0.131860957	0.142598916	0.73757	2.21442
4012.232378	1.522701293	0.195261854	0.223984213	0.73757	2.21442
4031.703669	1.866167907	0.050858256	0.052283116	0.73757	2.21442
4033.343858	2.027452632	0.558693038	0.771211079	0.73757	2.21442
4072.67412	1.937897116	0.052813076	0.054292703	0.73757	2.21442
4074.15735	1.751179709	0.239949187	0.278047684	0.73757	2.21442
4075.031447	2.008864835	0.48498502	0.639334771	0.73757	2.21442
4104.844128	1.749648128	0.225768313	0.259216707	0.73757	2.21442
4120.252958	1.914408952	0.052172959	0.053634652	0.73757	2.21442
4129.110354	1.798666792	0.049018664	0.050391985	0.73757	2.21442
4149.371921	1.866167907	0.050858256	0.052283116	0.73757	2.21442
4154.082632	1.701965359	0.07660106	0.080211156	0.73757	2.21442
4178.25486	1.973198227	0.05377513	0.05528171	0.73757	2.21442
4209.994648	1.733607258	0.047245611	0.048569258	0.73757	2.21442
4227.823595	1.465624501	0.078796134	0.083273134	0.73757	2.21442
4228.093267	1.832106504	0.676125449	1.071586622	0.73757	2.21442
4260.488673	1.941237698	0.162635943	0.177507428	0.73757	2.21442
4260.488673	1.702216189	0.194864067	0.220055265	0.73757	2.21442
4260.488673	1.530772729	0.130828558	0.14305484	0.73757	2.21442
4325.809197	1.61046287	0.072482769	0.075898777	0.73757	2.21442
4332.825955	1.364428293	0.096920272	0.104331301	0.73757	2.21442
4360.963382	1.509908801	0.06795709	0.071159809	0.73757	2.21442
4388.594195	1.6253643	0.04429569	0.045536691	0.73757	2.21442
4391.305656	1.751179709	0.047724509	0.049061573	0.73757	2.21442
4395.184251	1.595698058	0.071818243	0.075202933	0.73757	2.21442
4429.716216	1.455293925	0.078240732	0.082686176	0.73757	2.21442
4438.881376	1.745961715	0.06315314	0.065523177	0.73757	2.21442
4462.391349	1.812167642	0.30487225	0.366537064	0.73757	2.21442
4467.906961	1.61046287	0.043889584	0.045119208	0.73757	2.21442
4496.791164	1.766732168	0.048148356	0.049497295	0.73757	2.21442
4501.589711	1.686546701	0.305531778	0.373126752	0.73757	2.21442
4514.96693	1.512915654	0.197646253	0.227346664	0.73757	2.21442
4514.96693	1.459186209	0.12839257	0.140779653	0.73757	2.21442
4514.96693	1.406302395	0.155240731	0.174504117	0.73757	2.21442
4540.165878	1.740196823	0.325711741	0.400712983	0.73757	2.21442
4545.083555	1.657031317	0.059936441	0.06218576	0.73757	2.21442
4574.347744	1.509908801	0.041149207	0.042302055	0.73757	2.21442
4579.053142	1.745011813	0.285531063	0.341392017	0.73757	2.21442
4592.657904	1.828246356	0.066129456	0.068611189	0.73757	2.21442
4596.474636	1.767658522	0.07176582	0.074802765	0.73757	2.21442
4617.940406	1.639073283	0.275751508	0.331526231	0.73757	2.21442
4621.68349	1.640403611	0.044705553	0.045958037	0.73757	2.21442
4650.568257	1.75053467	0.04770693	0.049043501	0.73757	2.21442
4656.516572	1.780731214	0.274823453	0.324977874	0.73757	2.21442
4658.072063	1.574487597	0.063923202	0.066628268	0.73757	2.21442
4695.403836	1.669545931	0.29107259	0.352534245	0.73757	2.21442
4734.291101	1.603239379	0.257384071	0.306606718	0.73757	2.21442
4753.254034	1.402654523	0.03822623	0.039297187	0.73757	2.21442
4769.756286	1.613164724	0.151395828	0.167075938	0.73757	2.21442
4769.756286	1.501809048	0.184114599	0.209839975	0.73757	2.21442
4769.756286	1.38966691	0.126936277	0.139696574	0.73757	2.21442
4773.178365	1.525451384	0.262465865	0.317009902	0.73757	2.21442
4812.065629	1.753066422	0.293585671	0.352642666	0.73757	2.21442
4850.952894	1.548097721	0.269899022	0.326889756	0.73757	2.21442
4889.52906	1.413182893	0.254943394	0.31105971	0.73757	2.21442
4928.416324	1.458137138	0.249771487	0.301399731	0.73757	2.21442
4966.681392	1.253713699	0.230895678	0.283019138	0.73757	2.21442
5005.568656	1.202813715	0.207870324	0.251300003	0.73757	2.21442
5030.456505	1.540673868	0.130376432	0.142429218	0.73757	2.21442
5030.456505	1.344666906	0.185316505	0.214938445	0.73757	2.21442
5030.456505	1.231625626	0.147002859	0.166926689	0.73757	2.21442
5044.144822	1.478421846	0.236202263	0.281115023	0.73757	2.21442
5082.720989	1.377204304	0.251567275	0.307789745	0.73757	2.21442
5121.297155	1.460825601	0.254683794	0.308461744	0.73757	2.21442
5160.184419	1.295980215	0.228896796	0.277996747	0.73757	2.21442
5199.071683	1.401517005	0.233636601	0.280376028	0.73757	2.21442
5217.73757	1.289539699	0.236524314	0.289651506	0.73757	2.21442
5217.840291	1.257046712	0.189672729	0.189672729	0.73757	2.21442
5279.023899	1.503192902	0.189134352	0.216356733	0.73757	2.21442
5279.023899	1.411596967	0.126574513	0.139042083	0.73757	2.21442
5279.023899	1.323362173	0.148251647	0.166955037	0.73757	2.21442
5312.293364	1.123160084	0.185953656	0.185953656	0.73757	2.21442
5312.311397	1.144022896	0.235293209	0.2962166	0.73757	2.21442
5406.574125	1.220210384	0.232943166	0.287905508	0.73757	2.21442
5406.684105	1.253327637	0.189672728	0.189672729	0.73757	2.21442
5531.635567	1.295980215	0.216043338	0.259263201	0.73757	2.21442
5570.211733	1.16358569	0.205513197	0.249597203	0.73757	2.21442
5608.476801	1.284098597	0.209123579	0.249806079	0.73757	2.21442
5647.364066	1.314009095	0.216019129	0.258518848	0.73757	2.21442
5666.341051	1.227832837	0.097674628	0.106116219	0.73757	2.21442
5686.25133	1.228565658	0.189606749	0.224209388	0.73757	2.21442
5724.2053	1.183037119	0.189009683	0.224948994	0.73757	2.21442
5726.382987	1.347146157	0.126429933	0.139524318	0.73757	2.21442
5726.382987	1.204788231	0.086610815	0.09331944	0.73757	2.21442
5726.382987	1.193654711	0.100003807	0.109148188	0.73757	2.21442
5730.73836	1.343434247	0.04381416	0.045291269	0.73757	2.21442
5762.470368	1.281735377	0.204778357	0.243716007	0.73757	2.21442
5792.646885	1.069854827	0.076910611	0.082867886	0.73757	2.21442
5801.046534	1.265314169	0.208987192	0.250333903	0.73757	2.21442
5839.933798	1.233100209	0.201768498	0.241242245	0.73757	2.21442
5855.391423	1.257065642	0.576155086	0.576155087	0.73757	2.21442
5855.799802	1.212825645	0.021039392	0.021410815	0.73757	2.21442
5878.821063	1.095969256	0.200195424	0.24493686	0.73757	2.21442
5917.397229	1.21954652	0.207038735	0.249374249	0.73757	2.21442
5920.50821	1.180155525	0.018334467	0.018623799	0.73757	2.21442
5956.284493	1.299566092	0.209636682	0.249958137	0.73757	2.21442
5982.105636	1.163634034	0.029625259	0.0303992	0.73757	2.21442
6043.703063	1.209274376	0.073414259	0.078159257	0.73757	2.21442
6105.30049	1.142347857	0.018782419	0.019096401	0.73757	2.21442
6168.453407	1.109530497	0.013205683	0.013364751	0.73757	2.21442
6230.050833	1.097024723	0.013056839	0.013214114	0.73757	2.21442
6261.471743	1.170033702	0.149098047	0.170872413	0.73757	2.21442
6293.514849	1.072815033	0.03115776	0.032089742	0.73757	2.21442
6355.112275	1.072008852	0.014708513	0.014913129	0.73757	2.21442
6366.311807	1.168634536	0.098893351	0.10803565	0.73757	2.21442
6366.311807	1.033976615	0.087498194	0.095587057	0.73757	2.21442
6366.311807	1.027577808	0.124313777	0.141422745	0.73757	2.21442
6435.375589	1.131874749	0.141502708	0.161720379	0.73757	2.21442
6442.841943	1.03356845	0.016993874	0.017277958	0.73757	2.21442
6505.994861	1.060269858	0.018392944	0.018717646	0.73757	2.21442
6523.727453	1.060225807	0.127404685	0.144805614	0.73757	2.21442
6570.703268	0.906410339	0.031174988	0.032285409	0.73757	2.21442
6612.079318	1.06905087	0.134509844	0.153870041	0.73757	2.21442
6633.856186	1.023760506	0.015904771	0.016155761	0.73757	2.21442
6697.009103	0.980706929	0.011672419	0.011813018	0.73757	2.21442
6760.16202	0.962534744	0.016697492	0.016992264	0.73757	2.21442
6822.070545	0.882520598	0.02878213	0.029752463	0.73757	2.21442
6883.667971	0.986730088	0.021572185	0.022054344	0.73757	2.21442
6946.820888	0.92201767	0.025127541	0.025831522	0.73757	2.21442
7004.062941	0.925973102	0.109017658	0.123565391	0.73757	2.21442
7006.862824	1.016976029	0.080900879	0.087892788	0.73757	2.21442
7006.862824	0.902149923	0.088422942	0.098031345	0.73757	2.21442
7006.862824	0.858647118	0.114232802	0.131762198	0.73757	2.21442
7009.973806	0.934579854	0.016212547	0.016498757	0.73757	2.21442
7071.571232	0.889047266	0.040795347	0.042757335	0.73757	2.21442
7202.543538	0.899371754	0.019662331	0.020101803	0.73757	2.21442
7264.140965	0.862613827	0.014964122	0.015228293	0.73757	2.21442
7326.049489	0.761596344	0.046236018	0.049224399	0.73757	2.21442
7343.159886	0.85375	0.162984376	0.201440121	0.73757	2.21442
7343.291795	0.705454163	0.125366854	0.125366854	0.73757	2.21442
7389.202407	0.839070343	0.019854446	0.020335637	0.73757	2.21442
7437.733712	0.85375	0.169317353	0.211203675	0.73757	2.21442
7437.774193	0.860569085	0.129616579	0.129616579	0.73757	2.21442
7452.355324	0.811968617	0.014085558	0.01433422	0.73757	2.21442
7515.508241	0.806522365	0.016177902	0.016509055	0.73757	2.21442
7532.194286	0.762825433	0.127491716	0.127491716	0.73757	2.21442
7577.416766	0.805610004	0.039793272	0.041861005	0.73757	2.21442
7627.049896	0.853761614	0.097960291	0.097960291	0.73757	2.21442
7627.192464	0.948651541	0.099262376	0.1108625	0.73757	2.21442
7638.703094	0.832910566	0.021205285	0.02175926	0.73757	2.21442
7646.791645	0.790880225	0.078829855	0.08755697	0.73757	2.21442
7646.791645	0.781409553	0.091362483	0.103458909	0.73757	2.21442
7646.791645	0.757555955	0.114550412	0.134957386	0.73757	2.21442
7694.700755	0.781819893	0.143399551	0.175609413	0.73757	2.21442
7694.768727	0.781421709	0.149201059	0.149201059	0.73757	2.21442
7701.856011	0.761972406	0.013218253	0.013451604	0.73757	2.21442
7765.320027	0.806522365	0.012529838	0.012727569	0.73757	2.21442
7826.606355	0.681906532	0.04375348	0.046753336	0.73757	2.21442
7888.51488	0.78813093	0.027807504	0.028824515	0.73757	2.21442
7951.667797	0.723667792	0.018424045	0.018905362	0.73757	2.21442
8014.820714	0.760355016	0.026827491	0.027808659	0.73757	2.21442
8139.571058	0.745072221	0.0276111	0.028673698	0.73757	2.21442
8201.168485	0.70980531	0.021249347	0.021905117	0.73757	2.21442
8263.077009	0.705693984	0.020495466	0.02110852	0.73757	2.21442
8324.363338	0.673170151	0.035017099	0.036938577	0.73757	2.21442
8386.271862	0.711538447	0.023205795	0.023988133	0.73757	2.21442
8449.42478	0.647350137	0.012985092	0.01325089	0.73757	2.21442
8511.022206	0.638875767	0.015691594	0.016086703	0.73757	2.21442
8574.175123	0.647626857	0.043782725	0.046957264	0.73757	2.21442
8637.328041	0.681394104	0.014896839	0.015229798	0.73757	2.21442
8702.036448	0.588761284	0.031653478	0.03345195	0.73757	2.21442
8765.189365	0.670218506	0.015859001	0.016243358	0.73757	2.21442
8800.965649	0.65858937	0.079674484	0.090639867	0.73757	2.21442
8800.965649	0.625332091	0.059730377	0.066038205	0.73757	2.21442
8800.965649	0.596593774	0.071207507	0.080858518	0.73757	2.21442
8827.09789	0.539665743	0.038334408	0.041265656	0.73757	2.21442
8890.561905	0.630083884	0.019987612	0.020642434	0.73757	2.21442
8904.643591	0.680910558	0.419021882	0.419021882	0.73757	2.21442
8952.159332	0.640234752	0.025993127	0.027093089	0.73757	2.21442
9016.86774	0.617470786	0.012385747	0.012639276	0.73757	2.21442
9080.020657	0.608870385	0.031672341	0.033410284	0.73757	2.21442
9143.173574	0.58049485	0.010070086	0.01024786	0.73757	2.21442
9188.724453	0.537291934	0.128554512	0.128554512	0.73757	2.21442
9206.326491	0.60358612	0.013195778	0.013490716	0.73757	2.21442
9297.478239	0.584812188	0.012785337	0.013071101	0.73757	2.21442
9362.186646	0.51395471	0.027631664	0.029201626	0.73757	2.21442
9373.07508	0.6050599	0.071235561	0.080741506	0.73757	2.21442
9378.403367	0.56308841	0.118992268	0.118992268	0.73757	2.21442
9427.206152	0.548274909	0.014942013	0.015360633	0.73757	2.21442
9488.492481	0.592023906	0.020362012	0.021087286	0.73757	2.21442
9551.956496	0.549814786	0.012020213	0.012288876	0.73757	2.21442
9682.928802	0.603946365	0.019696835	0.020360875	0.73757	2.21442
9747.63721	0.547947871	0.020791762	0.021611818	0.73757	2.21442
9750.437093	0.606734054	0.07438269	0.084775797	0.73757	2.21442
9809.234636	0.548297689	0.020318973	0.021100938	0.73757	2.21442
9871.143161	0.494908429	0.02918847	0.031017824	0.73757	2.21442
9932.740588	0.54676206	0.010967412	0.011191909	0.73757	2.21442
9933.051686	0.603268594	0.09169194	0.108126256	0.73757	2.21442
9933.051686	0.528297696	0.11896285	0.153536403	0.73757	2.21442
9933.051686	0.485528488	0.117217465	0.154522713	0.73757	2.21442
9995.893505	0.546939443	0.019297581	0.020003357	0.73757	2.21442
10059.04642	0.542271044	0.014778391	0.015192427	0.73757	2.21442
10120.64385	0.503181715	0.028366255	0.030060902	0.73757	2.21442
10182.24128	0.557440311	0.016688016	0.017203021	0.73757	2.21442
10243.8387	0.526185946	0.017160792	0.017739334	0.73757	2.21442
10306.99162	0.502361577	0.011887097	0.012175192	0.73757	2.21442
10368.58905	0.513481558	0.028053528	0.029674778	0.73757	2.21442
10430.49757	0.503730644	0.017773052	0.01842307	0.73757	2.21442
10493.65049	0.475925795	0.018901546	0.019683273	0.73757	2.21442
10556.8034	0.453540856	0.013172184	0.013566187	0.73757	2.21442
10602.22373	0.538763755	0.059032106	0.066296145	0.73757	2.21442
10618.40083	0.397488758	0.04615098	0.052213274	0.73757	2.21442
10680.30936	0.467948836	0.033640294	0.036245975	0.73757	2.21442
10744.70667	0.483436285	0.032267293	0.034575027	0.73757	2.21442
10807.85958	0.460698094	0.017481088	0.018170566	0.73757	2.21442
10814.82096	0.412223213	0.114742544	0.114742544	0.73757	2.21442
10871.3236	0.367218752	0.039633116	0.044428149	0.73757	2.21442
10932.92102	0.442790578	0.01127312	0.011567623	0.73757	2.21442
10994.51845	0.454924414	0.013619011	0.014039304	0.73757	2.21442
11003.69036	0.354851944	0.112617683	0.112617683	0.73757	2.21442
11055.80478	0.432729412	0.018714089	0.019559993	0.73757	2.21442
11117.7133	0.385234213	0.041577485	0.046607759	0.73757	2.21442
11179.31073	0.434308542	0.011836114	0.012167718	0.73757	2.21442
11240.90816	0.404705628	0.017502155	0.018293278	0.73757	2.21442
11287.81875	0.357178292	0.067065122	0.067065122	0.73757	2.21442
11302.50558	0.393202631	0.020453693	0.021576039	0.73757	2.21442
11360.36983	0.425903017	0.060719879	0.070815919	0.73757	2.21442
11360.36983	0.40533557	0.071283077	0.086494091	0.73757	2.21442
11365.6585	0.374045859	0.028484756	0.030832768	0.73757	2.21442
11427.56703	0.39719006	0.01507129	0.015665722	0.73757	2.21442
11488.85335	0.409580474	0.02094786	0.022076979	0.73757	2.21442
11550.45078	0.353684816	0.010272066	0.010579321	0.73757	2.21442
11612.35931	0.346836544	0.044754543	0.05138509	0.73757	2.21442
11673.95673	0.386365528	0.012600751	0.013025561	0.73757	2.21442
11735.55416	0.395493403	0.017103757	0.017876872	0.73757	2.21442
11797.15159	0.361590003	0.013720453	0.014261607	0.73757	2.21442
11808.40601	0.358881207	0.025492629	0.027441928	0.73757	2.21442
11920.34644	0.392101381	0.015919068	0.016592722	0.73757	2.21442
11981.94387	0.346050311	0.01496551	0.015641973	0.73757	2.21442
12043.85239	0.328258828	0.017648126	0.018650849	0.73757	2.21442
12128.15998	0.36018436	0.034404036	0.038037275	0.73757	2.21442
12189.75741	0.32915342	0.016258601	0.017103428	0.73757	2.21442
12251.66593	0.344143241	0.023856291	0.025633205	0.73757	2.21442
12261.25653	0.290369313	0.025549352	0.028014307	0.73757	2.21442
12261.25653	0.272377178	0.045823709	0.055092216	0.73757	2.21442
12261.25653	0.271779325	0.045723129	0.054971291	0.73757	2.21442
12312.95226	0.305503658	0.016424744	0.017357957	0.73757	2.21442
12334.26181	0.284587891	0.017769097	0.01895245	0.73757	2.21442
12374.54969	0.335216086	0.028931705	0.031664601	0.73757	2.21442
12399.31259	0.338686879	0.015243421	0.015961821	0.73757	2.21442
12436.45821	0.343082346	0.01179994	0.012220242	0.73757	2.21442
12463.8345	0.362693059	0.019499408	0.020607316	0.73757	2.21442
12498.05564	0.334764382	0.011513853	0.011923965	0.73757	2.21442
12533.45843	0.35589743	0.028311793	0.030758657	0.73757	2.21442
12559.65306	0.330382028	0.018050077	0.019093214	0.73757	2.21442
12621.25049	0.367557129	0.037548838	0.041821202	0.73757	2.21442
12682.84792	0.348817585	0.02863451	0.031195343	0.73757	2.21442
12744.44534	0.312420299	0.02165723	0.02327035	0.73757	2.21442
12806.04277	0.300480584	0.024666515	0.026872483	0.73757	2.21442
12929.54872	0.323741498	0.03864074	0.04387786	0.73757	2.21442
12952.88492	0.298655637	0.072102168	0.095049169	0.73757	2.21442
12982.63164	0.304963995	0.145043851	0.145043851	0.73757	2.21442
13085.60566	0.259547241	0.01168155	0.012232085	0.73757	2.21442
13188.26868	0.29498394	0.010669857	0.01107028	0.73757	2.21442
13290.15395	0.296168758	0.01332979	0.013958004	0.73757	2.21442
14066.61382	0.289878774	0.007900001	0.00812133	0.73757	2.21442
14262.29877	0.329456722	0.011916771	0.012363989	0.73757	2.21442
14457.70364	0.318815366	0.008688604	0.008932026	0.73757	2.21442
14802.62812	0.263701563	0.112073164	0.112073164	0.73757	2.21442
15188.82982	0.298000105	0.005439115	0.005540236	0.73757	2.21442
15202.30051	0.298655637	0.050244698	0.060407414	0.73757	2.21442
15384.51417	0.308886105	0.008418004	0.008653845	0.73757	2.21442
15579.38958	0.312996329	0.008530019	0.008768998	0.73757	2.21442
16211.58294	0.25480997	0.006944279	0.007138832	0.73757	2.21442
16407.26686	0.284314083	0.005189317	0.005285793	0.73757	2.21442
16512.18208	0.249177899	0.141324779	0.141324779	0.73757	2.21442
16602.42184	0.265179071	0.007226866	0.007429336	0.73757	2.21442
17259.09772	0.215881992	0.005883384	0.006048214	0.73757	2.21442
17455.03014	0.238670296	0.006504428	0.006686658	0.73757	2.21442
17649.90474	0.233098374	0.008431396	0.008747813	0.73757	2.21442
18284.52237	0.200547114	0.007253985	0.007526215	0.73757	2.21442
18480.48559	0.217669897	0.005932109	0.006098305	0.73757	2.21442
18491.70644	0.225235364	0.106243096	0.106243097	0.73757	2.21442
18675.60879	0.199314661	0.007209406	0.007479963	0.73757	2.21442
19134.40061	0.186780149	0.046391913	0.061722325	0.73757	2.21442
19301.86537	0.146875959	0.00917064	0.009781369	0.73757	2.21442
19302.69684	0.181224294	0.00655506	0.006801061	0.73757	2.21442
19498.65979	0.186122284	0.006732225	0.006984874	0.73757	2.21442
19693.81385	0.186869853	0.008410529	0.008806905	0.73757	2.21442
20237.6882	0.165642096	0.0131769	0.014315721	0.73757	2.21442
20237.6882	0.16253643	0.010148448	0.010824296	0.73757	2.21442
20237.6882	0.141687232	0.010064556	0.010834144	0.73757	2.21442
20352.35351	0.163763238	0.005923476	0.006145775	0.73757	2.21442
20548.56512	0.184415904	0.005025845	0.005166651	0.73757	2.21442
20650.94763	0.188438968	0.031702261	0.038114501	0.73757	2.21442
20650.94763	0.171481161	0.028849344	0.03468454	0.73757	2.21442
20650.94763	0.167090099	0.014702118	0.016120551	0.73757	2.21442
20743.43897	0.167316682	0.006052008	0.00627913	0.73757	2.21442
21041.69473	0.138979491	0.005027024	0.00521568	0.73757	2.21442
21393.11154	0.168189304	0.006083571	0.006311878	0.73757	2.21442
21471.51644	0.138979491	0.006255107	0.006549902	0.73757	2.21442
21582.88318	0.165119503	0.005972534	0.006196673	0.73757	2.21442
21772.90367	0.147842185	0.006653994	0.006967588	0.73757	2.21442
21867.08644	0.14948526	0.011383768	0.012322137	0.73757	2.21442
21963.52686	0.129002573	0.011675463	0.012837313	0.73757	2.21442
22516.77697	0.121046076	0.004378355	0.004542667	0.73757	2.21442
23947.39985	0.113353443	0.018197763	0.02167794	0.73757	2.21442
24150.78151	0.135260415	0.021714709	0.025867473	0.73757	2.21442
28609.51587	0.057570284	0.007567018	0.008712138	0.73757	2.21442
28798.97462	0.053007735	0.009442582	0.011489225	0.73757	2.21442
40394.11572	0.045477687	0.006591231	0.00770844	0.73757	2.21442
40617.79585	0.043832715	0.005656016	0.006493975	0.73757	2.21442
40807.8773	0.051736658	0.004984854	0.005516358	0.73757	2.21442
41624.20083	0.046751804	0.003719126	0.004040554	0.73757	2.21442
41814.28226	0.050792358	0.004040554	0.004389761	0.73757	2.21442
42004.05259	0.041476144	0.004339866	0.004847037	0.73757	2.21442
46908.38151	0.01918451	0.004764993	0.006339606	0.73757	2.21442
105843.1763	0.003792719	0.001783855	0.003367902	0.73757	2.21442
135459.6802	0.002306485	0.000681121	0.00096655	0.73757	2.21442
