19.1376			1.740387792504216e-11	2.9279627902985378e-12	3.5201855286591308e-12	0.823	5.4636
33.203520000000005	1.3447638578055751e-11	2.4665339788136983e-12	3.0205574664929316e-12	0.823	5.4636
60.333119999999994	5.924422578240813e-12	9.511068805755616e-13	1.1329984702654993e-12	0.823	5.4636
77.38848		3.950445078853002e-12	6.64607982532241e-13	7.990345403613338e-13	0.823	5.4636
115.93151999999999	1.3572068045818942e-12	4.2685751917956684e-13	6.22705836084914e-13	0.823	5.4636
228.14784		8.16292917484146e-13	2.1394692064816905e-13	2.8993860166750587e-13	0.823	5.4636
256.06368000000003	7.122722561463343e-13	1.7195849531828249e-13	2.266854452053464e-13	0.823	5.4636
706.11264		1.4745042490452109e-12	2.5930909665842965e-13	3.146427667094806e-13	0.823	5.4636
1279.8950399999999	6.73978477775515e-13	9.768191622898344e-14	1.1423894154345035e-13	0.823	5.4636
1437.73056		6.31896614248061e-13	1.9473096609243552e-13	2.8147188298578246e-13	0.823	5.4636
1912.2825599999999	3.8075536232309996e-13	6.983724564980302e-14	8.552382233480044e-14	0.823	5.4636
2427.45984		4.620043113976017e-13	1.0171943817818767e-13	1.3043794642647974e-13	0.823	5.4636
3061.67904		1.616761759198551e-13	5.6807441133834695e-14	8.758005772693751e-14	0.823	5.4636
33913.9872		1.4211699906866413e-14	1.947307759938848e-15	2.256496137682303e-15	0.823	5.4636
225250.1568		1.1393208058783475e-15	1.651255094748197e-16	1.931141827726531e-16	0.823	5.4636