read serr 1
read terr 2
log x
ma 17 on 2
ma 31 on 3
    105.4330    10.0021  2.08279e+01   2.17851e+00 -6.77011e-01 no
    125.4470    10.0010  2.02696e+01   1.06839e+00 -5.27931e-01 no
    150.4635    15.0046  1.94700e+01   3.65726e-01 -2.73087e-01 no
    180.4847    15.0056 no         no         no          1.97201e+01
    215.5095    20.0082  1.92243e+01   2.85358e-01 -2.25753e-01 no
    240.3603     4.8316  1.87508e+01   4.35504e-01 -3.09977e-01 no
    337.4992    30.0155  1.79776e+01   2.94061e-01 -2.31154e-01 no
    407.5478    40.0220  1.74207e+01   1.78296e-01 -1.53105e-01 no
    492.6059    45.0251  1.76070e+01   1.85436e-01 -1.58337e-01 no
    593.5517    55.9097  1.80961e+01   1.41203e-01 -1.24935e-01 no
    715.7798    66.3075  1.83800e+01   1.75705e-01 -1.51192e-01 no
    821.8229     9.8811  1.87718e+01   8.06631e-01 -4.57665e-01 no
    958.1946    95.0601  1.83462e+01   7.24582e-02 -6.79237e-02 no
   1144.5693    91.3036  1.82765e+01   1.52183e-01 -1.33451e-01 no
   1431.3416   141.2441  1.83666e+01   1.16078e-01 -1.04858e-01 no
   1746.3763   173.7794  1.88255e+01   1.54394e-01 -1.35148e-01 no
   2130.0844   209.9176  1.89020e+01   1.64382e-01 -1.42736e-01 no
   2394.9135    54.9005  1.85411e+01   1.96106e-01 -1.66046e-01 no
   6698.5006   510.7139  1.92058e+01   9.18344e-02 -8.46689e-02 no
   7931.3741   305.1374  1.92750e+01   1.07342e-01 -9.76775e-02 no
  13134.4656   453.4751  1.92923e+01   1.16103e-01 -1.04879e-01 no
  19156.6686   677.1399  1.94693e+01   1.22824e-01 -1.10331e-01 no
  27912.1671  2737.4548  2.01316e+01   2.30180e-01 -1.89815e-01 no
  33920.8662  3267.5923  2.06511e+01   5.12838e-01 -3.46908e-01 no
  50557.6488  3989.5646  2.09461e+01   1.19820e-01 -1.07901e-01 no
  64603.9183  6268.8277  2.09794e+01   1.31638e-01 -1.17390e-01 no
  73340.2861  2461.7257  2.09964e+01   2.25825e-01 -1.86847e-01 no
 122773.7010 12204.8972  2.23628e+01   4.59028e-01 -3.21626e-01 no
 146086.1501  6532.4648  2.32522e+01   1.85536e+00 -6.49538e-01 no
 203923.5335 18115.0396  2.37031e+01   2.71374e+00 -7.07048e-01 no
 311030.2018 20928.4187  2.35314e+01   1.37341e+00 -5.87399e-01 no
 403933.0824 38185.5474 no         no         no          2.24720e+01
 496419.0159 49199.4469 no         no         no          2.30491e+01
 609431.5233 58406.9286 no         no         no          2.21493e+01
 673183.7366   414.8489 no         no         no          2.09057e+01
 985046.4545 23713.1562 no         no         no          2.15212e+01
1340869.6332 26388.8214 no         no         no          2.22759e+01
1669975.4641 44022.4625 no         no         no          2.19510e+01
2034519.8546 20937.9826 no         no         no          2.18384e+01
