read serr 1
read terr 2
log x
ma 17 on 2
ma 31 on 3
    131.9760    10.0000  5.78272e+01   1.68954e-01 -1.46169e-01 no
    156.9760    15.0000  5.80007e+01   1.34682e-01 -1.19804e-01 no
    186.9760    15.0000  5.80060e+01   1.36818e-01 -1.21491e-01 no
    208.1100     6.1340  5.81133e+01   2.33755e-01 -1.92236e-01 no
   3752.7430   308.4050  6.05895e+01   2.38459e-01 -1.95402e-01 no
   5424.6480   449.5000  6.07457e+01   1.23302e-01 -1.10717e-01 no
  10912.6480   868.5000  6.08892e+01   1.33969e-01 -1.19239e-01 no
  16238.6480  1327.5000  6.15077e+01   1.58077e-01 -1.37960e-01 no
  22527.6480   822.5000  6.13128e+01   1.99799e-01 -1.68683e-01 no
  26680.1480   199.0000  6.05013e+01   2.45175e-01 -1.99882e-01 no
  54320.6480  3735.5000  6.26384e+01   2.98087e-01 -2.33628e-01 no
  62188.6480   892.5000  6.26382e+01   7.11973e-01 -4.26350e-01 no
  85102.6480  6440.5000  6.23080e+01   1.98600e-01 -1.67829e-01 no
 105707.1480  9536.0000 no         no         no          6.27518e+01
 131746.1480 12177.0000 no         no         no          6.27756e+01
 163876.1480 15387.0000 no         no         no          6.29378e+01
 187597.1480  3426.0000  6.31238e+01   7.32460e-01 -4.33440e-01 no
 263168.1480 20315.0000  6.33691e+01   1.10351e-01 -1.00162e-01 no
 363414.1480 12709.0000  6.41365e+01   1.94798e-01 -1.65107e-01 no
 449574.1480 12109.0000  6.39493e+01   1.85278e-01 -1.58222e-01 no
 667353.6480 66438.5000  6.33183e+01   1.72126e-01 -1.48536e-01 no
 747679.1480 13883.0000  6.25168e+01   2.53970e-01 -2.05680e-01 no
