13.3177495	279.0941391	7.606090118	7.819184606		0.5	3.35104
16.5377929	531.8029186	14.49310594	14.89914911		0.5	3.35104
19.98696992	645.2837321	17.58577315	18.07846142		0.5	3.35104
23.20572259	651.254469	23.55651001	24.44054852		0.5	3.35104
25.25517688	581.5013355	51.16581443	56.10219991		0.5	3.35104
26.42421711	633.5059767	17.26479662	17.74849231		0.5	3.35104
27.55566743	631.7579511	60.87021107	67.3604233		0.5	3.35104
29.85580054	692.7088186	72.48174964	80.95220231		0.5	3.35104
32.15569537	673.8305802	70.50642074	78.74603005		0.5	3.35104
33.09053835	747.7401771	78.23996874	87.38334559		0.5	3.35104
34.45535192	570.88774	50.23193307	55.07821936		0.5	3.35104
36.30861587	616.2411801	59.37516201	65.70596646		0.5	3.35104
36.7548496	603.3241594	58.13060028	64.32870484		0.5	3.35104
39.05420828	565.6538098	49.77140394	54.57325921		0.5	3.35104
39.5265941	503.2116841	80.78561056	96.23521294		0.5	3.35104
41.35344782	550.2381731	48.414995	53.08598639		0.5	3.35104
43.65258807	550.2381731	48.414995	53.08598639		0.5	3.35104
44.2976333	562.0186359	15.31656812	15.74568166		0.5	3.35104
45.95164889	550.2381731	48.414995	53.08598639		0.5	3.35104
49.62999926	473.4942577	33.63400797	36.20583957		0.5	3.35104
51.92890123	439.8602498	31.24486285	33.63400797		0.5	3.35104
54.22772376	443.9302266	31.53396801	33.94521961		0.5	3.35104
56.52652644	469.1532363	33.32564953	35.87390244		0.5	3.35104
58.8252894	408.6153869	29.02542735	31.24486285		0.5	3.35104
61.12401265	431.8318954	30.67457984	33.02011814		0.5	3.35104
63.42269618	386.6470638	27.46493798	29.56505033		0.5	3.35104
64.54135839	599.4468971	96.23521294	114.6394283		0.5	3.35104
65.72135986	469.1532363	33.32564953	35.87390244		0.5	3.35104
66.53379422	486.759814	42.82958747	46.96170881		0.5	3.35104
68.02000368	401.1573156	28.4956536	30.67457984		0.5	3.35104
70.31862764	355.8891243	25.2800904	27.21313792		0.5	3.35104
72.61723174	376.1098579	26.71644217	28.75932063		0.5	3.35104
74.91579613	393.8353694	27.9755493	30.11470566		0.5	3.35104
77.21436052	324.574739	23.05571647	24.81867675		0.5	3.35104
79.51290505	369.2450793	26.22881215	28.23440387		0.5	3.35104
81.81144958	287.948431	22.906421	24.88612272		0.5	3.35104
84.10997426	324.574739	23.05571647	24.81867675		0.5	3.35104
86.40847908	339.8714752	24.14229891	25.98834495		0.5	3.35104
88.70698389	330.6090339	23.48435424	25.2800904		0.5	3.35104
91.00546885	304.3089437	24.20790679	26.30009023		0.5	3.35104
93.28270648	292.2474406	25.714607	28.1955059		0.5	3.35104
93.30395381	285.308504	22.69641367	24.65796538		0.5	3.35104
95.60241892	287.948431	22.906421	24.88612272		0.5	3.35104
97.90088402	318.6505823	22.63490222	24.36568485		0.5	3.35104
100.1993293	235.1336126	18.70497958	20.32156911		0.5	3.35104
102.4977944	257.8188794	20.50960227	22.28215744		0.5	3.35104
104.7962198	274.9886168	21.87546223	23.76606269		0.5	3.35104
106.6164014	264.0892459	7.197165122	7.398803046		0.5	3.35104
107.094665	241.721186	19.22902387	20.89090424		0.5	3.35104
109.3930904	232.9778947	20.49952941	22.47728702		0.5	3.35104
117.701076	230.0121177	6.268468772	6.444088062		0.5	3.35104
133.5832993	200.3321798	7.246210542	7.518149344		0.5	3.35104
149.4604391	186.1018612	25.49994728	29.5487615		0.5	3.35104
165.3339648	151.9674991	9.488545658	10.12044599		0.5	3.35104
181.4348172	150.5742527	9.401554148	10.02766119		0.5	3.35104
197.3036368	134.8188805	7.248245716	7.660072984		0.5	3.35104
213.1708678	115.279137	13.00855754	14.66321297		0.5	3.35104
229.0368677	104.1719315	12.60245808	14.33690019		0.5	3.35104
244.9018548	111.109378	6.937446576	7.399453609		0.5	3.35104
260.7660278	95.8850097	3.468254421	3.598412515		0.5	3.35104
341.3804979	72.73621814	1.982263876	2.037799572		0.5	3.35104
503.2015636	42.24260736	1.901230517	1.990832751		0.5	3.35104
650.3206457	40.71465101	3.582447968	3.928076086		0.5	3.35104
766.858043	35.1358704	3.676450037	4.106091928		0.5	3.35104
854.0280702	25.453688	2.663352612	2.974600648		0.5	3.35104
897.4780738	26.16680612	2.737969893	3.057937947		0.5	3.35104
940.9269655	21.96598671	2.298416169	2.567016548		0.5	3.35104
984.1450158	21.56506227	2.256465346	2.520163215		0.5	3.35104
1021.580833	22.16923548	0.997779959	1.04480388		0.5	3.35104
1027.821969	18.27051194	1.911739301	2.135151364		0.5	3.35104
1043.156579	18.69849775	1.005284317	1.062402068		0.5	3.35104
1043.156579	17.60964969	0.636958223	0.660862256		0.5	3.35104
1046.01066	21.05730155	1.495776214	1.610151062		0.5	3.35104
1087.009535	23.42883622	2.451481771	2.737969893		0.5	3.35104
1180.797233	15.62250659	0.703128621	0.736266052		0.5	3.35104
1187.54624	14.29929798	1.258183227	1.379570475		0.5	3.35104
1241.082592	21.17145552	3.561805838	4.282232481		0.5	3.35104
1311.647113	13.73253506	1.436907026	1.604828647		0.5	3.35104
1340.148028	14.11726986	0.510635434	0.529798773		0.5	3.35104
1499.203187	12.18290104	0.654987343	0.692202092		0.5	3.35104
1526.602042	15.47927859	1.619677944	1.808958769		0.5	3.35104
1658.211861	10.22705794	0.369922671	0.383805283		0.5	3.35104
1710.048207	13.73253506	1.436907026	1.604828647		0.5	3.35104
1818.066555	9.072995939	0.487790017	0.51550503		0.5	3.35104
2140.088567	9.327187698	1.203546816	1.381856636		0.5	3.35104
3546.517614	5.416898731	0.611264455	0.689015739		0.5	3.35104
4023.093329	4.850100262	0.702940974	0.822089041		0.5	3.35104
4657.189086	3.974794832	0.178895236	0.187326309		0.5	3.35104
4664.139148	3.327443704	0.826460837	1.099568473		0.5	3.35104
6263.678351	2.330251072	0.319294386	0.369991104		0.5	3.35104
6867.323674	1.930859692	0.169894724	0.18628586		0.5	3.35104
6878.807395	1.547927859	0.149143664	0.165045926		0.5	3.35104
6932.357885	1.635877264	0.157617635	0.174423424		0.5	3.35104
6993.262931	1.810300688	0.174423424	0.19302111		0.5	3.35104
7038.999167	1.843956691	0.177666198	0.19660964		0.5	3.35104
7115.992337	1.697269146	0.163532775	0.180969259		0.5	3.35104
7165.176023	1.464706863	0.141125277	0.156172588		0.5	3.35104
7229.975031	1.666290493	0.160547966	0.177666198		0.5	3.35104
7286.74324	1.728823736	0.166573077	0.184333729		0.5	3.35104
7318.936585	1.65101385	0.159076053	0.176037344		0.5	3.35104
7364.902631	1.783670857	0.244401171	0.283206543		0.5	3.35104
7387.885653	1.810300688	0.174423424	0.19302111		0.5	3.35104
7410.868676	1.646427898	0.130974044	0.142293558		0.5	3.35104
7520.953397	1.547927859	0.149143664	0.165045926		0.5	3.35104
7555.427951	1.739973831	0.138415663	0.150378323		0.5	3.35104
7669.878026	1.681708489	0.162033498	0.179310123		0.5	3.35104
7704.358001	1.724021655	0.137146661	0.148999647		0.5	3.35104
7828.92981	1.627056808	0.298430901	0.365463316		0.5	3.35104
7851.912832	1.751115195	0.239940347	0.278037441		0.5	3.35104
7874.666026	1.519674991	0.146421485	0.162033498		0.5	3.35104
7897.649049	1.631333357	0.129773267	0.140989003		0.5	3.35104
8260.321083	1.391242117	0.25517833	0.312495517		0.5	3.35104
8273.193731	1.71915374	0.235560942	0.272962686		0.5	3.35104
8297.78341	1.547927859	0.149143664	0.165045926		0.5	3.35104
8317.089154	1.631333357	0.129773267	0.140989003		0.5	3.35104
8644.826997	1.404115122	0.257539466	0.315387002		0.5	3.35104
8664.362551	1.553512373	0.212864521	0.246662587		0.5	3.35104
8683.898124	1.373253506	0.132313698	0.146421485		0.5	3.35104
8703.663526	1.515453854	0.120555003	0.130974044		0.5	3.35104
8765.020048	1.591295067	0.09935727	0.105974079		0.5	3.35104
8979.459739	1.365849086	0.250520801	0.306791831		0.5	3.35104
9018.990523	1.174223361	0.113137039	0.125200138		0.5	3.35104
9038.755925	1.226147499	0.097540559	0.105970562		0.5	3.35104
9054.541443	1.635877264	0.157617635	0.174423424		0.5	3.35104
9333.398205	1.483893445	0.272172217	0.333306506		0.5	3.35104
9353.163607	1.211475725	0.165998163	0.192354913		0.5	3.35104
9372.699161	1.335828536	0.128707782	0.142431093		0.5	3.35104
9392.464563	1.170961771	0.09315051	0.101201101		0.5	3.35104
9681.131259	1.443453229	0.264754768	0.324222978		0.5	3.35104
9692.852599	1.115102313	0.152792938	0.177052997		0.5	3.35104
9723.420007	1.275706348	0.122914978	0.136020638		0.5	3.35104
9742.495903	1.192731575	0.094882308	0.10308257		0.5	3.35104
9912.512681	1.15279137	0.07197798	0.076771434		0.5	3.35104
10396.59256	1.233998741	0.1690843	0.195931058		0.5	3.35104
10415.89828	1.08081339	0.104136939	0.115240413		0.5	3.35104
10425.09377	1.335828536	0.117538432	0.128878327		0.5	3.35104
10770.29639	1.125420227	0.154206714	0.178691248		0.5	3.35104
10790.29162	1.218290104	0.117382893	0.129898701		0.5	3.35104
10849.12813	1.24541679	0.170648817	0.197743985		0.5	3.35104
10873.71997	1.131750556	0.109044762	0.120671527		0.5	3.35104
10932.50429	1.032168774	0.037334552	0.038735659		0.5	3.35104
11004.90115	0.904779426	0.071975591	0.078196126		0.5	3.35104
11085.11224	1.00403931	0.053980003	0.057047013		0.5	3.35104
11235.88151	1.061086323	0.038380528	0.039820889		0.5	3.35104
11309.88715	1.146343351	0.071575378	0.076342021		0.5	3.35104
11470.07947	1.055365071	0.110428372	0.12333339		0.5	3.35104
11499.72769	1.032168774	0.055492323	0.058645259		0.5	3.35104
11545.46408	1.00403931	0.053980003	0.057047013		0.5	3.35104
11621.99785	0.921600531	0.065464616	0.070470382		0.5	3.35104
11699.22111	1.051358225	0.047318915	0.049548987		0.5	3.35104
11778.283	1.084712679	0.077051061	0.082942787		0.5	3.35104
11854.35709	0.985713527	0.044364417	0.046455247		0.5	3.35104
11932.95932	0.971410328	0.109617815	0.123560923		0.5	3.35104
11996.72761	0.963204974	0.02625001	0.026985438		0.5	3.35104
12014.31951	0.967722228	0.052027494	0.054983567		0.5	3.35104
12089.24444	0.856135916	0.096609791	0.108898311		0.5	3.35104
12166.23783	0.93271877	0.050145609	0.052994757		0.5	3.35104
12240.47325	1.064914441	0.0847144	0.092035895		0.5	3.35104
12313.78934	0.788029937	0.055976614	0.060256877		0.5	3.35104
12387.56511	0.985713527	0.070018793	0.075372795		0.5	3.35104
12462.03034	0.980200041	0.09444279	0.104512637		0.5	3.35104
12537.18508	1.163458017	0.062550806	0.066104787		0.5	3.35104
12870.43288	0.960078439	0.008802052	0.008883496		0.5	3.35104
12944.10801	0.793236549	0.202487928	0.271893695		0.5	3.35104
18249.90053	0.558988298	0.19640924	0.302804214		0.5	3.35104
28677.91477	0.478320194	0.025715851	0.027176962		0.5	3.35104
30034.80907	0.492654798	0.0391909	0.042577998		0.5	3.35104
30116.93756	0.45893451	0.01250724	0.012857646		0.5	3.35104
30195.00109	0.392419623	0.037809837	0.041841265		0.5	3.35104
30493.91339	0.404869179	0.055475763	0.064284058		0.5	3.35104
32240.40188	0.418553248	0.03329609	0.036173725		0.5	3.35104
32708.997	0.468065592	0.00854316	0.008701989		0.5	3.35104
40022.70374	0.318947143	0.017147504	0.018121782		0.5	3.35104
40806.73104	0.327882861	0.01475716	0.015452643		0.5	3.35104
45969.6992	0.240852255	0.0191599	0.020815806		0.5	3.35104
49519.19541	0.193085969	0.0086903	0.009099861		0.5	3.35104
49806.12825	0.232437779	0.008407501	0.008723022		0.5	3.35104
51514.16514	0.214643982	0.01153987	0.012195536		0.5	3.35104
55831.09619	0.203104112	0.012681413	0.013525946		0.5	3.35104
56293.74736	0.202185831	0.016083969	0.017474036		0.5	3.35104
60195.82759	0.192184659	0.011999624	0.012798753		0.5	3.35104
61002.07632	0.20033218	0.010770427	0.011382375		0.5	3.35104
70656.84357	0.163797292	0.013030145	0.014156283		0.5	3.35104
71570.40038	0.154070225	0.012256352	0.013315615		0.5	3.35104
90968.53614	0.104305382	0.005607753	0.005926372		0.5	3.35104
96385.53482	0.089073951	0.02212393	0.029434881		0.5	3.35104
114441.761	0.055686602	0.016444639	0.023335889		0.5	3.35104
