62.264995571777455	1.9022992136630253e-11	3.4903724631933066e-12	4.2747024852984816e-12	0.38	0.49044
85.54553017900754	1.8848518855779573e-11	3.877959469571611e-12	4.882502403451257e-12	0.38	0.49044
97.89882182442769	1.624508650810919e-11	2.966384467107479e-13	3.021558718375526e-13	0.38	0.49044
102.6001449236467	1.734853587013416e-11	1.232830891956024e-12	1.3271408839928877e-12	0.38	0.49044
112.80276965191486	1.565721186972429e-11	2.859094042024884e-13	2.9122737823847527e-13	0.38	0.49044
115.80558761171199	1.6415436232338434e-11	3.3775427563303815e-12	4.252515012533632e-12	0.38	0.49044
128.1067067443171	1.3889570880724063e-11	2.536463667892502e-13	2.5836452721315536e-13	0.38	0.49044
142.19908215023753	1.524886882041047e-11	1.2136137929360081e-12	1.3185537057142875e-12	0.38	0.49044
145.72942218405302	1.2223231254968725e-11	1.675779479812091e-12	1.9420273778658937e-12	0.38	0.49044
183.80955959314028	1.1999999511994229e-11	1.1568774077223762e-12	1.2803072947630423e-12	0.38	0.49044
226.57942620970988	1.0943484531600286e-11	3.2335297954917475e-12	4.589661614186473e-12	0.38	0.49044
226.57942620970988	1.0165604949963547e-11	1.2306413333828253e-12	1.4001415301849529e-12	0.38	0.49044
263.6566919835753	1.0645038301274503e-11	1.1145720370269067e-12	1.2449193664521748e-12	0.38	0.49044
283.1170392635732	9.876330811996532e-12	2.6935475379874964e-13	2.7690676422892817e-13	0.38	0.49044
283.8068758219049	1.0165604949963547e-11	2.3843674988292935e-12	3.114997865165761e-12	0.38	0.49044
283.8068758219049	9.442983446830645e-12	1.874058681688971e-12	2.3380738557581353e-12	0.38	0.49044
298.41517941010716	9.259220539091815e-12	2.525368995157604e-13	2.5961773949739497e-13	0.38	0.49044
303.9164810391562	9.442983446830645e-12	1.0663639485508506e-12	1.2021146617117285e-12	0.38	0.49044
314.51909503233946	9.431501287927959e-12	2.5723232182512943e-13	2.6444471854424405e-13	0.38	0.49044
344.1762700947371	8.376573979008577e-12	1.014208911904538e-12	1.1539221300907128e-12	0.38	0.49044
347.747188749631	1.0165604949963547e-11	2.166201732077809e-12	2.75279923394707e-12	0.38	0.49044
384.43605915031804	7.499322466062797e-12	1.0285026262929219e-12	1.1919776848612618e-12	0.38	0.49044
425.1769947129707	1.0259732281191398e-11	4.079964036232418e-12	6.773609797224969e-12	0.38	0.49044
445.495289981482	8.85292588462271e-12	7.795779715258742e-13	8.548555168800766e-13	0.38	0.49044
508.4617160033278	8.138178820415833e-12	7.468034102988806e-14	7.537199532245035e-14	0.38	0.49044
525.6728482864121	6.9660987780692404e-12	7.868621222071088e-13	8.870609062716225e-13	0.38	0.49044
606.1866294517055	7.227805020520572e-12	6.970747304018331e-13	7.714788411488166e-13	0.38	0.49044
656.1563028367462	7.859483895363255e-12	2.143899173407612e-13	2.2040201304416314e-13	0.38	0.49044
686.3641877566356	8.299715932366938e-12	7.309013119737e-13	8.014826056951103e-13	0.38	0.49044
767.5504146426559	8.073324862062264e-12	7.785410046350882e-13	8.616313480564681e-13	0.38	0.49044
804.1233461259762	7.075853431279547e-12	3.1878824895146613e-13	3.338282026780077e-13	0.38	0.49044
848.7366415286762	6.591192996464558e-12	7.445562961095077e-13	8.393738992013395e-13	0.38	0.49044
927.575105338021	6.902169628965128e-12	7.229363878744285e-13	8.075159789857476e-13	0.38	0.49044
947.1861732105956	7.02207119553e-12	6.444794467633084e-14	6.504492117581033e-14	0.38	0.49044
1036.633047958992	6.893770613317002e-12	6.327167157225552e-14	6.385776410483376e-14	0.38	0.49044
1227.9728402350984	6.657654113065255e-12	1.816369900488957e-13	1.8673147876429444e-13	0.38	0.49044
1316.9849440433698	6.536005792054947e-12	1.7832164149186035e-13	1.833232438161191e-13	0.38	0.49044
1504.249483374037	5.993741772763206e-12	2.7008545329633217e-13	2.8283013047657744e-13	0.38	0.49044
1592.8442070797885	6.105308707196281e-12	2.751068912243924e-13	2.8808822600285796e-13	0.38	0.49044
1786.1317731676554	5.839472645797128e-12	5.3605884171473295e-14	5.410254110054961e-14	0.38	0.49044
1874.7206999275381	5.785866761625654e-12	1.0573790014653712e-13	1.0770625399907362e-13	0.38	0.49044
1963.303829741553	5.680126768842709e-12	1.0380804811072996e-13	1.0574052568101234e-13	0.38	0.49044
2198.4453449987923	5.58765557730668e-12	1.5247686704800877e-13	1.5675440716658764e-13	0.38	0.49044
2216.189796301763	5.598586961471296e-12	5.139763866298609e-14	5.187386492938382e-14	0.38	0.49044
2283.822763747618	5.4458092891207095e-12	4.999705628886191e-14	5.0460324010151534e-14	0.38	0.49044
2287.0226778669385	5.58765557730668e-12	1.5247686704800877e-13	1.5675440716658764e-13	0.38	0.49044
2361.38589946593	5.4458092891207095e-12	4.999705628886191e-14	5.0460324010151534e-14	0.38	0.49044
2375.600010735085	5.4351812132515495e-12	1.4832147777007193e-13	1.5248259833476497e-13	0.38	0.49044
2428.2768578406376	5.346279115184261e-12	4.9084750223381674e-14	4.953957829621325e-14	0.38	0.49044
2496.0431550414646	5.297195828629977e-12	4.863459482331016e-14	4.9085256196650154e-14	0.38	0.49044
2564.476101017149	5.200376994524096e-12	4.77471058248269e-14	4.8189556799150345e-14	0.38	0.49044
2678.4034781675214	5.152633210723587e-12	4.730968813738189e-14	4.774809455408672e-14	0.38	0.49044
2801.9885671345373	5.058451942773898e-12	4.644587169896726e-14	4.687628199123151e-14	0.38	0.49044
2927.8576527736777	4.9659921463262065e-12	4.55982806480501e-14	4.602084909578505e-14	0.38	0.49044
3053.6629720082656	4.83045486388754e-12	4.435596664217114e-14	4.4767042931850234e-14	0.38	0.49044
3199.9257132122057	4.742158093991769e-12	4.354647407185963e-14	4.3950060398532485e-14	0.38	0.49044
3272.9904189366903	4.767066698252484e-12	2.148761954243487e-13	2.2501895621859686e-13	0.38	0.49044
3287.482783607526	4.900825378064485e-12	2.2089633477147225e-13	2.313228156569793e-13	0.38	0.49044
3302.3809344891442	4.855827254731342e-12	2.1887111076264555e-13	2.292021472527856e-13	0.38	0.49044
3325.2614798314594	4.698612485436229e-12	4.3147459329779996e-14	4.354735563147686e-14	0.38	0.49044
3458.3071844555975	4.612721438067919e-12	4.23599828354812e-14	4.275259251492071e-14	0.38	0.49044
3460.585384181852	4.679924301884071e-12	2.1095400227702064e-13	2.2091190937714195e-13	0.38	0.49044
3475.483535063471	4.427922677202421e-12	2.384412602422133e-13	2.5201196958005477e-13	0.38	0.49044
3491.587450685704	4.636950164860329e-12	2.4967909461381504e-13	2.638883033198814e-13	0.38	0.49044
3590.0137945841498	4.528396315752021e-12	4.158684009238092e-14	4.1972295565409055e-14	0.38	0.49044
3686.47497383323	4.387262584520147e-12	1.1976318786033175e-13	1.2312422434407066e-13	0.38	0.49044
3712.3293524060005	4.486813608165792e-12	4.120578133872386e-14	4.1587712557562026e-14	0.38	0.49044
3779.2840771852607	4.404786148883237e-12	4.045366744383508e-14	4.08286386946867e-14	0.38	0.49044
3829.39867421701	4.478048865457554e-12	1.2223705238791105e-13	1.2566738813649694e-13	0.38	0.49044
3847.183704141059	4.404786148883237e-12	4.045366744383508e-14	4.08286386946867e-14	0.38	0.49044
3915.6224470626125	4.324254324284539e-12	3.971563961174095e-14	4.0083784736771055e-14	0.38	0.49044
3975.1338933469315	4.1063354880144965e-12	2.5683491699816585e-13	2.7397069172336316e-13	0.38	0.49044
4006.466385765278	4.324254324284539e-12	3.971563961174095e-14	4.0083784736771055e-14	0.38	0.49044
4074.0993532111324	4.245194846935844e-12	3.8990688729598704e-14	3.935212477750032e-14	0.38	0.49044
4118.85757226054	4.189471384469256e-12	1.1437290542503623e-13	1.1758292883002487e-13	0.38	0.49044
4142.398969431846	4.245194846935844e-12	3.8990688729598704e-14	3.935212477750032e-14	0.38	0.49044
4207.829097447734	4.075097728383412e-12	1.11255971677379e-13	1.1437867232831639e-13	0.38	0.49044
4210.501489493036	4.1675769597247236e-12	3.827931579676387e-14	3.863417179025785e-14	0.38	0.49044
4296.383242532407	4.129299925862801e-12	3.792811695483971e-14	3.82797207989607e-14	0.38	0.49044
4363.071307801723	4.129299925862801e-12	3.792811695483971e-14	3.82797207989607e-14	0.38	0.49044
4397.041410590161	4.1979922103585696e-12	1.1460514856263743e-13	1.178216793196527e-13	0.38	0.49044
4431.040498107942	4.091378215010553e-12	3.75805482123626e-14	3.7928936987546446e-14	0.38	0.49044
4485.607149566571	4.159439659170865e-12	1.135545274707462e-13	1.1674162504999032e-13	0.38	0.49044
4499.276347924103	4.053801027116646e-12	3.723613023783663e-14	3.75813330244689e-14	0.38	0.49044
4546.608410939052	3.932221997566786e-12	9.508808894317299e-13	1.254158653730241e-12	0.38	0.49044
4582.137892166072	4.016565266818131e-12	3.689483478689013e-14	3.723688040528948e-14	0.38	0.49044
4651.109954107511	3.979675197069583e-12	3.6556701205352066e-14	3.68956188423486e-14	0.38	0.49044
4680.459891038887	3.9942277846566155e-12	2.4983509752772146e-13	2.665047102452242e-13	0.38	0.49044
4719.479133678646	3.906904795827102e-12	3.588966931718997e-14	3.622241623799206e-14	0.38	0.49044
4769.025630015298	3.84948674350905e-12	2.4079763885074115e-13	2.5686538566806844e-13	0.38	0.49044
4787.778749899358	3.906904795827102e-12	3.588966931718997e-14	3.622241623799206e-14	0.38	0.49044
4870.506964386355	3.871018335314259e-12	3.556071507554979e-14	3.589041874637336e-14	0.38	0.49044
4938.139931832211	3.871018335314259e-12	3.556071507554979e-14	3.589041874637336e-14	0.38	0.49044
4958.237943157726	3.750338155551526e-12	1.0240536424583885e-13	1.0528010433187263e-13	0.38	0.49044
5006.7757709132875	3.835461506086396e-12	3.523477591851858e-14	3.556146417218004e-14	0.38	0.49044
5045.9979066584365	3.785109330902278e-12	1.0335277865002871e-13	1.0625405598955007e-13	0.38	0.49044
5074.878290974477	3.800231280350224e-12	3.4911824210936925e-14	3.523552462572567e-14	0.38	0.49044
5135.375218056413	3.785109330902278e-12	1.0335277865002871e-13	1.0625405598955007e-13	0.38	0.49044
5153.108075467648	3.7653246581239494e-12	3.459183257100824e-14	3.491257247293673e-14	0.38	0.49044
5221.210595528838	3.7653246581239494e-12	3.459183257100824e-14	3.491257247293673e-14	0.38	0.49044
5289.51021174955	3.7307352308460505e-12	3.4274742299630103e-14	3.459254847214216e-14	0.38	0.49044
5323.33539089128	3.7653246581239494e-12	1.7307436917184847e-13	1.814130802456166e-13	0.38	0.49044
5323.33539089128	3.720420497067922e-12	1.710142577954198e-13	1.7925391096493454e-13	0.38	0.49044
5358.0127210756555	3.662510077911163e-12	3.3649286005105126e-14	3.396130526227314e-14	0.38	0.49044
5370.076165427659	3.723447445511841e-12	1.0167243064805531e-13	1.0452663421162933e-13	0.38	0.49044
5436.984514639972	3.662510077911163e-12	3.3649286005105126e-14	3.396130526227314e-14	0.38	0.49044
5458.6419044040695	3.655355566647135e-12	9.981671651779283e-14	1.0261892943582332e-13	0.38	0.49044
5503.945036365101	3.6288617945974736e-12	3.334080495443268e-14	3.364996996229628e-14	0.38	0.49044
5547.207643380479	3.6217730133975042e-12	9.890162526346978e-14	1.0167820448027135e-13	0.38	0.49044
5572.853331901989	3.5955259570422985e-12	3.303518232833578e-14	3.3341519478523534e-14	0.38	0.49044
5641.489170983065	3.5955259570422985e-12	3.303518232833578e-14	3.3341519478523534e-14	0.38	0.49044
5739.78218512654	3.562496352716268e-12	3.2732361216947396e-14	3.3035896374939376e-14	0.38	0.49044
5807.078929712031	3.5297669174300316e-12	3.2432286068789434e-14	3.2733044586495494e-14	0.38	0.49044
5874.978556667829	3.5297669174300316e-12	3.2432286068789434e-14	3.2733044586495494e-14	0.38	0.49044
5943.075279783151	3.5297669174300316e-12	3.2432286068789434e-14	3.2733044586495494e-14	0.38	0.49044
6022.719519068195	3.4973381746437023e-12	3.21349618580024e-14	3.243296913497927e-14	0.38	0.49044
6088.938031722176	3.4973381746437023e-12	3.21349618580024e-14	3.243296913497927e-14	0.38	0.49044
6156.837658677974	3.4333717418388888e-12	3.154877892288984e-14	3.18413648282571e-14	0.38	0.49044
6225.0097420895845	3.401828602671202e-12	3.1259554253755187e-14	3.154946367798211e-14	0.38	0.49044
6306.2597353801575	3.401828602671202e-12	3.1259554253755187e-14	3.154946367798211e-14	0.38	0.49044
6372.884034244921	3.3396028913675432e-12	3.068928323779539e-14	3.0973918080892543e-14	0.38	0.49044
6441.253213816054	3.3396028913675432e-12	3.068928323779539e-14	3.0973918080892543e-14	0.38	0.49044
6509.75572314216	3.3396028913675432e-12	3.068928323779539e-14	3.0973918080892543e-14	0.38	0.49044
6590.669493572369	3.3089181795659935e-12	3.040790997999752e-14	3.068994081513959e-14	0.38	0.49044
6657.363355787553	3.2785154029432514e-12	3.012911646774442e-14	3.040856711771995e-14	0.38	0.49044
6725.396312498323	3.248388979163529e-12	2.9853147991611696e-14	3.013004733086273e-14	0.38	0.49044
6794.032151579399	3.248388979163529e-12	2.9853147991611696e-14	3.013004733086273e-14	0.38	0.49044
6877.635704892515	3.188967024060747e-12	2.9308507009460115e-14	2.9580368218026534e-14	0.38	0.49044
6945.5990982528665	3.188967024060747e-12	2.9308507009460115e-14	2.9580368218026534e-14	0.38	0.49044
7014.037841174419	3.1596634643153245e-12	2.9039766517931796e-14	2.930914032993234e-14	0.38	0.49044
7083.879444996109	3.1596634643153245e-12	2.9039766517931796e-14	2.930914032993234e-14	0.38	0.49044
7164.462789511822	3.188967024060747e-12	2.9308507009460115e-14	2.9580368218026534e-14	0.38	0.49044
7230.617535761251	3.1306291762830596e-12	2.8773490195462475e-14	2.904039936912917e-14	0.38	0.49044
7298.720055822441	3.101858828695321e-12	2.850991225493948e-14	2.877438437277678e-14	0.38	0.49044
7366.683449182791	3.101858828695321e-12	2.850991225493948e-14	2.877438437277678e-14	0.38	0.49044
7448.339228684147	3.1306291762830596e-12	2.8773490195462475e-14	2.904039936912917e-14	0.38	0.49044
7515.433080164246	3.073352879365488e-12	2.824846831557219e-14	2.8510520401300615e-14	0.38	0.49044
7583.199377365074	3.0451088984849088e-12	2.7989699766721445e-14	2.824935914423659e-14	0.38	0.49044
7651.099004320871	3.0451088984849088e-12	2.7989699766721445e-14	2.824935914423659e-14	0.38	0.49044
7738.319851855829	2.989397234281026e-12	2.7478979383641528e-14	2.7733913599573672e-14	0.38	0.49044
7805.077480475564	2.989397234281026e-12	2.7478979383641528e-14	2.7733913599573672e-14	0.38	0.49044
7874.519095032339	2.9619220741383815e-12	2.7227234553834923e-14	2.7479840818531406e-14	0.38	0.49044
7944.296932449477	2.989397234281026e-12	2.7478979383641528e-14	2.7733913599573672e-14	0.38	0.49044
8025.146936475134	2.9619220741383815e-12	2.7227234553834923e-14	2.7479840818531406e-14	0.38	0.49044
8093.179893185905	2.9346994346096666e-12	2.697752821388204e-14	2.722782279223596e-14	0.38	0.49044
8108.988164568854	2.9811266597587165e-12	5.026616708664129e-13	6.046073333997212e-13	0.38	0.49044
8161.485306352488	2.9077269948108497e-12	2.6730377319015674e-14	2.6978386312597136e-14	0.38	0.49044
8229.448699712837	2.9077269948108497e-12	2.6730377319015674e-14	2.6978386312597136e-14	0.38	0.49044
8313.71890180081	2.8810024551888233e-12	2.6485490639193567e-14	2.6731234918562328e-14	0.38	0.49044
8381.688092107028	2.8810024551888233e-12	2.6485490639193567e-14	2.6731234918562328e-14	0.38	0.49044
8450.057271678163	2.828285378794749e-12	2.6002145094351376e-14	2.6243416762175098e-14	0.38	0.49044
8517.81777193312	2.8545209082132794e-12	2.624282326100931e-14	2.6486323281884142e-14	0.38	0.49044
8602.024207616541	2.8022883957016235e-12	2.5763906223081934e-14	2.6002974477801707e-14	0.38	0.49044
8668.178953865974	2.8022883957016235e-12	2.5763906223081934e-14	2.6002974477801707e-14	0.38	0.49044
8736.681463192079	2.776527813936157e-12	2.552782662762889e-14	2.5764711373298172e-14	0.38	0.49044
8805.653525133517	2.776527813936157e-12	2.552782662762889e-14	2.5764711373298172e-14	0.38	0.49044
8888.78172888543	2.776527813936157e-12	2.552782662762889e-14	2.5764711373298172e-14	0.38	0.49044
8957.150908456564	2.7257174114608906e-12	2.5062160357660247e-14	2.529473794472391e-14	0.38	0.49044
9025.659214728537	2.7510065751044332e-12	2.5293933548545216e-14	2.5528654943825838e-14	0.38	0.49044
9093.75593784386	2.7257174114608906e-12	2.5062160357660247e-14	2.529473794472391e-14	0.38	0.49044
9176.217492820912	2.7257174114608906e-12	2.5062160357660247e-14	2.529473794472391e-14	0.38	0.49044
9244.453342637073	2.7006607233786746e-12	2.4832510926993636e-14	2.5062964285722036e-14	0.38	0.49044
9312.486299347844	2.7006607233786746e-12	2.4832510926993636e-14	2.5062964285722036e-14	0.38	0.49044
9380.98880867395	2.6512362452362804e-12	2.4379505684577757e-14	2.4605768612620475e-14	0.38	0.49044
9461.972142454577	2.6512362452362804e-12	2.4379505684577757e-14	2.4605768612620475e-14	0.38	0.49044
9529.738439655403	2.6512362452362804e-12	2.4379505684577757e-14	2.4605768612620475e-14	0.38	0.49044
9598.774268001396	2.6512362452362804e-12	2.4379505684577757e-14	2.4605768612620475e-14	0.38	0.49044
9666.673894957194	2.602711484350215e-12	2.393472018169642e-14	2.4156868464609226e-14	0.38	0.49044
9748.532567563941	2.602711484350215e-12	2.393472018169642e-14	2.4156868464609226e-14	0.38	0.49044
9816.901747135076	2.602711484350215e-12	2.393472018169642e-14	2.4156868464609226e-14	0.38	0.49044
9883.392716244869	2.578780801911677e-12	2.3715357912359915e-14	2.3935476814688145e-14	0.38	0.49044
9951.292343200666	2.578780801911677e-12	2.3715357912359915e-14	2.3935476814688145e-14	0.38	0.49044
10034.287217197607	2.555072503915804e-12	2.349802772479917e-14	2.371613598594162e-14	0.38	0.49044
10102.992619629104	2.5315798390290877e-12	2.328266771037306e-14	2.3498783496780613e-14	0.38	0.49044
10171.222672499398	2.5083031779162838e-12	2.306928145526198e-14	2.3283422968313652e-14	0.38	0.49044
10241.470062531871	2.5083031779162838e-12	2.306928145526198e-14	2.3283422968313652e-14	0.38	0.49044
10325.270712004507	2.5083031779162838e-12	2.306928145526198e-14	2.3283422968313652e-14	0.38	0.49044
10391.964574219694	2.4623876731253666e-12	2.2648561880440443e-14	2.2858812785091396e-14	0.38	0.49044
10460.200424035855	2.4397449536671004e-12	2.2440966485959907e-14	2.2649296501338344e-14	0.38	0.49044
10528.100050991652	2.4852405345264185e-12	2.285785087029323e-14	2.3070036145093785e-14	0.38	0.49044
10610.086256407503	2.4623876731253666e-12	2.2648561880440443e-14	2.2858812785091396e-14	0.38	0.49044
10678.86122218942	2.4397449536671004e-12	2.2440966485959907e-14	2.2649296501338344e-14	0.38	0.49044
10746.894178900191	2.4623876731253666e-12	2.2648561880440443e-14	2.2858812785091396e-14	0.38	0.49044
10815.396688226296	2.417310443805595e-12	2.2235273878851097e-14	2.2441700554170346e-14	0.38	0.49044
10895.777139636617	2.417310443805595e-12	2.2235273878851097e-14	2.2441700554170346e-14	0.38	0.49044
10962.401438501383	2.395082228963553e-12	2.2031685184683396e-14	2.2236229986035738e-14	0.38	0.49044
11031.912616408577	2.3730562265025076e-12	2.182972387495812e-14	2.203239973112304e-14	0.38	0.49044
11100.345562384262	2.3512327827588922e-12	2.162961389636398e-14	2.1830437883710224e-14	0.38	0.49044
11370.065859746115	2.3296100349328404e-12	2.1431550869475704e-14	2.163054387449282e-14	0.38	0.49044
11491.436515391428	2.308184011438451e-12	2.123507128375051e-14	2.1432245888092807e-14	0.38	0.49044
11626.03000456241	2.2869550486005184e-12	2.1040601657837063e-14	2.1235978371512047e-14	0.38	0.49044
11767.197230348085	2.2659213340014397e-12	2.084791294104063e-14	2.1041508157090717e-14	0.38	0.49044
11899.842945707307	2.224430434265348e-12	2.0467591304700817e-14	2.0657668145217678e-14	0.38	0.49044
12032.621990821503	2.224430434265348e-12	2.0467591304700817e-14	2.0657668145217678e-14	0.38	0.49044
12165.001046670783	2.2039697447157604e-12	2.0280131419110576e-14	2.0468474912559578e-14	0.38	0.49044
12288.85279514774	2.1836952448108017e-12	2.0094170638586055e-14	2.028079270051484e-14	0.38	0.49044
12426.466493116128	2.1636092444635976e-12	1.9910130806756842e-14	2.009505102537199e-14	0.38	0.49044
12555.21666085183	2.123983938918275e-12	1.9547038390200854e-14	1.9728600835590676e-14	0.38	0.49044
12684.911730764072	2.143706024137449e-12	1.972775836995855e-14	1.9910992095361834e-14	0.38	0.49044
12816.351681382679	2.1044452350540415e-12	1.9367991738889684e-14	1.95478983131909e-14	0.38	0.49044
12961.408657846005	2.1044452350540415e-12	1.9367991738889684e-14	1.95478983131909e-14	0.38	0.49044
13084.187971337324	2.08508434890757e-12	1.9190567410613262e-14	1.936883305081193e-14	0.38	0.49044
13206.83975201954	2.08508434890757e-12	1.9190567410613262e-14	1.936883305081193e-14	0.38	0.49044
13330.02485172164	2.0659015828214947e-12	1.9014768382881105e-14	1.9191408055434178e-14	0.38	0.49044
13471.255843911864	2.0468934128327434e-12	1.8840562414554592e-14	1.9015590788210542e-14	0.38	0.49044
13601.756689299804	2.0280601352635167e-12	1.866795242444377e-14	1.8841384196846363e-14	0.38	0.49044
13725.475108021792	2.009400140944789e-12	1.8496923791345453e-14	1.866877352608069e-14	0.38	0.49044
13860.138160543196	1.990910001816626e-12	1.8327445147806247e-14	1.849772711877824e-14	0.38	0.49044
14005.531359866887	1.9725900056271508e-12	1.8159519328836668e-14	1.832824783801963e-14	0.38	0.49044
14137.904618770297	1.936452410432434e-12	1.7828429677206265e-14	1.7994096794856976e-14	0.38	0.49044
14269.141676283514	1.9544385867516046e-12	1.7993310460355187e-14	1.816050300914323e-14	0.38	0.49044
14397.091865489389	1.918631756090142e-12	1.766505974267438e-14	1.7829215346405845e-14	0.38	0.49044
27456.81092831647	1.1112035709780203e-12	5.0337234902519e-14	5.2725695287644086e-14	0.38	0.49044
27672.18485816269	1.0222248360216261e-12	9.056187872090224e-14	9.936490540903359e-14	0.38	0.49044
27888.35876653874	1.100949068606461e-12	4.987570962707577e-14	5.22424201801977e-14	0.38	0.49044
28103.732696384963	1.1215535862319481e-12	5.080303071308758e-14	5.3213440790702896e-14	0.38	0.49044
28369.835699524974	1.0587787794670844e-12	4.797785980100112e-14	5.0255138131777526e-14	0.38	0.49044
28586.00960790102	1.0297249325987283e-12	4.66702677212512e-14	4.8885926694241346e-14	0.38	0.49044
28802.189313222945	1.0587787794670844e-12	4.797785980100112e-14	5.0255138131777526e-14	0.38	0.49044
29017.563243069155	9.472277842918882e-13	5.1311339236185185e-14	5.4250065887250455e-14	0.38	0.49044
29233.342959126167	1.0107971957447334e-12	5.4728830375215473e-14	5.78617076701184e-14	0.38	0.49044
31555.755991519287	7.364601098603343e-13	5.2817397799047767e-14	5.689800519973265e-14	0.38	0.49044
31771.52991063042	8.951751720202688e-13	4.851293760798957e-14	5.129268261101402e-14	0.38	0.49044
31987.709615952335	8.388255077117883e-13	4.548361424405411e-14	4.809126572664405e-14	0.38	0.49044
32203.889321274262	7.787205370004794e-13	4.906724137948123e-14	5.2366882717415674e-14	0.38	0.49044
32463.54612060868	8.787028366146099e-13	5.530965114762333e-14	5.902495698700416e-14	0.38	0.49044
32680.12581519551	8.466541244818665e-13	6.064456426425063e-14	6.53235953612548e-14	0.38	0.49044
32895.499745041736	9.37708879217556e-13	7.515604132413933e-14	8.170454513673913e-14	0.38	0.49044
33111.679450363656	8.310677476338242e-13	5.2335591451117454e-14	5.5852865151441665e-14	0.38	0.49044
33394.68634765573	8.976727222300257e-13	4.0727408035394485e-14	4.2663029524659014e-14	0.38	0.49044
33485.57666192533	9.094173351388158e-13	3.3972089729456014e-14	3.529039362868491e-14	0.38	0.49044
33610.06027750194	8.893756367986645e-13	4.035401901947069e-14	4.2272046566617574e-14	0.38	0.49044
33826.23998282387	8.730084119045079e-13	4.7321295035700116e-14	5.003334530039088e-14	0.38	0.49044
34042.013901935	8.649377025730383e-13	4.688736463361725e-14	4.9574760335724615e-14	0.38	0.49044
34053.88604707334	8.76258065374992e-13	1.7331513196508154e-14	1.7681230350923202e-14	0.38	0.49044
34496.51184885	8.395126186805796e-13	3.8109942469078535e-14	3.99222245566084e-14	0.38	0.49044
34639.48192480073	7.276076028186033e-13	5.469877099710229e-14	5.914507249755307e-14	0.38	0.49044
34712.28576796113	8.395126186805796e-13	3.8109942469078535e-14	3.99222245566084e-14	0.38	0.49044
34927.65969780736	8.395126186805796e-13	3.8109942469078535e-14	3.99222245566084e-14	0.38	0.49044
34986.98564182389	8.388255077117883e-13	9.543702486062703e-14	1.0768933428478726e-13	0.38	0.49044
35143.83940312928	8.013983213203924e-13	3.6394739818530717e-14	3.8126205027960833e-14	0.38	0.49044
35360.0191084512	8.24055435568595e-13	3.741434474161575e-14	3.919385156978578e-14	0.38	0.49044
35864.57947988514	6.647966592962797e-13	1.7133062133544135e-13	2.308163398024899e-13	0.38	0.49044
36190.512761332226	7.029843040662771e-13	2.569304869905506e-14	2.6667714688349414e-14	0.38	0.49044
36406.692466654145	6.525287157680626e-13	2.3868425992034767e-14	2.4774641588284625e-14	0.38	0.49044
36622.47218271114	6.772921286994058e-13	2.476395383216014e-14	2.5703765219654726e-14	0.38	0.49044
36838.6460910872	6.464796049743971e-13	2.364968353382146e-14	2.4547693587604833e-14	0.38	0.49044
37099.10866589732	6.964725886359702e-13	4.393215324009323e-14	4.688987659886108e-14	0.38	0.49044
37314.882585008454	7.572987297881026e-13	5.429759123599536e-14	5.849136597169956e-14	0.38	0.49044
37530.25651485468	6.772921286994058e-13	4.861469977101824e-14	5.2374002912939235e-14	0.38	0.49044
37746.43622017659	7.296409974746133e-13	5.233302383863592e-14	5.63765985353765e-14	0.38	0.49044
38007.29878425163	7.316807486206302e-13	3.972361912652385e-14	4.2004057970564387e-14	0.38	0.49044
38222.672714097855	7.249052221590606e-13	3.9359368631206336e-14	4.161911521281563e-14	0.38	0.49044
38438.852419419774	7.454196352130376e-13	4.046224387671511e-14	4.2784644066654485e-14	0.38	0.49044
38654.22634926599	7.454196352130376e-13	4.046224387671511e-14	4.2784644066654485e-14	0.38	0.49044
38917.90622903304	7.101394319091652e-13	3.228782739856744e-14	3.382578023541479e-14	0.38	0.49044
39134.08593435495	7.167776060185986e-13	3.258655669993597e-14	3.41385847169886e-14	0.38	0.49044
39349.85985346609	7.167776060185986e-13	3.258655669993597e-14	3.41385847169886e-14	0.38	0.49044
44684.78913609405	5.120109256849575e-13	4.566980892666204e-14	5.0142353534987594e-14	0.38	0.49044
46265.42497517513	6.772921286994058e-13	6.021218903635897e-14	6.608745328580097e-14	0.38	0.49044
47272.203751912195	5.92808508500539e-13	2.3303971345660825e-14	2.4257563538608754e-14	0.38	0.49044
49604.04261828722	5.481290610582451e-13	1.065213041263995e-14	1.0863242510404214e-14	0.38	0.49044
49987.48739969405	4.632715477080362e-13	3.6620409679613333e-14	3.9763620339498815e-14	0.38	0.49044
50488.882638683885	5.269939487086432e-13	2.4046385427890493e-14	2.5196065224278997e-14	0.38	0.49044
50697.81616167039	5.124326913670281e-13	2.3391153617308854e-14	2.4509966694141093e-14	0.38	0.49044
50909.161214138105	5.319382600408799e-13	2.426885830308662e-14	2.542901781106396e-14	0.38	0.49044
51118.49472638953	5.124326913670281e-13	2.3391153617308854e-14	2.4509966694141093e-14	0.38	0.49044
51327.8340355868	5.470462287042161e-13	2.4948662901534386e-14	2.6140845783324887e-14	0.38	0.49044
51537.16754783823	5.172418166778928e-13	2.3607585423658196e-14	2.4736595638609994e-14	0.38	0.49044
51796.81855022678	5.019120568813877e-13	1.3885395728958474e-14	1.4280464748537278e-14	0.38	0.49044
52006.15785942407	4.926172646411135e-13	1.3632314028632899e-14	1.402030113665722e-14	0.38	0.49044
52215.49137167548	4.834923739192376e-13	1.3383825557192188e-14	1.3764858378588195e-14	0.38	0.49044
52426.03064866751	4.789926268830959e-13	1.32612816074428e-14	1.363888468624834e-14	0.38	0.49044
52634.56418238909	4.926172646411135e-13	1.3632314028632899e-14	1.402030113665722e-14	0.38	0.49044
52843.89769464051	4.614021654158692e-13	1.6957530115253235e-14	1.760453494953514e-14	0.38	0.49044
52989.88218244277	5.120109256849575e-13	6.695303183241788e-14	7.702522363818342e-14	0.38	0.49044
54188.64421244734	4.886370892949634e-13	1.7942215681652536e-14	1.862614729343268e-14	0.38	0.49044
58036.52355009259	3.9027724300389203e-13	2.7890394321272893e-14	3.0036923915885966e-14	0.38	0.49044
58158.636214809056	3.9174478918423554e-13	1.01974063515411e-13	1.3786005443407245e-13	0.38	0.49044
58885.76452591181	3.8918028196802445e-13	2.2519155477028795e-14	2.3902210092749255e-14	0.38	0.49044
59505.968170473156	3.9717694262158553e-13	1.463573160524193e-14	1.519568340507952e-14	0.38	0.49044
59715.30168272457	4.2015973296021833e-13	1.9239449828948163e-14	2.016271673584952e-14	0.38	0.49044
59924.63519497598	4.1624058991106926e-13	1.5324885592866525e-14	1.591067486453762e-14	0.38	0.49044
60135.180268913886	3.861531913365004e-13	2.793593072910431e-14	3.0114542179535465e-14	0.38	0.49044
62014.909530071665	4.3797087242051213e-13	8.143777660796349e-15	8.298074854706708e-15	0.38	0.49044
62591.58390810768	4.218643518187261e-13	7.850426913505866e-15	7.999284715181888e-15	0.38	0.49044
67104.28598266284	3.402508575005267e-13	1.8171309262248305e-14	1.919651089988851e-14	0.38	0.49044
72615.44821663402	3.576383053946113e-13	2.7932716969079783e-14	3.029918179304863e-14	0.38	0.49044
73036.486191997	3.431436988805186e-13	6.4176856692172145e-15	6.540000808923398e-15	0.38	0.49044
74005.55003891468	3.339067729750704e-13	1.7839719044923366e-14	1.884664327712239e-14	0.38	0.49044
74032.70873030782	3.2308234646118893e-13	1.9909858064495826e-14	2.1217372642236465e-14	0.38	0.49044
77775.69233246558	3.2338660601233447e-13	9.626894423730755e-14	1.370747078760069e-13	0.38	0.49044
109306.3243605915	1.6286134922550378e-13	1.2080457165426975e-14	1.3048334748135654e-14	0.38	0.49044
110977.6650116744	1.5109358588820169e-13	1.1245299753155734e-14	1.2149542272197113e-14	0.38	0.49044
120542.92713561095	1.514029817799322e-13	2.9444680426423877e-15	3.0028674690938543e-15	0.38	0.49044
127420.42371380264	1.414924375372758e-13	4.087231275238663e-15	4.208809343142692e-15	0.38	0.49044
185502.26778669388	9.072739227598849e-14	2.958512933610365e-14	4.390059356245317e-14	0.38	0.49044
185881.35326480772	7.077684973901173e-14	3.5455622114916677e-15	3.732543777037202e-15	0.38	0.49044
202093.18483132496	5.745846615506197e-14	8.306045773184105e-15	9.70964697634409e-15	0.38	0.49044
225770.77544886075	6.575773238110477e-14	9.376143773878392e-15	1.0935377457073532e-14	0.38	0.49044
237674.78060170147	5.121684574637517e-14	1.7379722877270967e-14	2.6306450142446752e-14	0.38	0.49044
237674.78060170147	4.827403804708891e-14	1.7229723983026085e-14	2.6792292765143767e-14	0.38	0.49044
243369.70022275305	4.577180387480082e-14	3.700506151794084e-15	4.025995179245354e-15	0.38	0.49044
244176.61769678752	4.621375188883399e-14	4.26267937672338e-15	4.695813367838806e-15	0.38	0.49044
301441.18515337753	3.481301429174089e-14	3.708087152092499e-15	4.150136421836071e-15	0.38	0.49044
344935.67000348895	2.714811176081327e-14	3.3168526645244736e-15	3.778494726897765e-15	0.38	0.49044
357967.7144467406	2.7403020044767087e-14	2.496021901184456e-15	2.7461574372004917e-15	0.38	0.49044
403419.317785352	2.161422302454585e-14	4.3383792373557724e-15	5.4278504457650365e-15	0.38	0.49044
518576.2271543973	1.2224706143519606e-14	1.7477600735900279e-15	2.0393207301445915e-15	0.38	0.49044