Tstart(daltrigger) Tend    Terr Exposure Filter     Mag         Err   Err+   Err-   1sigma   Telescope       Reference  UpperLimit  LowerLimit
#    171.0430 -9. -9.     14.1860 -9. v  6.19352e+01  -9.   4.82875e-01 -3.33058e-01  -9.  UVOT oates09 0 NNN 0. 0. 0 nnn 
#    205.2290 -9. -9.     20.0000 -9. v  6.15064e+01  -9.   2.68518e-01 -2.15103e-01  -9. UVOT oates09 0 NNN 0. 0. 0 nnn 
#    240.9245 -9. -9.     15.6955 -9. v  6.16804e+01  -9.   3.54451e-01 -2.66776e-01  -9. UVOT oates09 0 NNN 0. 0. 0 nnn 
#    321.8520 -9. -9.     19.8000 -9. v  6.13389e+01	 -9.   -9.         -9.		 -9. UVOT oates09 1 NNN 0. 0. 0 nnn  
#    405.5520 -9. -9.     18.5000 -9. v  6.10925e+01  -9.   3.27595e-01 -2.51322e-01  -9. UVOT oates09 0 NNN 0. 0. 0 nnn 
#    518.0520 -9. -9.     47.0000 -9. v  6.10512e+01  -9.   2.73874e-01 -2.18520e-01  -9. UVOT oates09 0 NNN 0. 0. 0 nnn 
#    631.0520 -9. -9.     47.0000 -9. v  6.11882e+01  -9.   2.54240e-01 -2.05857e-01  -9. UVOT oates09 0 NNN 0. 0. 0 nnn 
#    771.0520 -9. -9.     47.0000 -9. v  6.11574e+01  -9.   3.08797e-01 -2.40140e-01  -9. UVOT oates09 0 NNN 0. 0. 0 nnn 
#   4015.0850 -9. -9.     49.8560 -9. v  6.20304e+01  -9.   3.39508e-01 -2.58251e-01  -9. UVOT oates09 0 NNN 0. 0. 0 nnn 
#  10200.5520 -9. -9.    449.5000 -9. v  6.29291e+01  -9.   2.32162e-01 -1.91158e-01  -9. UVOT oates09 0 NNN 0. 0. 0 nnn 
#  11984.5520 -9. -9.    418.5000 -9. v  6.30931e+01  -9.   1.41697e-01 -1.25321e-01  -9. UVOT oates09 0 NNN 0. 0. 0 nnn 
#  22649.0520 -9. -9.   1325.0000 -9. v  6.41699e+01  -9.   3.38339e-01 -2.57577e-01  -9. UVOT oates09 0 NNN 0. 0. 0 nnn 
#  34220.5520 -9. -9.   1325.5000 -9. v  6.42815e+01	 -9.   -9.         -9.		 -9. UVOT oates09 1 NNN 0. 0. 0 nnn 
#  45792.0520 -9. -9.   1326.0000 -9. v  6.40274e+01	 -9.   -9.         -9.		 -9. UVOT oates09 1 NNN 0. 0. 0 nnn  
#  57499.5520 -9. -9.   1189.5000 -9. v  6.39681e+01	 -9.   -9.         -9.		 -9.  UVOT oates09 1 NNN 0. 0. 0 nnn 
#  72685.0520 -9. -9.   3362.0000 -9. v  6.47709e+01	 -9.   -9.         -9.		 -9.  UVOT oates09 1 NNN 0. 0. 0 nnn 
#  95238.5520 -9. -9.   8893.5000 -9. v  6.44124e+01	 -9.   -9.         -9.		 -9.  UVOT oates09 1 NNN 0. 0. 0 nnn 
# 121916.0520 -9. -9.  11990.0000 -9. v  6.47564e+01	 -9.   -9.         -9.		 -9. UVOT oates09 1 NNN 0. 0. 0 nnn 
# 152746.5520 -9. -9.  14678.5000 -9. v  6.59288e+01	 -9.   -9.         -9.		 -9.  UVOT oates09 1 NNN 0. 0. 0 nnn 
# 217683.5520 -9. -9.   2951.5000 -9. v  6.39782e+01	 -9.   -9.         -9.		 -9.  UVOT oates09 1 NNN 0. 0. 0 nnn 
# 364505.5520 -9. -9.  35078.5000 -9. v  6.63356e+01	 -9.   -9.         -9.		 -9.  UVOT oates09 1 NNN 0. 0. 0 nnn 
# 448795.5520 -9. -9.  43842.5000 -9. v  7.05833e+01	 -9.   -9.         -9.		 -9.  UVOT oates09 1 NNN 0. 0. 0 nnn 
# 496508.5520 -9. -9.    250.5000 -9. v  6.78439e+01	 -9.   -9.         -9.		 -9. UVOT oates09 1 NNN 0. 0. 0 nnn 
   2470.12   -9. -9. -9. 300. BB  19.68  0.04 -9. -9.  -9.  OSN  pandey07 0 NNN 0. 0. 0 nnn
   3653.80   -9. -9. -9. 300. BB  19.61  0.03 -9. -9.  -9.  OSN  pandey07 0 NNN 0. 0. 0 nnn
   4984.36   -9. -9. -9. 300. BB  19.77  0.04 -9. -9.  -9.  OSN  pandey07 0 NNN 0. 0. 0 nnn
  10755.88   -9. -9. -9. 240. BB  19.96  0.18 -9. -9.  -9.  LT   pandey07 0 NNN 0. 0. 0 nnn
   2159.08   -9. -9. -9. 300. VB  18.00  0.01 -9. -9.  -9.  OSN   pandey07 0 NNN 0. 0. 0 nnn
   3420.52   -9. -9. -9. 300. VB  18.21  0.01 -9. -9.  -9.  OSN   pandey07 0 NNN 0. 0. 0 nnn
   4673.32   -9. -9. -9. 300. VB  18.28  0.02 -9. -9.  -9.  OSN   pandey07 0 NNN 0. 0. 0 nnn
   6012.52   -9. -9. -9. 300. VB  18.60  0.02 -9. -9.  -9.  OSN   pandey07 0 NNN 0. 0. 0 nnn
   7256.68   -9. -9. -9. 300. VB  18.69  0.04 -9. -9.  -9.  OSN   pandey07 0 NNN 0. 0. 0 nnn
  10418.92   -9. -9. -9. 240. VB  18.56  0.08 -9. -9.  -9.  LT   pandey07 0 NNN 0. 0. 0 nnn
  10488.04   -9. -9. -9. 225. VB  18.67  0.12 -9. -9.  -9.  CTIO   pandey07 0 NNN 0. 0. 0 nnn
  11075.56   -9. -9. -9. 225. VB  18.92  0.08 -9. -9.  -9.  CTIO   pandey07 0 NNN 0. 0. 0 nnn
  11239.72   -9. -9. -9. 1000. VB  18.92  0.06 -9. -9.  -9.  CTIO   pandey07 0 NNN 0. 0. 0 nnn
  11369.32   -9. -9. -9. 225. VB  18.92  0.07 -9. -9.  -9.  CTIO   pandey07 0 NNN 0. 0. 0 nnn
  12000.04   -9. -9. -9. 225. VB  19.13  0.07 -9. -9.  -9.  CTIO   pandey07 0 NNN 0. 0. 0 nnn
   2617.00   -9. -9. -9. 120. rr  16.78  0.20 -9. -9.  -9.  LT   pandey07 0 NNN 0. 0. 0 nnn
   3005.80   -9. -9. -9. 240. rr  17.11  0.10 -9. -9.  -9.  LT   pandey07 0 NNN 0. 0. 0 nnn
   3671.08   -9. -9. -9. 360. rr  17.29  0.05 -9. -9.  -9.  LT   pandey07 0 NNN 0. 0. 0 nnn
   4483.24   -9. -9. -9. 240. rr  17.46  0.04 -9. -9.  -9.  LT   pandey07 0 NNN 0. 0. 0 nnn
   4751.08   -9. -9. -9. 240. rr  17.50  0.04 -9. -9.  -9.  LT   pandey07 0 NNN 0. 0. 0 nnn
   5779.24   -9. -9. -9. 240. rr  17.74  0.04 -9. -9.  -9.  LT   pandey07 0 NNN 0. 0. 0 nnn
   6047.08   -9. -9. -9. 240. rr  17.84  0.05 -9. -9.  -9.  LT   pandey07 0 NNN 0. 0. 0 nnn
   9537.64   -9. -9. -9. 240. rr  17.70  0.05 -9. -9.  -9.  LT   pandey07 0 NNN 0. 0. 0 nnn
  11075.56   -9. -9. -9. 240. rr  17.88  0.04 -9. -9.  -9.  LT   pandey07 0 NNN 0. 0. 0 nnn
   1848.04   -9. -9. -9. 300. RB  17.07  0.01 -9. -9.  -9.  OSN   pandey07 0 NNN 0. 0. 0 nnn
   3109.48   -9. -9. -9. 300. RB  17.46  0.01 -9. -9.  -9.  OSN   pandey07 0 NNN 0. 0. 0 nnn
   4362.28   -9. -9. -9. 300. RB  17.42  0.01 -9. -9.  -9.  OSN   pandey07 0 NNN 0. 0. 0 nnn
   5701.48   -9. -9. -9. 300. RB  17.78  0.01 -9. -9.  -9.  OSN   pandey07 0 NNN 0. 0. 0 nnn
   6314.92   -9. -9. -9. 300. RB  17.93  0.01 -9. -9.  -9.  OSN   pandey07 0 NNN 0. 0. 0 nnn
   6945.64   -9. -9. -9. 300. RB  17.88  0.02 -9. -9.  -9.  OSN   pandey07 0 NNN 0. 0. 0 nnn
   7559.08   -9. -9. -9. 300. RB  17.91  0.02 -9. -9.  -9.  OSN   pandey07 0 NNN 0. 0. 0 nnn
  72696.04   -9. -9. -9. 1100. RB  21.48  0.07 -9. -9.  -9.  HCT   pandey07 0 NNN 0. 0. 0 nnn
   2781.16   -9. -9. -9. 120. ii  16.68  0.13 -9. -9.  -9.  LT   pandey07 0 NNN 0. 0. 0 nnn
   3308.20   -9. -9. -9. 240. ii  16.76  0.06 -9. -9.  -9.  LT   pandey07 0 NNN 0. 0. 0 nnn
   4111.72   -9. -9. -9. 360. ii  16.74  0.03 -9. -9.  -9.  LT   pandey07 0 NNN 0. 0. 0 nnn
   5070.76   -9. -9. -9. 240. ii  16.90  0.04 -9. -9.  -9.  LT   pandey07 0 NNN 0. 0. 0 nnn
   5329.96   -9. -9. -9. 240. ii  16.92  0.04 -9. -9.  -9.  LT   pandey07 0 NNN 0. 0. 0 nnn
   6427.24   -9. -9. -9. 360. ii  17.18  0.04 -9. -9.  -9.  LT   pandey07 0 NNN 0. 0. 0 nnn
   6764.20   -9. -9. -9. 240. ii  17.14  0.04 -9. -9.  -9.  LT   pandey07 0 NNN 0. 0. 0 nnn
   9909.16   -9. -9. -9. 240. ii  17.08  0.04 -9. -9.  -9.  LT   pandey07 0 NNN 0. 0. 0 nnn
   1493.80   -9. -9. -9. 300. IB  15.66  0.01 -9. -9.  -9.  OSN   pandey07 0 NNN 0. 0. 0 nnn
   2798.44   -9. -9. -9. 300. IB  16.35  0.01 -9. -9.  -9.  OSN   pandey07 0 NNN 0. 0. 0 nnn
   4051.24   -9. -9. -9. 300. IB  16.34  0.01 -9. -9.  -9.  OSN   pandey07 0 NNN 0. 0. 0 nnn
   5347.24   -9. -9. -9. 300. IB  16.59  0.01 -9. -9.  -9.  OSN   pandey07 0 NNN 0. 0. 0 nnn
   6617.32   -9. -9. -9. 300. IB  16.87  0.01 -9. -9.  -9.  OSN   pandey07 0 NNN 0. 0. 0 nnn
   7861.48   -9. -9. -9. 300. IB  16.80  0.02 -9. -9.  -9.  OSN   pandey07 0 NNN 0. 0. 0 nnn
  10202.92   -9. -9. -9. 400. IB  16.74  0.01 -9. -9.  -9.  IAC80  pandey07 0 NNN 0. 0. 0 nnn
  10323.88   -9. -9. -9. 225. IB 16.87  0.03 -9. -9.  -9.  CTIO   pandey07 0 NNN 0. 0. 0 nnn
  11239.72   -9. -9. -9. 225. IB 16.97  0.02 -9. -9.  -9.  CTIO   pandey07 0 NNN 0. 0. 0 nnn
  11654.44   -9. -9. -9. 225. IB 17.10  0.02 -9. -9.  -9.  CTIO   pandey07 0 NNN 0. 0. 0 nnn
  12501.16   -9. -9. -9. 225. IB 17.22  0.02 -9. -9.  -9.  CTIO   pandey07 0 NNN 0. 0. 0 nnn
  93699.88   -9. -9. -9. 4900. IB 20.75  0.08 -9. -9.  -9.  IAC80  pandey07 0 NNN 0. 0. 0 nnn
 117857.32   -9. -9. -9. 2160. IB 20.73  0.01 -9. -9.  -9.  CTIO   pandey07 0 NNN 0. 0. 0 nnn
 276643.24   -9. -9. -9. 3300. IB 22.64  0.46 -9. -9.  -9.  OSN   pandey07 0 NNN 0. 0. 0 nnn
  10496.68   -9. -9. -9. 180.  J  16.17  0.07 -9. -9.  -9.  CTIO   pandey07 0 NNN 0. 0. 0 nnn
  11084.20   -9. -9. -9. 180.  J  16.14  0.08 -9. -9.  -9.  CTIO   pandey07 0 NNN 0. 0. 0 nnn
  11377.96   -9. -9. -9. 180.  J  16.55  0.08 -9. -9.  -9.  CTIO   pandey07 0 NNN 0. 0. 0 nnn
  12000.04   -9. -9. -9. 180.  J  16.46  0.07 -9. -9.  -9.  CTIO   pandey07 0 NNN 0. 0. 0 nnn
  16959.40   -9. -9. -9. 180.  J  19.5   100. -9. -9.  -9.  CTIO   pandey07 1 NNN 0. 0. 0 nnn
  10505.32   -9. -9. -9. 360.  KS  14.73  0.10 -9. -9.  -9.  CTIO   pandey07 0 NNN 0. 0. 0 nnn
  11974.12   -9. -9. -9. 360.  KS  15.01  0.10 -9. -9.  -9.  CTIO   pandey07 0 NNN 0. 0. 0 nnn 
  1607. -9. -9. 1.d-3  -9.   RC  17.00  0.41 -9. -9.  -9.  TAROT  GCN3720 0 NNN 0. 0. 0 nnn 
  2256. -9. -9. 1.d-3  -9.   RC  17.30  0.44 -9. -9.  -9.  TAROT  GCN3720 0 NNN 0. 0. 0 nnn 
  2916. -9. -9. 1.d-3  -9.   RC  17.34  0.37 -9. -9.  -9.  TAROT  GCN3720 0 NNN 0. 0. 0 nnn 
  3672. -9. -9. 1.d-3  -9.   RC  17.92  0.42 -9. -9.  -9.  TAROT  GCN3720 0 NNN 0. 0. 0 nnn 
  4708. -9. -9. 1.d-3  -9.   RC  17.54  0.39 -9. -9.  -9.  TAROT  GCN3720 0 NNN 0. 0. 0 nnn 
  5844. -9. -9. 1.d-3  -9.   RC  18.74  0.53 -9. -9.  -9.  TAROT  GCN3720 0 NNN 0. 0. 0 nnn 
-9. -9. 170. -9. 99.    v 17.568  0.200  -9. -9. -9. UVOT perri07 0 NNN 0. 0. 2 nnn 	
-9. -9. 270. -9. 10.    b 18.619  0.400  -9. -9. -9. UVOT perri07 0 NNN 0. 0. 2 nnn 	
-9. -9. 299. -9. 9.7    v 17.368  0.500  -9. -9. -9. UVOT perri07 0 NNN 0. 0. 2 nnn 	
-9. -9. 383. -9. 9.7    v 17.468  0.500  -9. -9. -9. UVOT perri07 0 NNN 0. 0. 2 nnn 	
-9. -9. 468. -9. 9.7    v 16.568  0.300  -9. -9. -9. UVOT perri07 0 NNN 0. 0. 2 nnn 	
-9. -9. 524. -9. 30.    b 19.219  0.400  -9. -9. -9. UVOT perri07 0 NNN 0. 0. 2 nnn 	
-9. -9. 552. -9. 9.7    v 16.468  0.300  -9. -9. -9. UVOT perri07 0 NNN 0. 0. 2 nnn 	
-9. -9. 637. -9. 9.7    v 17.168  0.400  -9. -9. -9. UVOT perri07 0 NNN 0. 0. 2 nnn 	
-9. -9. 721. -9. 9.7    v 16.968  0.400  -9. -9. -9. UVOT perri07 0 NNN 0. 0. 2 nnn 	
-9. -9. 734. -9. 20.    b 19.419  0.500  -9. -9. -9. UVOT perri07 0 NNN 0. 0. 2 nnn 	
-9. -9. 10164. -9. 900. b 20.419  0.300  -9. -9. -9. UVOT perri07 0 NNN 0. 0. 2 nnn
-9. -9. 11947. -9. 837. v 18.768  0.200  -9. -9. -9. UVOT perri07 0 NNN 0. 0. 2 nnn
-9. -9. 23519. -9. 835. v 19.668  0.300  -9. -9. -9. UVOT perri07 0 NNN 0. 0. 2 nnn
-9. -9. 34990. -9. 843. v 20.068  0.400  -9. -9. -9. UVOT perri07 0 NNN 0. 0. 2 nnn

# -9. -9. 170. -9. 99. v 17.4  0.2 -9. -9. -9. UVOT perri07 0 NNN 0. 0. 1 nnn 
# -9. -9. 270. -9. 10. b 18.4  0.4 -9. -9. -9. UVOT perri07 0 NNN 0. 0. 1 nnn 
# -9. -9. 299. -9. 9.7 v 17.2  0.5 -9. -9. -9. UVOT perri07 0 NNN 0. 0. 1 nnn 
# -9. -9. 383. -9. 9.7 v 17.3  0.5 -9. -9. -9. UVOT perri07 0 NNN 0. 0. 1 nnn 
# -9. -9. 468. -9. 9.7 v 16.4  0.3 -9. -9. -9. UVOT perri07 0 NNN 0. 0. 1 nnn 
# -9. -9. 524. -9. 30. b 19.0  0.4 -9. -9. -9. UVOT perri07 0 NNN 0. 0. 1 nnn 
# -9. -9. 552. -9. 9.7 v 16.3  0.3 -9. -9. -9. UVOT perri07 0 NNN 0. 0. 1 nnn 
# -9. -9. 637. -9. 9.7 v 17.0  0.4 -9. -9. -9. UVOT perri07 0 NNN 0. 0. 1 nnn 
# -9. -9. 721. -9. 9.7 v 16.8  0.4 -9. -9. -9. UVOT perri07 0 NNN 0. 0. 1 nnn 
# -9. -9. 734. -9. 20. b 19.2  0.5 -9. -9. -9. UVOT perri07 0 NNN 0. 0. 1 nnn 
# -9. -9. 10164. -9. 900. b 20.2  0.3 -9. -9. -9. UVOT perri07 0 NNN 0. 0. 1 nnn 
# -9. -9. 11947. -9. 837. v 18.6  0.2 -9. -9. -9. UVOT perri07 0 NNN 0. 0. 1 nnn 
# -9. -9. 23519. -9. 835. v 19.5  0.3 -9. -9. -9. UVOT perri07 0 NNN 0. 0. 1 nnn 
# -9. -9. 34990. -9. 843. v 19.9  0.4 -9. -9. -9. UVOT perri07 0 NNN 0. 0. 1 nnn 
