Skip Single 
log on
read serr 1,2
skip on
! this is NONE
  119.9069    10.0018  3.97706e+00   2.06247e-01 
  139.9213    10.0016  3.69822e+00   1.97422e-01 
  164.9384    15.0045  3.45346e+00   1.56008e-01 
  194.8100    14.8562  2.87868e+00   1.43139e-01 
  235.8956    20.0083  2.57208e+00   3.16164e-01 
  280.9271    25.0121  2.63589e+00   2.85864e-01 
  335.9647    30.0145  2.16032e+00   2.41753e-01 
  406.0131    40.0227  1.81246e+00   1.97033e-01 
  491.0722    45.0254  1.83813e+00   1.87514e-01 
  575.8816    39.7730  1.20150e+00   1.75957e-01 
  721.4055    49.9027  9.65625e-01   1.02181e-01 
  913.1903    88.1094  8.86197e-01   4.71124e-02 
 1111.3809   110.0702  7.28959e-01   8.70392e-02 
 1353.0070   131.5449  5.58202e-01   6.35384e-02 
 1663.1086   148.6688  4.08043e-01   5.14068e-02 
 2011.5446   169.8794  3.70807e-01   5.90781e-02 
 6522.0721   509.9525  1.10990e-01   1.42354e-02 
 7708.5852   261.2926  8.34766e-02   1.72845e-02 
12747.8214   453.5026  5.83875e-02   2.42927e-02 
18813.5052   733.4354  6.84751e-02   9.11037e-03 
27401.5131  2695.4581  5.07646e-02   1.32532e-02 
64096.5721  6401.7353  1.27622e-02   3.75719e-03 
73403.5232  2899.9752  1.15683e-02   5.83024e-03 
99547.5943  6637.9539  1.34341e-02   5.05782e-03 
128364.6531 12560.8550  2.58647e-03   4.67029e-03 
160384.0291 15281.4585  1.20106e-02   5.27542e-03 
198260.9316 17505.7709  1.04667e-02   5.80169e-03 
244721.1715 23524.3413  5.57805e-03   3.24132e-03 
302290.4906 29555.0095  2.77946e-03   4.20502e-03 
371860.1708 35225.3360  2.22062e-03   3.35180e-03 
455470.6087 44074.9042  4.23652e-03   4.33219e-03 
547885.3197 44241.6070  3.31095e-03   2.47683e-03 
no no no no ! that was NONE
