40.3	0.001	4.071009890996842e-12	1.724787840326126e-13
65.3	0.001	3.3581659693669203e-12	1.5464926246931344e-13
90.3	0.001	2.819045952023566e-12	1.4540049154309783e-13
102.	0.001	2.697658400360863e-12	6.959034568407179e-13
115.3	0.001	2.580489846599406e-12	1.3071954773799362e-13
127.	0.001	2.7973226067101064e-12	7.014746187126035e-13
140.3	0.001	2.995726461297638e-12	1.3795830582096706e-13
152.	0.001	3.739267690652106e-12	8.309907188264773e-13
165.3	0.001	2.4598133505041243e-12	1.3366874128512194e-13
166.6	0.001	4.196242303951589e-12	8.12467746970585e-13
177.	0.001	2.1503787188764438e-12	6.200048896323654e-13
181.	0.001	3.048839452740571e-12	7.01368283688083e-13
190.5	0.001	1.8832247472855487e-12	1.387611313500737e-13
195.4	0.001	3.444902672548712e-12	6.939748750675065e-13
210.	0.001	3.048839452740571e-12	6.369999835681463e-13
215.3	0.001	2.1404355398019842e-12	1.5179888133702502e-13
224.6	0.001	1.8185487693332478e-12	5.656001060555491e-13
238.9	0.001	3.317845481525965e-12	6.692235021542333e-13
240.3	0.001	2.0197710964229465e-12	1.7858668614787328e-13
243.	0.001	2.3971265061047948e-12	8.547277725809128e-13
255.9	0.001	2.1739430031791984e-12	8.028537121468969e-13
265.5	0.001	2.168214045787152e-12	1.7373891244227452e-13
282.2	0.001	2.723783313382356e-12	6.08846790170918e-13
296.7	0.001	2.278499584879652e-12	6.143734700244006e-13
300.3	0.001	1.941342457570286e-12	1.0013038183417502e-13
318.5	0.001	1.7680077001581475e-12	3.4236278756802345e-13
319.	0.001	2.2913263729891264e-12	6.94206805393903e-13
333.	0.001	2.5446669808185724e-12	8.67404900592834e-13
345.3	0.001	1.6417315777691085e-12	1.0282216804862583e-13
348.2	0.001	2.1739430031791984e-12	3.8166786024779924e-13
377.7	0.001	1.9421651313850613e-12	3.988488975899621e-13
390.3	0.001	1.857385934698383e-12	9.0667932911815e-14
417.	0.001	1.671103511464907e-12	3.449170634787808e-13
428.	0.001	1.5780158149561078e-12	7.402771168321013e-13
435.5	0.001	1.5606379065461649e-12	8.193183836382856e-14
466.	0.001	1.6554762390370837e-12	4.236492738351158e-13
480.2	0.001	1.92177328866223e-12	8.319087709474253e-14
505.8	0.001	1.4514448904978612e-12	2.919024189037081e-13
506.	0.001	1.6681156304633e-12	5.862505912435964e-13
522.	0.001	1.0657333316123833e-12	7.995395425632563e-13
525.2	0.001	1.34060906086117e-12	8.025852972633945e-14
554.7	0.001	1.5212526619321227e-12	3.4559118266233094e-13
570.2	0.001	1.1399929073530901e-12	7.559800560450588e-14
584.	0.001	1.492936551766042e-12	3.606942965965693e-13
615.2	0.001	1.2080979564180196e-12	8.233975339200112e-14
633.8	0.001	1.0545679026831647e-12	2.27824165224139e-13
660.2	0.001	1.1719312889900814e-12	7.987475917426688e-14
703.	0.001	1.0349375600482066e-12	2.5231428923918325e-13
705.2	0.001	9.088707939652984e-13	7.617618742872828e-14
750.4	0.001	9.351949393126054e-13	7.665982918332321e-14
756.	0.001	8.758250198608222e-13	3.84456990125001e-13
772.2	0.001	1.0447071060043965e-12	2.5463685716385875e-13
788.	0.001	5.931898962016507e-13	3.8619497300397455e-13
795.2	0.001	9.113855695035707e-13	7.302929245790776e-14
840.2	0.001	9.105465388077718e-13	7.799392723186557e-14
841.6	0.001	7.662112896260908e-13	2.1104091048267213e-13
885.2	0.001	9.421111593852934e-13	7.375589991577174e-14
911.2	0.001	1.0745705869615602e-12	2.3200816286278826e-13
930.2	0.001	7.85058729101211e-13	7.519884647775533e-14
975.4	0.001	9.756681956541027e-13	7.638300966163987e-14
1010.5	0.001	6.231390177761697e-13	1.5384405221735403e-13
1020.2	0.001	6.958283932111073e-13	7.690579831747264e-14
1036.	0.001	1.538133925742448e-12	3.238047959335263e-13
1065.2	0.001	9.499530645778086e-13	7.786958269495805e-14
1110.2	0.001	8.560559446556912e-13	7.411492843430006e-14
1119.4	0.001	6.654970670784565e-13	2.0473877898482509e-13
1155.4	0.001	6.762420086086231e-13	7.349534717852624e-14
1188.8	0.001	5.619568180372701e-13	2.0104814348358378e-13
1249.	0.001	6.858288434903473e-13	2.495986650330114e-13
1258.6	0.001	6.290207114313405e-13	2.0904011677997416e-13
1357.8	0.001	4.7452570561268e-13	1.467806701042115e-13
1587.	0.001	4.61337697175863e-13	1.1806221153762937e-13
1904.2	0.001	4.7452570561268e-13	1.5059031980804993e-13
2362.1	0.001	1.522502927177319e-13	4.9177065540919824e-14
2520.	0.001	3.4554303351153865e-13	2.4187524730037403e-14
2759.9	0.001	3.128254953598266e-13	2.7659801973510237e-14
2936.5	0.001	2.830412543956624e-13	8.167183736204039e-14
3412.8	0.001	3.2282900022879524e-13	7.038827778834108e-14
3938.7	0.001	3.1681967273943435e-13	6.723683636465898e-14
4595.2	0.001	3.3205723046226654e-13	1.1133281059320966e-13
4702.8	0.001	3.4269056025809785e-13	2.525037434482803e-14
5203.9	0.001	2.6535650585881364e-13	4.19544450965887e-14
5370.	0.001	3.1190801938031097e-13	8.46488121449291e-14
6944.	0.001	2.6783994056405285e-13	3.261784122437652e-14
7088.	0.001	2.506110058074742e-13	8.111857485519355e-14
7108.1	0.001	2.7726952611673287e-13	7.661240351486092e-15
7293.	0.001	2.289092481429115e-13	3.2754531746986834e-14
7297.3	0.001	2.8503759193916435e-13	1.0501173264579533e-14
7631.7	0.001	2.5287281289448197e-13	9.316178978502288e-15
8331.6	0.001	2.9041172098770163e-13	3.3968394379779625e-14
8676.3	0.001	2.3275667204924416e-13	1.071884117568297e-14
9019.3	0.001	2.2719132211165304e-13	2.1558551685205416e-14
11162.	0.001	2.2176088122483923e-13	2.829110922304864e-14
11505.	0.001	2.045983552807862e-13	1.1306523275586553e-14
11512.8	0.001	1.7791105592982764e-13	2.8488111918943797e-14
11854.1	0.001	2.3810874126254977e-13	2.1075489856735767e-14
12555.6	0.001	2.1201341351119096e-13	2.709381788580747e-14
13256.4	0.001	2.1677427308706038e-13	1.9247165320968118e-14
13959.6	0.001	1.9908243225405697e-13	2.6548366851477675e-14
14311.3	0.001	1.9182364440650082e-13	8.833805536190843e-15
14593.	0.001	2.045983552807862e-13	9.422102729655461e-15
14661.2	0.001	2.1677427308706038e-13	1.9247165320968118e-14
15069.9	0.001	1.5752886231252597e-13	2.9174156780832876e-14
15362.8	0.001	1.852671998363278e-13	2.691526705966963e-14
15711.8	0.001	1.5378080725323593e-13	1.1330988946032092e-14
16060.	0.001	1.9921266163646059e-13	1.7737639272166612e-14
16764.2	0.001	1.8694012881453434e-13	2.498409373638751e-14
16951.	0.001	1.4348527548930596e-13	7.764023628204065e-14
17462.3	0.001	1.6982926771992876e-13	1.6252108481147053e-14
18165.6	0.001	1.66320789115728e-13	2.1450995071300363e-14
18517.2	0.001	1.749452427033794e-13	1.1279136946995602e-14
18664.	0.001	1.328244833804063e-13	7.340624760108619e-14
18864.6	0.001	1.8480041303086531e-13	1.5459588404969505e-14
18907.8	0.001	1.508298628781149e-13	2.064441395105957e-14
19160.1	0.001	1.8319015810611104e-13	1.5185193817730823e-14
19612.8	0.001	1.1420989556863782e-13	2.946399319058684e-14
22235.	0.001	1.466513739095064e-13	2.1453126374173437e-14
22927.1	0.001	1.3768991620555404e-13	1.14135392749503e-14
23584.6	0.001	1.610282735276777e-13	1.6314377765374465e-14
23607.9	0.001	1.5955195742025554e-13	8.817167262961502e-15
23957.	0.001	2.2088251504755326e-13	1.959968744747219e-14
24037.3	0.001	1.748452092573953e-13	2.8012622125699312e-14
24643.	0.001	1.5607082872177641e-13	1.6011249676737737e-14
25755.8	0.001	1.6310141797243446e-13	2.4442511750085284e-14
25910.9	0.001	2.264134064582452e-13	3.3365513572668065e-14
26342.9	0.001	2.747275037840332e-13	2.5303338922373602e-14
26447.	0.001	1.0328035779063755e-13	1.8693073426484392e-14
27466.1	0.001	1.420869316551187e-13	2.723684453502919e-14
27483.8	0.001	1.3270953742641054e-13	1.1000700409430023e-14
28188.	0.001	1.31492849055983e-13	1.4533127173816335e-14
28209.2	0.001	1.402497629073675e-13	1.4209228997178054e-14
28491.	0.001	1.8065972191208378e-13	7.890357885190119e-14
28598.4	0.001	1.508298628781149e-13	2.1259535346235915e-14
28878.3	0.001	1.0521996037104708e-13	1.163878993006362e-14
29116.8	0.001	1.4285720071328885e-13	3.947290443105593e-15
30217.	0.001	1.712249062300646e-13	7.309369318552275e-14
30268.5	0.001	1.4403808406269927e-13	1.8678227661376032e-14
30450.	0.001	1.7396750587371468e-13	3.6381028806886374e-14
30609.8	0.001	1.547790356243821e-13	2.0822672078938823e-14
30951.1	0.001	1.304758501462978e-13	1.838319083321673e-14
31008.5	0.001	1.3028731535174987e-13	1.559987721611594e-14
31294.9	0.001	1.5339377529190517e-13	1.9844290101400576e-14
31423.2	0.001	1.3305063003611291e-13	3.260250311410676e-14
31525.2	0.001	1.6029092555337413e-13	2.7641728227126393e-14
31986.1	0.001	1.3270953742641054e-13	7.333800272953348e-15
32326.6	0.001	1.402497629073675e-13	6.458740453262753e-15
32789.1	0.001	1.2673662424958686e-13	4.6691499221508795e-15
33037.6	0.001	1.0326304654141511e-13	1.0705392348249117e-14
33902.9	0.001	1.33937483675889e-13	1.9737757579743973e-14
33961.2	0.001	1.225179537811167e-13	1.488417271391204e-14
34301.7	0.001	1.466513739095064e-13	1.767743247309725e-14
34643.8	0.001	1.1608436619404664e-13	1.781675170232089e-14
35041.2	0.001	1.31492849055983e-13	6.055469655756806e-15
35381.7	0.001	1.2215243674081807e-13	5.6253277601875815e-15
35722.9	0.001	1.145254836315822e-13	7.383731011146644e-15
38620.8	0.001	1.166546713718827e-13	6.446575561479869e-15
39962.7	0.001	1.2474080287516855e-13	2.7177495851622777e-14
41791.	0.001	1.6814708273329233e-13	7.315818474351303e-14
43027.2	0.001	1.1322150784397821e-13	1.569174978459168e-14
55814.4	0.001	9.266209886523403e-14	4.267247473497731e-15
57196.8	0.001	8.067216869790084e-14	1.5181321652618464e-14
57888.	0.001	8.090015099424169e-14	6.980556205827207e-15
128044.8	0.001	6.010382762114195e-14	7.196497437813079e-15
130636.8	0.001	4.476124198701442e-14	3.710396574369736e-15
214099.2	0.001	4.1200465967196584e-14	3.415232933694553e-15
292291.2	0.001	2.697131524027767e-14	3.2293950103242898e-15
316224.	0.001	2.552126075024634e-14	4.701190099971969e-15
317520.	0.001	2.1332970046294773e-14	2.7541720999835838e-15
400550.4	0.001	1.4550453222625492e-14	2.3627237705680623e-15
404784.	0.001	1.5797753084824333e-14	1.4468369914692937e-15
407548.8	0.001	1.5378080197683294e-14	1.6996482835878512e-15
486950.4	0.001	1.6251824424386404e-14	3.742120973082733e-15
656640.	0.001	5.9552790365855104e-15	8.227522277410266e-16
994118.4	0.001	2.623627111059323e-15	7.249349819293954e-16
40.3	nan	3.71918E-12	1.57573E-1365.3	nan	3.06794E-12	1.41284E-1390.3	nan	2.57541E-12	1.32834E-13115.3	nan	2.35747E-12	1.19422E-13140.3	nan	2.73683E-12	1.26035E-13165.3	nan	2.24723E-12	1.22117E-13190.5	nan	1.72047E-12	1.26769E-13215.3	nan	1.95545E-12	1.3868E-13240.3	nan	1.84522E-12	1.63153E-13265.5	nan	1.98083E-12	1.58724E-13300.3	nan	1.77357E-12	9.14769E-14345.3	nan	1.49985E-12	9.39359E-14390.3	nan	1.69686E-12	8.28321E-14435.5	nan	1.42576E-12	7.4851E-14480.2	nan	1.75569E-12	7.60012E-14525.2	nan	1.22475E-12	7.33223E-14570.2	nan	1.04147E-12	6.90645E-14615.2	nan	1.10369E-12	7.52236E-14660.2	nan	1.07065E-12	7.29718E-14705.2	nan	8.30323E-13	6.95927E-14750.4	nan	8.54372E-13	7.00346E-14795.2	nan	8.3262E-13	6.67178E-14840.2	nan	8.31855E-13	7.12535E-14885.2	nan	8.60691E-13	6.73817E-14930.2	nan	7.17211E-13	6.86999E-14975.4	nan	8.91347E-13	6.97817E-141020.2	nan	6.35693E-13	7.02594E-141065.2	nan	8.67855E-13	7.11398E-141110.2	nan	7.82072E-13	6.77096E-141155.4	nan	6.17799E-13	6.71437E-142549.9	nan	3.1568E-13	2.20972E-142797.4	nan	2.8579E-13	2.52694E-1429116.8	nan	1.30511E-13	3.60616E-1532789.14	nan	1.15784E-13	4.26562E-1538620.8		nan	1.06573E-13	5.88943E-1555814.4		nan	8.4654E-14	3.89846E-15128044.8	nan	5.49095E-14	6.57456E-15130636.8	nan	4.08929E-14	3.38973E-15214099.2	nan	3.76398E-14	3.12008E-15292291.2	nan	2.46404E-14	2.9503E-15316224		nan	2.33156E-14	4.2949E-15407548.8	nan	1.40491E-14	1.55276E-15486950.4	nan	1.48473E-14	3.41871E-15656640		nan	5.4406E-15	7.51647E-16994118.4	nan	2.39688E-15	6.62284E-16