216.	0.001	1.6023852426341615e-13	2.260241612017652e-14
371.5	0.001	1.5413587648757142e-13	2.1761349808005537e-14
527.	0.001	1.1519396697321267e-13	1.8114858897260365e-14
656.6	0.001	1.70852814341711e-13	4.2838692366159633e-14
691.2	0.001	9.579202039910424e-14	2.3233796164931542e-14
846.7	0.001	1.3324979066423556e-13	1.9869927959470307e-14
1002.2	0.001	8.043497518245097e-14	1.6022168051050734e-14
1270.1	0.001	1.265375248329992e-13	3.0493736120822076e-14
1831.7	0.001	1.0709602062225929e-13	2.5843213883756466e-14
1874.9	0.001	1.232934868294049e-13	2.6567456480472645e-14
2281.	0.001	9.672646882333722e-14	2.3458590817720375e-14
2410.6	0.001	9.582440544270615e-14	2.712037751806217e-14
2972.2	0.001	8.573902342844995e-14	2.5182551384289915e-14
3542.4	0.001	8.669789092378856e-14	2.9139981383122825e-14
4086.7	0.001	5.900680911848693e-14	2.7173640594547114e-15
7655.	0.001	4.644106051432901e-14	5.132855842634386e-15
8009.3	0.001	3.792295120869468e-14	5.239249478955931e-15
8372.2	0.001	4.730446430498014e-14	3.485521839243829e-15
8726.4	0.001	3.6889445490498413e-14	3.737407947702662e-15
9097.9	0.001	3.6551241016349764e-14	8.752883892223956e-15
9383.	0.001	3.827384796117318e-14	5.6402428354535846e-15
9745.9	0.001	3.898541193164481e-14	5.745102780303941e-15
10048.3	0.001	4.644106051432901e-14	7.271545777065382e-15
10368.	0.001	3.9710204864215597e-14	5.851912217109638e-15
10661.8	0.001	3.934613951230104e-14	3.623913476640453e-15
11033.3	0.001	3.6551241016349764e-14	9.08953327269411e-15
11301.1	0.001	3.588410567277931e-14	7.271106407505696e-15
11741.8	0.001	3.068330421084088e-14	9.608525244246397e-15
12752.6	0.001	2.850375821591857e-14	7.875879678203843e-15
13573.4	0.001	2.4598131817058807e-14	1.0421629961310047e-14
16486.8	0.001	2.5287280421811454e-14	2.3290446647132724e-15
17146.9	0.001	2.7726951660328515e-14	2.0429973569652832e-15
17952.	0.001	2.1622311697623156e-14	2.190637417068672e-15
22238.	0.001	2.008640074951654e-14	1.4800207446144322e-15
23227.2	0.001	1.9719782613100094e-14	1.9978850667232756e-15
28488.9	0.001	1.3270953287298825e-14	1.5889900046197505e-15
29478.	0.001	1.610282680026058e-14	1.4831252005098848e-15
30520.2	0.001	1.5955195194583785e-14	1.910386174760698e-15
31565.3	0.001	1.4285719581168845e-14	1.7104924666567251e-15
32606.4	0.001	9.097082181057019e-15	1.7595317395201192e-15
51023.	0.001	8.483856569468038e-15	1.840095464395757e-15
57086.	0.001	1.670714038943802e-14	1.2310276324716393e-15
68693.	0.001	1.8936116760333995e-14	3.683025426587323e-15
80170.6	0.001	1.2328269510891407e-14	3.4064268498469162e-15
81794.9	0.001	6.9672808354660146e-15	2.1639884297718005e-15
142008.	0.001	1.0067047521555245e-14	1.0199303057198817e-15
313726.	0.001	3.56593409199641e-15	7.682826396064613e-16
406438.	0.001	2.691007512375865e-15	6.73117821667895e-16
4086.72		nan	5.61367E-14	2.58519E-15
7655.04		nan	4.41822E-14	4.88319E-15
8009.28		nan	3.60785E-14	4.98442E-15
8372.16		nan	4.50036E-14	3.31599E-15
8726.4		nan	3.50951E-14	3.55562E-15
9097.92		nan	3.47734E-14	8.32714E-15
9383.04		nan	3.64122E-14	5.3659E-15
9745.92		nan	3.70892E-14	5.46566E-15
10048.32	nan	4.41822E-14	6.91786E-15
10368		nan	3.77787E-14	5.56728E-15
10661.76	nan	3.74323E-14	3.44764E-15
11033.28	nan	3.47734E-14	8.64742E-15
11301.12	nan	3.41387E-14	6.91744E-15
11741.76	nan	2.91909E-14	9.14116E-15
12752.64	nan	2.71174E-14	7.4928E-15
16486.76	nan	2.40573E-14	2.21576E-15
17146.86	nan	2.63783E-14	1.94363E-15
17952.02	nan	2.05706E-14	2.08409E-15
22237.98	nan	1.91094E-14	1.40803E-15
23227.17	nan	1.87606E-14	1.90071E-15
28488.93	nan	1.26254E-14	1.5117E-15
29478.04	nan	1.53196E-14	1.41099E-15
30520.2		nan	1.51792E-14	1.81747E-15
31565.29	nan	1.35909E-14	1.62729E-15
32606.41	nan	8.6546E-15	1.67395E-15