#Filtetburst(d) Mag
0.00007 11 0.00
0.00123 10.9 0.00
0.00101 16.2 0.00
0.00416 16.2 0.00
0.00730 17 0.00
0.01330 19.1 0.00
0.05983 17.8 0.00
0.10000 20.4 0.2 
0.12927 20 0.00
0.15500 21.01 0.07
0.16122 20.5 0.00
0.18208 21.1 0.05
0.20083 21.25 0.2
0.20375 21.25 0.05
0.22458 21.27 0.05
0.24125 21.44 0.06
0.27292 21.37 0.06
0.28542 21.5 0.06
0.32580 21.584 0.104
0.33899 18.3 0.00
0.34333 21.64 0.07
0.36458 21.6 0.07
0.47747 21.888 0.15
0.53622 22.3 0.3
0.57747 21.963 0.129
1.14546 22.55 0.35
5.03250 23.7 0.2