3352.32		20.271	0.1	Rc
7421.76		20.921	0.09	Rc
7940.16		20.731	0.18	Rc
8259.84		20.911	0.14	Rc
8890.56		20.851	0.03	Rc
9227.52		20.871	0.03	Rc
9538.56		20.851	0.03	Rc
9840.96		20.851	0.02	Rc
10126.08	20.881	0.02	Rc
10428.48	20.961	0.03	Rc
10713.6		20.981	0.03	Rc
12709.44	21.061	0.08	Rc
14074.56	20.981	0.06	Rc
15301.44	21.031	0.06	Rc
16096.32	21.121	0.06	Rc
17141.76	21.351	0.08	Rc
17971.2		21.331	0.08	Rc
18792		21.321	0.09	Rc
19042.56	21.251	0.04	Rc
19837.44	21.121	0.06	Rc
20563.2		21.451	0.09	Rc
21280.32	21.491	0.08	Rc
23690.88	21.451	0.06	Rc
24770.88	21.511	0.06	Rc
29306.88	21.731	0.12	Rc
30205.44	21.431	0.09	Rc
30585.6		21.741	0.13	Rc
31104		21.771	0.14	Rc
32011.2		21.881	0.15	Rc
37687.68	21.841	0.08	Rc
46362.24	21.931	0.07	Rc
51520.32	21.951	0.08	Rc
61914.24	22.431	0.11	Rc
121167.36	23.011	0.09	Rc
137064.96	23.241	0.14	Rc
215231.04	23.791	0.17	Rc
298131.84	23.781	0.13	Rc
445608		23.631	0.2	Rc
476271.36	23.651	0.18	Rc
645088.32	23.901	0.11	Rc
2.61418E6	24.571	0.17	Rc
3.67101E6	24.531	0.15	Rc
3352.32	20.271	0.1	R
7421.76	20.921	0.09	R
7940.16	20.731	0.18	R
8259.84	20.911	0.14	R
8890.56	20.851	0.03	R
9227.52	20.871	0.03	R
9538.56	20.851	0.03	R
9840.96	20.851	0.02	R
10126.08	20.881	0.02	R
10428.48	20.961	0.03	R
10713.6	20.981	0.03	R
12709.44	21.061	0.08	R
14074.56	20.981	0.06	R
15301.44	21.031	0.06	R
16096.32	21.121	0.06	R
17141.76	21.351	0.08	R
17971.2	21.331	0.08	R
18792	21.321	0.09	R
19042.56	21.251	0.04	R
19837.44	21.121	0.06	R
20563.2	21.451	0.09	R
21280.32	21.491	0.08	R
23690.88	21.451	0.06	R
24770.88	21.511	0.06	R
29306.88	21.731	0.12	R
30205.44	21.431	0.09	R
30585.6	21.741	0.13	R
31104	21.771	0.14	R
32011.2	21.881	0.15	R
37687.68	21.841	0.08	R
46362.24	21.931	0.07	R
51520.32	21.951	0.08	R
61914.24	22.431	0.11	R
121167.36	23.011	0.09	R
137064.96	23.241	0.14	R
215231.04	23.791	0.17	R
298131.84	23.781	0.13	R
445608	23.631	0.2	R
476271.36	23.651	0.18	R
645088.32	23.901	0.11	R
2.61E6	24.571	0.17	R
2.1E7	24.531	0.15	R
3352.32	20.271	0.1	R
7421.76	20.921	0.09	R
7940.16	20.731	0.18	R
8259.84	20.911	0.14	R
8640	20.331	0.2	R
8890.56	20.851	0.03	R
9227.52	20.871	0.03	R
9538.56	20.851	0.03	R
9840.96	20.851	0.02	R
10126.08	20.881	0.02	R
10428.48	20.961	0.03	R
10713.6	20.981	0.03	R
12709.44	21.061	0.08	R
13392	20.941	0.07	R
14074.56	20.981	0.06	R
15301.44	21.031	0.06	R
15731.712	21.031	0.05	R
16096.32	21.121	0.06	R
17141.76	21.351	0.08	R
17351.712	21.181	0.2	R
17604	21.181	0.05	R
17971.2	21.331	0.08	R
18792	21.321	0.09	R
19042.56	21.251	0.04	R
19403.712	21.201	0.05	R
19837.44	21.121	0.06	R
20563.2	21.451	0.09	R
20844	21.371	0.06	R
21280.32	21.491	0.08	R
23580.288	21.301	0.06	R
23690.88	21.451	0.06	R
24660.288	21.431	0.06	R
24770.88	21.511	0.06	R
28149.12	21.515	0.104	R
29306.88	21.731	0.12	R
29663.712	21.571	0.07	R
30205.44	21.431	0.09	R
30585.6	21.741	0.13	R
31104	21.771	0.14	R
31499.712	21.531	0.07	R
32011.2	21.881	0.15	R
37687.68	21.841	0.08	R
41253.408	21.821	0.15	R
46329.408	22.231	0.3	R
46362.24	21.931	0.07	R
49893.408	21.894	0.129	R
51520.32	21.951	0.08	R
61914.24	22.431	0.11	R
98967.744	22.481	0.35	R
121167.36	23.011	0.09	R
137064.96	23.241	0.14	R
215231.04	23.791	0.17	R
298131.84	23.781	0.13	R
434808	23.631	0.2	R
445608	23.631	0.2	R
476271.36	23.651	0.18	R
645088.32	23.901	0.11	R
2.61E6	24.571	0.17	R
2.1E7	24.531	0.15	R
