Time (s)     Err_Time (s)     Flux (erg/cm^2/s/A)    Err_Flux (Jy)
            634.7000               0.0010    2.3439085005863455e+45    7.5558684994267131e+44
           1246.7000               0.0010    1.0326202769344318e+45    3.0434510397971484e+44
           2306.8000               0.0010    1.2076487878472271e+45    3.3368570118243855e+43
           2612.7000               0.0010    1.1013887831400994e+45    4.0576663466505509e+43
           2920.3000               0.0010    1.0713728806574986e+45    2.9603127540692900e+43
           3689.7000               0.0010    6.1651073823350745e+44    1.8738303888396140e+44
           4294.1000               0.0010    8.5889613330248783e+44    2.3732177878870372e+43
           5774.1000               0.0010    6.8224544703681073e+44    3.1418564826675407e+43
           6079.9000               0.0010    6.6365236426628381e+44    4.2787250376670171e+43
           7581.6000               0.0010    5.4694120693397578e+44    2.0150059297363729e+43
           8125.9000               0.0010    5.2232479725313099e+44    2.4053946529586936e+43
           8506.1000               0.0010    4.8522217909705100e+44    1.7876246216683187e+43
          10472.7000               0.0010    8.4321951190608189e+44    1.5532677873046708e+44
          15789.5000               0.0010    3.9622387644650125e+44    1.4597427482533971e+43
          16679.5000               0.0010    3.7492175580535177e+44    1.7265785416177124e+43
          17552.2000               0.0010    3.6807866245431041e+44    2.3730909037224928e+43
          18528.4000               0.0010    3.2058311257746352e+44    2.3621437354779939e+43
          20168.3000               0.0010    3.0898730821624219e+44    2.8458783612192117e+43
          20510.6000               0.0010    3.7148445243624324e+44    2.7371986786662434e+43
          20853.5000               0.0010    3.0898730821624219e+44    2.8458783612192117e+43
          21193.9000               0.0010    3.3261408911310185e+44    2.7571401552941578e+43
          21537.7000               0.0010    3.1764398889130987e+44    2.6330484051210439e+43
          21880.8000               0.0010    2.9508058831874069e+44    2.9895720071999879e+43
          22222.9000               0.0010    2.8440723517350476e+44    3.1433850187322910e+43
          22312.7000               0.0010    3.6136046963487713e+44    1.6641265090639260e+43
          22565.9000               0.0010    3.1764398889130987e+44    3.2181702729257203e+43
          22762.2000               0.0010    2.9508058831874069e+44    1.6306756402909025e+43
          22909.0000               0.0010    3.2956466476943962e+44    3.3389431069342575e+43
          23251.1000               0.0010    3.6470409694308018e+44    3.3590489645999873e+43
          23621.7000               0.0010    3.2956466476943962e+44    2.1247819771399821e+43
          24265.4000               0.0010    3.4509656914571764e+44    2.2249198681740992e+43
          24907.4000               0.0010    2.8969476052753282e+44    2.1345499401986114e+43
          25550.1000               0.0010    3.2956466476943962e+44    2.4283222595885508e+43
          26192.2000               0.0010    3.1764398889130987e+44    2.0479265373163675e+43
          26905.7000               0.0010    2.5700444799935530e+44    2.6038083624627234e+43
          28489.6000               0.0010    3.0615449550506300e+44    1.4098935955940399e+43
          29132.3000               0.0010    2.7411994763838556e+44    2.0197904745438155e+43
          29319.8000               0.0010    2.5231358810109551e+44    2.0915046844071819e+43
          29743.2000               0.0010    2.4095760582366212e+44    2.2193016287414683e+43
          29774.3000               0.0010    2.8440723517350476e+44    2.0955900124881946e+43
          31269.0000               0.0010    2.8969476052753282e+44    1.6009124551489587e+43
          31910.9000               0.0010    2.5700444799935530e+44    1.6569689579308244e+43
          32553.8000               0.0010    2.7411994763838556e+44    1.5148428559078620e+43
          33196.6000               0.0010    2.6178251749560154e+44    1.6877743112846165e+43
          33857.6000               0.0010    2.6664941793733913e+44    1.4735591819360329e+43
          34244.6000               0.0010    2.7411994763838556e+44    1.2623690465898847e+43
          34499.5000               0.0010    2.6178251749560154e+44    1.4466636953868138e+43
          35142.3000               0.0010    2.6178251749560154e+44    1.4466636953868138e+43
          35784.2000               0.0010    2.3224193382829358e+44    1.4973191245478853e+43
          36427.1000               0.0010    2.6420476134311707e+44    1.4600495099518889e+43
          37070.8000               0.0010    2.5000036318677051e+44    1.3815531026127275e+43
          37714.5000               0.0010    2.3655963380746769e+44    1.5251563658518491e+43
          38356.3000               0.0010    2.3011272694916448e+44    1.6955332801112068e+43
          39329.3000               0.0010    2.6911669466086167e+44    1.9829251431704598e+43
          39976.4000               0.0010    2.4095760582366212e+44    1.9973714658673212e+43
          40619.1000               0.0010    2.4770834604624908e+44    2.0533304211697977e+43
          41261.2000               0.0010    2.2178932481710452e+44    2.0427552312429830e+43
          41904.1000               0.0010    2.1180716071368809e+44    2.1458977095103457e+43
          42546.0000               0.0010    2.3655963380746769e+44    1.9609153275238058e+43
          43192.2000               0.0010    2.3224193382829358e+44    2.3529300528609618e+43
          43835.0000               0.0010    2.1376698827133568e+44    2.1657534568458953e+43
          44477.0000               0.0010    1.8447632469382161e+44    2.0389077478974553e+43
          45240.9000               0.0010    2.3655963380746769e+44    2.1787948083597844e+43
          80943.8000               0.0010    1.5486049263680136e+44    1.2836860995758149e+43
          90110.9000               0.0010    1.3241605208570474e+44    1.2195969455323220e+43
          90542.9000               0.0010    1.3738541682477801e+44    7.5921989251757608e+42
         107200.8000               0.0010    1.2301006132266082e+44    1.0196681099175521e+43
         107261.3000               0.0010    1.1965769559898586e+44    1.3225057635837571e+43
         108600.5000               0.0010    1.0713728438974191e+44    1.0854479725823922e+43
         109058.4000               0.0010    1.1747369648857023e+44    1.0819727605616962e+43
         109559.5000               0.0010    1.3120205440509388e+44    1.2084156133612194e+43
         111140.6000               0.0010    1.1747369648857023e+44    7.5738093239318749e+42
         114503.3000               0.0010    1.0812861349160574e+44    3.9836054515098800e+42
         117117.8000               0.0010    9.7710364528498904e+43    4.4997287054245278e+42
         119717.6000               0.0010    9.6814550508666806e+43    4.4584749440737096e+42
         120031.2000               0.0010    1.0137727977390813e+44    1.4005789193738741e+43
         120445.9000               0.0010    1.0518180854150503e+44    1.0656363140454714e+43
         121643.4000               0.0010    9.4176085189744895e+43    5.2043629468094193e+42
         202063.7000               0.0010    7.9057054997679678e+43    3.6407120314818658e+42
         205364.2000               0.0010    8.9112911445105670e+43    4.1038013478758647e+42
         265105.4000               0.0010    6.1651071708028978e+43    4.5426189685969968e+42
         266453.3000               0.0010    6.6365234149558076e+43    3.6674784778790261e+42
         291155.9000               0.0010    6.6979304109789078e+43    2.4676088259543585e+42
         376063.8000               0.0010    6.1085851276806288e+43    2.8131074918400119e+42
         447435.4000               0.0010    5.8876316361041334e+43    3.2536255748651460e+42
         713936.2000               0.0010    3.9989007717029946e+43    4.7880609765868627e+42
         850785.1000               0.0010    3.8542566242437447e+43    4.2598819694605796e+42
         939375.4000               0.0010    2.8703881311070105e+43    2.1149801958599655e+42
        1483116.5000               0.0010    3.5804748460151254e+43    2.3084175082114127e+42
        1767821.8000               0.0010    3.0056653581311854e+43    1.6609921073752563e+42
        1888548.5000               0.0010    3.7839085116838062e+43    2.0910651799389504e+43
        3054421.4000               0.0010    1.6670192775238609e+43    1.3818433855180441e+42
        3100783.7000               0.0010    1.9139942245344215e+43    2.2917100421081782e+42
        3648196.8000               0.0010    1.4789061715998326e+43    1.2259106649699741e+42
        3791413.4000               0.0010    1.1427220815820901e+43    3.1574578874798896e+42
        6460015.7000               0.0010    1.2076487049754917e+43    2.5582568668450064e+42
        8994456.0000               0.0010    1.5064010905451683e+43    2.0811700770081171e+42
