Time (s)     Err_Time (s)     Flux (erg/cm^2/s/A)    Err_Flux (Jy)
            309.9000               0.0010    1.2474031399758718e-04    1.4935710180292493e-05
            592.4000               0.0010    7.6560864687143690e-05    1.3397881221583781e-05
            880.7000               0.0010    5.8614737993376430e-05    1.1876957472043282e-05
           1802.4000               0.0010    5.3951910417786148e-05    7.4537320945700880e-06
           2460.9000               0.0010    4.6132482587150896e-05    6.7983340650206583e-06
           3129.9000               0.0010    3.6308376058838013e-05    6.3538377181703238e-06
           8048.4000               0.0010    1.6143839071808356e-05    2.0816635985914397e-06
          21160.0000               0.0010    6.7921428942374908e-06    1.5013907930865537e-06
          23640.0000               0.0010    6.5464644504735299e-06    1.6882646916149132e-06
