Time (s)     Err_Time (s)     Flux (erg/cm^2/s/A)    Err_Flux (Jy)
            324.0000               0.0010    5.5120564832146622e+47    4.7123405259596292e+46
            346.0000               0.0010    5.0834909965316658e+47    4.3680364731175283e+46
            368.0000               0.0010    4.9928723012469601e+47    4.4107906463713458e+46
            420.0000               0.0010    4.6462701560241042e+47    4.1220730853508569e+46
            442.0000               0.0010    5.4137981471252873e+47    4.6335637213303074e+46
            464.0000               0.0010    5.3653302497354235e+47    4.8892657675348109e+46
            589.0000               0.0010    4.6462701560241042e+47    4.0147822695779608e+46
            816.0000               0.0010    2.7653318440274467e+47    3.3110542735628075e+46
            845.0000               0.0010    2.8506063941494164e+47    1.4681700979437731e+46
            981.0000               0.0010    2.6899688729921870e+47    3.4685741472921133e+46
           1074.0000               0.0010    2.3645432043910340e+47    1.9600423527271555e+46
           1096.0000               0.0010    2.5206564275315426e+47    2.2608988804589923e+46
           1229.0000               0.0010    2.2425330556925089e+47    2.0751325728579121e+46
           1391.0000               0.0010    2.3864220536121856e+47    2.6375712021252127e+46
           1396.0000               0.0010    2.3878863546706135e+47    1.0871085252498787e+46
           1468.0000               0.0010    2.4085033453357037e+47    1.7746508988953111e+46
           1547.0000               0.0010    2.3657304168541371e+47    1.3924849782332722e+46
           1853.0000               0.0010    2.2790153667537755e+47    2.5188609414047263e+46
           1862.0000               0.0010    2.1564890295703091e+47    1.7875798688304645e+46
           1981.0000               0.0010    2.1439272933764935e+47    1.9889500845704206e+46
           2112.0000               0.0010    2.0681729465335478e+47    1.9225795773283117e+46
           2245.0000               0.0010    2.0681729465335478e+47    1.9225795773283117e+46
           2415.0000               0.0010    2.2162811532671383e+47    1.1501100424331376e+46
           2547.0000               0.0010    2.2579902039604552e+47    1.1710997846317464e+46
           2679.0000               0.0010    2.2162811532671383e+47    1.0119030309607982e+46
           2886.0000               0.0010    2.6730978373588743e+47    3.7662292369265622e+46
           2922.0000               0.0010    2.9307883406186464e+47    3.8202836759083775e+46
           2958.0000               0.0010    3.1838841406664821e+47    4.1338216012443327e+46
           2994.0000               0.0010    2.7479299322545591e+47    3.7240486484914849e+46
           3030.0000               0.0010    3.4588334967993625e+47    4.3232821823993993e+46
           3066.0000               0.0010    2.9578847970739962e+47    3.8539129359619870e+46
           3102.0000               0.0010    3.3646419552237359e+47    4.2115063188263145e+46
           3138.0000               0.0010    4.0446230936431116e+47    4.8606066308377005e+46
           3174.0000               0.0010    4.4755298483207739e+47    5.3485511384735547e+46
           3210.0000               0.0010    4.2350920825394155e+47    5.0766393956263197e+46
           3246.0000               0.0010    4.1962954437005927e+47    5.0326820839861053e+46
           3282.0000               0.0010    5.0909878283334159e+47    5.8750194402314544e+46
           3318.0000               0.0010    5.2818985931092484e+47    6.0821636162799175e+46
           3333.0000               0.0010    4.9928723012469601e+47    4.5679796725366880e+46
           3354.0000               0.0010    5.3800171375451904e+47    6.1884433334592290e+46
           3390.0000               0.0010    5.5306332369042433e+47    6.3513546482514309e+46
           3426.0000               0.0010    5.9531998169288460e+47    6.6508257184514811e+46
           3462.0000               0.0010    5.8986585820686024e+47    6.5936520669546846e+46
           3465.0000               0.0010    6.0852280693341238e+47    5.1700529631060549e+46
           3498.0000               0.0010    6.2335473112628012e+47    6.9441654049154218e+46
           3534.0000               0.0010    6.4672978130488688e+47    7.1880813110805946e+46
           3570.0000               0.0010    6.4672978130488688e+47    7.1880813110805946e+46
           3598.0000               0.0010    6.5982514275618299e+47    5.5772731400269983e+46
           3606.0000               0.0010    6.2335473112628012e+47    6.9441654049154218e+46
           3642.0000               0.0010    6.2911792599576485e+47    7.0043587782384430e+46
           3678.0000               0.0010    6.1764376259891156e+47    6.8844807224321896e+46
           3714.0000               0.0010    6.5270969019476697e+47    7.2503873607172474e+46
           3730.0000               0.0010    6.7786944822205619e+47    5.7199864406397955e+46
           3750.0000               0.0010    6.3493498899053312e+47    7.0650781126133063e+46
           3786.0000               0.0010    5.9531998169288460e+47    6.6508257184514811e+46
           3822.0000               0.0010    6.4672978130488688e+47    7.1880813110805946e+46
           3858.0000               0.0010    5.4297628168667662e+47    6.2422808539179300e+46
           3894.0000               0.0010    5.7910812678332769e+47    6.4807811692385801e+46
           3930.0000               0.0010    5.8986585820686024e+47    6.5936520669546846e+46
           3966.0000               0.0010    5.1855647183320956e+47    5.9776971066516462e+46
           4002.0000               0.0010    5.4297628168667662e+47    6.2422808539179300e+46
           4038.0000               0.0010    5.2818985931092484e+47    6.0821636162799175e+46
           4074.0000               0.0010    4.9981358783572369e+47    5.7740987087331357e+46
           4110.0000               0.0010    5.0443505386926520e+47    5.8243437903141549e+46
           4152.0000               0.0010    5.3800171375451904e+47    6.1884433334592290e+46
           4188.0000               0.0010    5.0909878283334159e+47    5.8750194402314544e+46
           4224.0000               0.0010    5.2335075965806910e+47    6.0297022315741808e+46
           4260.0000               0.0010    4.9523491826347396e+47    5.7242911400069082e+46
           4296.0000               0.0010    5.0909878283334159e+47    5.8750194402314544e+46
           4332.0000               0.0010    4.6862910552981737e+47    5.4342940372856379e+46
           4368.0000               0.0010    4.8620257927394630e+47    5.6259511316048905e+46
           4404.0000               0.0010    4.9523491826347396e+47    5.7242911400069082e+46
           4440.0000               0.0010    4.5586731808965494e+47    5.2948360639719839e+46
           4476.0000               0.0010    4.5586731808965494e+47    5.2948360639719839e+46
           4512.0000               0.0010    4.8174859680958477e+47    5.5774170699732230e+46
           4548.0000               0.0010    4.5586731808965494e+47    5.2948360639719839e+46
           4584.0000               0.0010    4.4345306181379065e+47    5.1589455953105752e+46
           4620.0000               0.0010    4.5169122950559235e+47    5.2491490945275795e+46
           4656.0000               0.0010    4.3536514589241129e+47    5.0702867581049944e+46
           4692.0000               0.0010    4.8174859680958477e+47    5.5774170699732230e+46
           4728.0000               0.0010    4.6433610934407703e+47    5.3874075530769320e+46
           4764.0000               0.0010    4.7733497654313953e+47    5.5292950063443721e+46
           4800.0000               0.0010    4.6433610934407703e+47    5.3874075530769320e+46
           4836.0000               0.0010    4.8620257927394630e+47    5.6259511316048905e+46
           4872.0000               0.0010    4.1962954437005927e+47    4.8975034152337894e+46
           4908.0000               0.0010    4.5586731808965494e+47    5.2948360639719839e+46
           4944.0000               0.0010    4.5169122950559235e+47    5.2491490945275795e+46
           4980.0000               0.0010    4.2742474137547352e+47    4.9831462365120262e+46
           5016.0000               0.0010    4.8174859680958477e+47    5.5774170699732230e+46
           5052.0000               0.0010    4.3939069718372964e+47    5.2563407269837861e+46
           5088.0000               0.0010    4.5586731808965494e+47    5.4423794056126641e+46
           5124.0000               0.0010    4.4345306181379065e+47    5.1589455953105752e+46
           5160.0000               0.0010    4.4345306181379065e+47    5.1589455953105752e+46
           5196.0000               0.0010    4.3939069718372964e+47    5.1144267523536258e+46
           5232.0000               0.0010    4.3939069718372964e+47    5.1144267523536258e+46
           5268.0000               0.0010    4.6862910552981737e+47    5.4342940372856379e+46
           5304.0000               0.0010    4.4755298483207739e+47    5.2038500467923547e+46
           5340.0000               0.0010    4.5586731808965494e+47    5.2948360639719839e+46
           5363.0000               0.0010    5.0786380096416866e+47    4.2098387437294877e+46
           5376.0000               0.0010    4.8174859680958477e+47    5.5774170699732230e+46
           5412.0000               0.0010    4.5169122950559235e+47    5.2491490945275795e+46
           5448.0000               0.0010    4.6862910552981737e+47    5.4342940372856379e+46
           5484.0000               0.0010    4.6433610934407703e+47    5.3874075530769320e+46
           5520.0000               0.0010    4.9069774080956014e+47    5.6749063352829689e+46
           5556.0000               0.0010    4.7733497654313953e+47    5.5292950063443721e+46
           5592.0000               0.0010    4.7296222801036664e+47    5.4815920368317274e+46
           5628.0000               0.0010    4.7296222801036664e+47    5.4815920368317274e+46
           5664.0000               0.0010    4.5586731808965494e+47    5.2948360639719839e+46
           5700.0000               0.0010    4.6008244024244934e+47    5.3409244809421806e+46
           5736.0000               0.0010    4.6433610934407703e+47    5.3874075530769320e+46
           5772.0000               0.0010    4.7733497654313953e+47    5.5292950063443721e+46
           5808.0000               0.0010    4.6008244024244934e+47    5.3409244809421806e+46
           5844.0000               0.0010    4.3137687267449636e+47    5.0265305027531877e+46
           5880.0000               0.0010    4.5169122950559235e+47    5.2491490945275795e+46
           5916.0000               0.0010    4.6008244024244934e+47    5.3409244809421806e+46
           5952.0000               0.0010    4.3536514589241129e+47    5.0702867581049944e+46
           5994.0000               0.0010    4.0820174533845737e+47    4.7717728056173141e+46
           6030.0000               0.0010    4.3939069718372964e+47    5.1144267523536258e+46
           6066.0000               0.0010    3.7231047617721317e+47    4.4945889619085372e+46
           6102.0000               0.0010    4.0820174533845737e+47    4.7717728056173141e+46
           6138.0000               0.0010    4.9069774080956014e+47    5.6749063352829689e+46
           6151.7000               0.0010    5.2886796203912113e+47    8.7678973483941268e+45
           6174.0000               0.0010    4.3137687267449636e+47    5.0265305027531877e+46
           6210.0000               0.0010    3.6552043051995558e+47    4.4170637090918313e+46
           6246.0000               0.0010    4.1962954437005927e+47    4.8975034152337894e+46
           6282.0000               0.0010    4.1962954437005927e+47    4.8975034152337894e+46
           6318.0000               0.0010    3.8273348231988694e+47    4.4907820260571186e+46
           6354.0000               0.0010    3.5230893399050867e+47    4.2659831991921904e+46
           6390.0000               0.0010    3.7575300007304255e+47    4.4135701345686777e+46
           6426.0000               0.0010    3.7575300007304255e+47    4.5338631536933127e+46
           6462.0000               0.0010    3.8627202551454681e+47    4.5298892072866881e+46
           6566.4000               0.0010    4.7615380401952489e+47    7.8939697152268568e+45
           6989.8000               0.0010    4.3626187112341446e+47    7.6344288360668185e+45
           7922.9000               0.0010    3.8525408899427968e+47    5.3224820872225473e+45
           8156.2000               0.0010    3.7891976283109390e+47    5.2349701347181786e+45
           8300.0000               0.0010    3.4813465424346924e+47    4.4890142544370000e+46
           8398.1000               0.0010    3.7131907223865272e+47    5.1299627105675438e+45
           8640.0000               0.0010    3.6086707253576495e+47    4.9855629941634910e+45
           8873.3000               0.0010    3.5167966441289482e+47    4.8586342565876363e+45
           9115.2000               0.0010    3.4621609707029482e+47    4.7831522821088287e+45
           9357.1000               0.0010    3.4178048060368473e+47    4.7218719742191661e+45
           9590.4000               0.0010    3.3032942083904297e+47    4.5636697325865637e+45
          10014.6000               0.0010    3.1750257778971115e+47    8.7729206838233617e+45
          10307.5000               0.0010    3.0433174442934574e+47    4.4847984526144683e+45
          10549.4000               0.0010    3.0154161418415199e+47    4.1659514743558036e+45
          10627.2000               0.0010    3.0884975095980688e+47    8.5338342360910012e+45
          10791.4000               0.0010    2.9467768894674271e+47    4.0711228400393803e+45
          11024.6000               0.0010    2.9170727151938663e+47    4.2987573392307068e+45
          11237.2000               0.0010    2.6653070897620525e+47    9.8193544796986685e+45
          11266.6000               0.0010    2.8956579207024534e+47    4.2671993309203244e+45
          11508.5000               0.0010    2.6776095884996600e+47    3.9458714245292487e+45
          11741.8000               0.0010    2.7123595226121229e+47    3.7472632700401734e+45
          11848.0000               0.0010    2.5220126127077761e+47    1.1614297627079206e+46
          11983.7000               0.0010    2.6899688729921870e+47    3.7163294435272639e+45
          12458.9000               0.0010    2.5500415348520268e+47    3.5230126762197527e+45
          12458.9000               0.0010    2.5220126127077761e+47    1.3937157152495047e+46
          12700.8000               0.0010    2.5266626131879967e+47    3.7234277348070450e+45
          12942.7000               0.0010    2.4600688054026130e+47    3.6252914701628132e+45
          13069.7000               0.0010    2.2581212279712285e+47    1.6638452567626253e+46
          13417.9000               0.0010    2.4510222514538223e+47    3.8377074736597085e+45
          13659.8000               0.0010    2.4375147586925593e+47    3.3675511853358609e+45
          13681.4000               0.0010    2.4988906617503722e+47    1.8412507367716701e+46
          13927.7000               0.0010    2.4107226808134006e+47    3.5525723315086467e+45
          14221.4000               0.0010    2.3908220568633257e+47    3.5232456874332099e+45
          14293.2000               0.0010    2.4988906617503722e+47    1.1507817104822943e+46
          14523.8000               0.0010    2.3450237940918720e+47    3.4557548713190437e+45
          14817.6000               0.0010    2.3299534998314559e+47    3.2189498103155874e+45
          14904.0000               0.0010    2.3428649416681966e+47    8.6314336718146734e+45
          15120.0000               0.0010    2.2874270551638745e+47    3.3708771777007575e+45
          15422.4000               0.0010    2.2685442421384058e+47    3.3430504352764920e+45
          15514.8000               0.0010    2.2581212279712285e+47    1.0399032854766409e+46
          15716.2000               0.0010    2.2353588577605023e+47    3.2941466441893964e+45
          16018.6000               0.0010    2.1905201538777436e+47    3.2280698863514316e+45
          16125.7000               0.0010    2.0218421805351702e+47    9.3109275986159221e+45
          16321.0000               0.0010    2.1664429308171292e+47    3.1925883781939520e+45
          16614.7000               0.0010    2.1386871158240661e+47    3.1516858964744218e+45
          16737.4000               0.0010    2.0218421805351702e+47    9.3109275986159221e+45
          16917.1000               0.0010    2.0784867146855111e+47    3.0629713043180188e+45
          17210.9000               0.0010    2.0311745801559235e+47    2.9932495642721184e+45
          17513.3000               0.0010    2.0106998832337946e+47    2.9630769349769736e+45
          17815.7000               0.0010    1.9885991645935804e+47    2.9305081114567201e+45
          18109.4000               0.0010    1.9505058289454155e+47    2.8743716958849050e+45
          18360.0000               0.0010    1.5622381930236369e+47    5.7554983656282940e+45
          18411.8000               0.0010    1.9184357213029716e+47    2.8271114373799292e+45
          18705.6000               0.0010    1.8610037669273791e+47    2.7424765792591456e+45
          18822.2000               0.0010    1.8782234230288176e+47    1.0379446511230809e+46
          19008.0000               0.0010    1.8136239907543502e+47    2.6726551588008699e+45
          19310.4000               0.0010    1.7870934042521252e+47    2.6335582405627660e+45
          19604.2000               0.0010    1.7367897674966390e+47    2.5594280597941080e+45
          19906.6000               0.0010    1.7176997469974549e+47    2.5312959651433661e+45
          20209.0000               0.0010    1.6786001266163457e+47    2.4736766335446139e+45
          20502.7000               0.0010    1.6693494235491347e+47    2.4600442933235120e+45
          20805.1000               0.0010    1.6328536123254079e+47    2.4062620768117269e+45
          21098.9000               0.0010    1.6163940804086618e+47    2.3820064135027964e+45
          21391.8000               0.0010    1.5912823699398932e+47    8.7937516061965868e+45
          21401.3000               0.0010    1.5883538175697499e+47    2.3406847539346620e+45
          21703.7000               0.0010    1.5521984700438381e+47    2.2874042632839105e+45
          21997.4000               0.0010    1.5154696765551273e+47    2.2332787114084606e+45
          22002.6000               0.0010    1.6060063246451946e+47    8.8751191892134240e+45
          22299.8000               0.0010    1.5001934011304152e+47    2.2107667593559640e+45
          22593.6000               0.0010    1.4701012629278028e+47    2.1664213444206949e+45
          22615.2000               0.0010    1.4247781637379121e+47    7.8736153322162100e+45
          22896.0000               0.0010    1.4593089654772839e+47    2.1505172266964663e+45
          23189.8000               0.0010    1.4366376722142703e+47    2.1171075733146327e+45
          23492.2000               0.0010    1.4234664986709183e+47    2.0976978141266432e+45
          23531.0000               0.0010    1.4117157188234292e+47    9.1016678572010182e+45
          23794.6000               0.0010    1.4143185919166892e+47    2.0842169601549499e+45
          24097.0000               0.0010    1.3808523719117919e+47    2.0348993143818307e+45
          24390.7000               0.0010    1.3681926410833729e+47    2.0162432450531868e+45
          24446.9000               0.0010    1.4117157188234292e+47    9.1016678572010182e+45
          24693.1000               0.0010    1.3494203340143124e+47    1.9885793502290733e+45
          24986.9000               0.0010    1.3235710212773377e+47    1.9504863941421846e+45
          25289.3000               0.0010    1.3321319667067774e+47    1.9631022699151382e+45
          25362.7000               0.0010    1.2071111164056058e+47    8.8943236551624782e+45
          25591.7000               0.0010    1.2982168744661491e+47    1.9131231415510386e+45
          25885.4000               0.0010    1.2922521096520914e+47    1.9043331390297909e+45
          26187.8000               0.0010    1.2674979036605148e+47    1.8678539919283634e+45
          26280.3000               0.0010    1.0908053234174847e+47    9.0420197377156470e+45
          26481.6000               0.0010    1.2512591018819577e+47    1.8439236085812870e+45
          26784.0000               0.0010    1.2420733670242834e+47    1.8303870090546512e+45
          27086.4000               0.0010    1.2250314812927420e+47    1.8052731574248252e+45
          27380.2000               0.0010    1.1993536174091841e+47    1.7674328577126271e+45
          27682.6000               0.0010    1.1960442550056939e+47    1.7625560009081735e+45
          27976.3000               0.0010    1.1828978686247425e+47    1.7431827694336466e+45
          28278.7000               0.0010    1.1527821658803448e+47    1.6988026285052896e+45
          28581.1000               0.0010    1.1549076261567621e+47    1.7019348226103267e+45
          28874.9000               0.0010    1.1255045342338609e+47    1.7622676253163985e+45
          29177.3000               0.0010    1.1172419879578524e+47    1.7493304781419524e+45
          29471.0000               0.0010    1.1029282197624704e+47    1.8285020284153817e+45
          29773.4000               0.0010    1.0788156765561534e+47    1.7885267758350282e+45
          29940.0000               0.0010    8.9897424049646370e+46    1.6559717957942179e+45
          30075.8000               0.0010    1.0867940416255880e+47    1.7016563653803852e+45
          30369.6000               0.0010    1.0552302889067040e+47    1.8466157781736263e+45
          30672.0000               0.0010    1.0312103146457650e+47    2.0895156186084341e+45
          30974.4000               0.0010    1.0293125035041846e+47    2.0856701314510801e+45
          31268.2000               0.0010    1.0465193155013429e+47    2.8916398137287536e+45
          68235.0000               0.0010    3.1459168582265448e+46    1.1589986352133321e+45
          75990.0000               0.0010    2.5453484211125113e+46    3.5165288997912998e+45
          80917.0000               0.0010    2.5453484211125113e+46    2.1099173398747798e+45
          82225.0000               0.0010    2.4532806821568890e+46    1.5816885532796386e+45
          93329.3000               0.0010    2.3493473880410171e+46    8.8716987847048236e+44
          93692.2000               0.0010    2.2456767285471321e+46    9.9280548627736377e+44
          94262.4000               0.0010    2.1925385516985990e+46    8.6834315761021334e+44
          94979.5000               0.0010    2.3601914830372686e+46    9.1300303615957958e+44
          95696.6000               0.0010    2.1965810791891215e+46    9.5086921889034820e+44
         104137.9000               0.0010    1.8422443668931496e+46    8.8232030410713033e+44
         104863.7000               0.0010    1.8405483782526575e+46    9.1541218623177932e+44
         105580.8000               0.0010    1.8405483782526575e+46    9.1541218623177932e+44
         111793.0000               0.0010    1.6149059563976650e+46    8.4780853545443199e+44
         112518.7000               0.0010    1.6015748352327221e+46    1.0768266345486032e+45
         115836.5000               0.0010    1.5182637955487947e+46    1.0068283248490953e+45
         116553.6000               0.0010    1.5665607321199960e+46    1.1831417536683692e+45
         117123.8000               0.0010    1.8371610835667412e+46    9.3064836617033183e+44
         160557.0000               0.0010    9.6771446570281573e+45    6.2390859080158857e+44
         189492.5000               0.0010    6.5124924152328278e+45    1.0376933322588203e+45
         190365.1000               0.0010    5.4518918157780066e+45    1.0494680174671876e+45
         209760.0000               0.0010    7.2735634420023041e+45    6.6991996946563875e+44
         248617.0000               0.0010    4.2633130914347701e+45    1.0994638428149282e+45
         687323.0000               0.0010    1.1960441729302894e+45    2.7539935624334134e+44
        1121271.0000               0.0010    3.0884971916879948e+44    1.1662905588819740e+44
