Time (s)     Err_Time (s)     Flux (erg/cm^2/s/A)    Err_Flux (Jy)
           2317.2000              30.0000    2.1615077791793868e+45    3.7825623578462214e+44
           2649.4000              30.0000    1.7169466526873163e+45    3.3208693406737334e+44
           3042.9000              60.0000    2.2633765039660199e+45    3.1269702887380406e+44
           3768.2000              60.0000    1.3389266929661524e+45    2.2197547674638026e+44
           4514.1000              60.0000    1.6396713227855230e+45    2.5673283406819591e+44
           6543.2000             225.0000    1.3891744914122462e+45    1.7912678378431856e+44
           8453.6000             225.0000    1.2786650641314215e+45    1.6487717122014225e+44
          10375.0000             225.0000    1.0250777289578848e+45    1.4161972594845377e+44
         104075.0000            1575.0000    2.9837112381537230e+44    6.0458193105655193e+43
