#tdias exp m emg
0.0005741 10 16.110 0.430
0.0013513 10 16.080 999.0
0.0017219 10 15.830 999.0
0.0025092 10 16.240 999.0
0.0028681 10 16.060 999.0
0.0036553 10 16.050 999.0
0.0068646 60 16.920 0.400
0.0110924 60 16.990 0.380
0.0195091 60 17.290 0.390
0.0237226 60 17.540 0.520
0.0342566 120 17.740 0.120
0.0497130 240 17.847 0.140
0.0651205 240 18.030 0.140
0.0805210 240 18.097 0.150
0.09030 180 18.039 0.062
0.09539 180 18.042 0.064
0.095935 240 18.047 0.140
0.10079 180 18.117 0.067
0.1113202 240 18.247 0.180
0.1267018 240 18.137 0.150
0.1457669 360 18.363 0.140
0.18919 60 18.627 0.109
0.19079 60 18.763 0.097
0.19165 180 18.616 0.066
0.19390 180 18.646 0.068
0.19615 180 18.546 0.094
0.19838 180 18.775 0.046
0.20914 600 18.723 0.087
0.21225 180 18.851 0.143
0.21449 180 18.778 0.273
0.21897 180 18.756 0.232
0.22144 900 18.779 0.083
0.22679 150 18.576 0.076
0.22892 150 18.892 0.061
0.23417 150 18.831 0.060
0.23428 900 18.821 0.078
0.24058 150 18.888 0.066
0.24829 150 18.881 0.071
0.25054 150 18.935 0.071
0.25279 150 18.960 0.070
0.25504 150 18.805 0.070
0.25530 180 18.815 0.155
0.25729 150 18.910 0.071
0.25954 150 18.917 0.073
0.27050 150 18.994 0.075
0.27275 150 19.105 0.081
0.27468 900 19.017 0.074
0.27500 150 19.147 0.081
0.27721 150 18.993 0.074
0.27946 150 19.014 0.073
0.28171 150 18.986 0.075
0.29208 150 19.073 0.080
0.29438 150 19.131 0.081
0.29662 150 19.170 0.079
0.29888 150 19.129 0.077
0.30113 150 19.206 0.079
0.30342 150 19.183 0.074
0.31462 150 19.144 0.078
0.31599 900 19.332 0.080
0.31692 150 19.128 0.075
0.31917 150 19.292 0.082
0.32142 150 19.349 0.083
0.32371 150 19.289 0.087
0.32596 150 19.303 0.088
0.33725 150 19.290 0.083
0.33950 150 19.275 0.086
0.34179 150 19.402 0.089
0.34404 150 19.336 0.089
0.34629 150 19.341 0.089
0.34854 150 19.454 0.101
0.35083 150 19.466 0.103
0.35308 150 19.505 0.104
0.35533 150 19.364 0.105
0.35758 150 19.383 0.106
0.35983 150 19.417 0.106
0.36208 150 19.434 0.107
0.36433 150 19.462 0.111
0.36658 150 19.270 0.101
0.36883 150 19.492 0.109
0.37108 150 19.542 0.122
0.39230 600 19.603 0.051
0.40064 600 19.607 0.039
0.40800 600 19.644 0.037
0.53319 600 19.820 0.044
0.54030 600 19.868 0.041
0.54841 600 19.899 0.042
0.62960 600 20.058 0.090
0.63685 300 20.030 0.142
0.64096 300 20.001 0.145
0.64468 300 19.982 0.158
1.10432 540 20.382 0.120
1.11983 900 20.426 0.069
1.12784 540 20.478 0.113
1.13576 1080 20.551 0.041
1.31530 900 20.700 0.133
1.31725 900 20.512 0.068
1.33046 900 20.582 0.108
1.35328 600 20.648 0.043
1.36091 600 20.668 0.040
1.37108 600 20.686 0.042
1.37829 600 20.699 0.038
1.49769 600 20.864 0.038
1.50549 600 20.836 0.039
1.51330 600 20.871 0.037
1.60597 600 20.954 0.047
1.61369 600 21.031 0.059
1.62117 600 20.986 0.067
2.11423 1260 21.565 0.100
2.14083 900 21.373 0.080
2.15346 900 21.330 0.080
2.16637 900 21.389 0.082
2.29040 2400 21.700 0.130
2.32674 900 21.671 0.188
2.33858 900 21.619 0.091
2.35204 900 21.587 0.083
2.36504 900 21.875 0.115
3.10104 1800 22.286 0.060
3.16792 3000 22.062 0.072
3.25538 3000 22.239 0.077
3.28438 1800 22.213 0.052
3.34992 3000 22.338 0.095
3.73440 660 22.758 0.042
4.11354 2700 23.181 0.100
4.23200 7200 23.072 0.108
4.37326 1800 23.244 0.099
4.87336 900 23.587 0.123
5.10382 3420 23.733 0.096
5.34483 9000 23.680 0.201
5.35173 3600 23.571 0.088
6.14534 3420 23.6 999.0
7.17834 3600 23.8 999.0
7.26820 12000 23.7 999.0
7.37882 3600 24.602 0.039
10.3198 3600 24.6 999.0
272.654 2500 27.1 999.0
0.0010848 10 16.500 0.400
0.0022314 10 16.160 0.220
0.0033890 10 16.460 0.220
0.0046149 60 16.830 0.380
0.0088341 60 17.090 0.450
0.0130493 60 17.230 0.440
0.0172518 60 17.110 0.360
0.0214654 60 17.430 0.440
0.0263665 120 17.420 0.320
0.0328664 38.6 17.412 999.0
0.0340538 120 17.620 0.370
0.0351278 143.89 17.625 0.192
0.0385665 143.28 17.570 0.170
0.0417402 120 17.590 0.330
0.0419979 143.28 17.558 0.147
0.0454286 143.23 18.054 0.206
0.0488545 143.18 17.792 0.164
0.0494170 120 17.783 0.090
0.0522827 143.23 17.785 0.153
0.0548713 67.49 17.927 0.321
0.0571028 120 17.810 0.090
0.0574228 143.84 17.723 0.155
0.0608539 143.43 17.624 0.139
0.0639448 113.58 17.841 0.188
0.0647885 120 17.883 0.100
0.0662157 38.6 17.659 0.282
0.0684630 148 17.876 0.200
0.0724741 120 17.850 0.090
0.0742371 343.17 17.780 0.088
0.0801480 120 17.700 0.080
0.0822853 342.81 17.905 0.074
0.0878566 120 17.790 0.090
0.0903340 342.96 17.959 0.064
0.0955536 120 17.887 0.090
0.0983836 342.71 18.049 0.091
0.1032274 120 18.070 0.100
0.1064264 342.4 18.114 0.081
0.1109128 120 17.890 0.090
0.1179262 335.45 18.141 0.079
0.1185981 120 18.210 0.120
0.1262346 342.96 18.232 0.078
0.1262834 120 18.073 0.100
0.1339918 120 18.113 0.110
0.1342816 342.96 18.255 0.069
0.1416771 120 18.323 0.140
0.1423343 343.47 18.354 0.066
0.1493624 120 18.170 0.120
0.1503864 343.01 18.407 0.070
0.1584325 342.25 18.440 0.070
0.1611113 975 18.423 0.040
0.1682310 342.61 18.484 0.180
0.1724372 975 18.560 0.050
0.1762647 342.3 18.666 0.093
0.1843071 343.27 18.578 0.082
0.1844514 1098 18.540 0.050
0.1923501 342.46 18.541 0.070
0.1971843 1097 18.517 0.050
0.2003860 342.56 18.637 0.075
0.2084307 342.61 18.698 0.096
0.2106114 1220 18.707 0.060
0.2164729 342.96 18.782 0.101
0.2245117 342.41 18.789 0.102
0.2254456 1342 18.847 0.060
0.2325434 342.35 18.881 0.084
0.2405816 342.46 18.941 0.123
0.2410154 1343 18.753 0.040
0.2486180 342.51 18.877 0.105
0.2566562 342.82 18.958 0.095
0.2572685 1464 19.033 0.050
0.2647067 343.17 18.888 0.170
0.2727542 342.96 18.954 0.109
0.2749340 1587 18.987 0.050
0.2807917 342.3 18.995 0.118
0.2888233 342.46 19.122 0.132
0.2940183 1709 19.053 0.060
0.2968695 342.96 19.125 0.210
0.3049105 342.61 19.108 0.169
0.3129479 342.56 19.318 0.159
0.3145154 1831 19.397 0.110
0.3209870 342.45 19.300 0.132
0.3290197 342.4 19.327 0.173
0.3330194 689.53 19.360 0.174
0.3364198 1952 19.400 0.100
0.3370540 342.5 19.305 0.163
0.3450996 342.86 19.551 0.213
0.3531434 342.45 19.353 0.196
0.3597482 2075 19.683 0.100
0.3651768 689.38 19.464 0.201
0.3812533 690.3 19.480 0.220
0.3844837 2197 19.777 0.100
0.3982605 770.22 19.741 999.0
0.4241566 1462.69 19.687 0.252
1.0566720 1037.58 19.602 0
1.0986892 8554 20.397 0.070
1.1985530 8688 20.343 0.080
1.3005326 8923 20.550 0.140
2.1764170 22125 21.507 0.170
2.4570745 1040.76 19.937 999.0