       2.7666586
      0.52200254
       0.0000000
   6.9883829e-07
       207.58335
       11.694984
     -0.10863043
       0.0000000
   1.9805581e-07
     0.020821637
       0.0000000
   1.3353924e-08
       7.8523481
      0.44511860
   -0.0045562086
       0.0000000
   7.7753855e-09
       0.0000000
   1.2700778e-08
       2.7962912
      0.15369038
  -0.00092520140
       0.0000000
   2.3071807e-09
       0.0000000
       0.0000000
       0.0000000
       0.0000000
       0.0000000
       0.0000000
   5.6789878e-06
   3.1612777e-07
  -2.3107896e-09
       0.0000000
   5.0059468e-15
       191.39439
       5.1946831
       0.0000000
   1.4370119e-06
    -0.011393911
       0.0000000
   5.4355158e-08
       0.0000000
   2.1699995e-09
       0.0000000
