       3230637.3       78.291089       78.826193       0.0000000      -79516960.
  -1.5117477e+11      -75.622471
       78.291089    0.0065274540   0.00013615234       0.0000000      -2030.4764
       82934.492   0.00062821349
       78.826193   0.00013615234    0.0033588540       0.0000000      -1877.7375
      -7309427.3   -0.0038731202
       0.0000000       0.0000000       0.0000000       0.0000000       0.0000000
       0.0000000       0.0000000
      -79516960.      -2030.4764      -1877.7375       0.0000000   2.9259987e+09
   4.6479830e+12       2423.3377
  -1.5117477e+11       82934.492      -7309427.3       0.0000000   4.6479830e+12
   2.2607934e+16       11312870.
      -75.622471   0.00062821349   -0.0038731202       0.0000000       2423.3377
       11312870.    0.0058670423
