       404.55103       3.8831469      0.16591607       0.0000000      -1540083.1
  -1.2027206e+10      -2.6311107
       3.8831469       1.7030958     0.058270670       0.0000000       808926.25
   1.6017187e+09      0.35728364
      0.16591607     0.058270670    0.0036384553       0.0000000       45944.473
       86241947.     0.018968010
       0.0000000       0.0000000       0.0000000       0.0000000       0.0000000
       0.0000000       0.0000000
      -1540083.1       808926.25       45944.473       0.0000000   6.6127489e+11
   1.4190897e+15       310765.32
  -1.2027206e+10   1.6017187e+09       86241947.       0.0000000   1.4190897e+15
   3.6989443e+18   7.9822975e+08
      -2.6311107      0.35728364     0.018968010       0.0000000       310765.32
   7.9822975e+08      0.17282199
