       5591268.7       182.64467       117.99861       0.0000000  -1.0565788e+08
  -2.6197410e+11      -112.88122
       182.64467     0.019677917   -0.0021103052       0.0000000       453.40313
       41991492.     0.021385576
       117.99861   -0.0021103052    0.0063459836       0.0000000      -4492.7600
      -35702403.    -0.017060621
       0.0000000       0.0000000       0.0000000       0.0000000       0.0000000
       0.0000000       0.0000000
  -1.0565788e+08       453.40313      -4492.7600       0.0000000   5.4879234e+09
   3.2131333e+13       15342.959
  -2.6197410e+11       41991492.      -35702403.       0.0000000   3.2131333e+13
   3.1647964e+17   1.5112292e+08
      -112.88122     0.021385576    -0.017060621       0.0000000       15342.959
   1.5112292e+08     0.072633375
