Tstart(s)          Tend(s)      Tmid(s)  ErrorTime(s)  Exposure(s)    Filter       Magnitude    ErrorMagnitude      ErrMag+   ErrMag-    Sigma     Telescope           ReferenceUpperL  Calib   Galactic Extiction   Host     Corrected? Notes  
           58.0            -9.0            -9.0     5.0000    -9.0000 v   16.564   0.0840  -9.0000  -9.0000  -9.0000 UVOT oates09 0 NNN  0.000  0.000 0 nn
           68.0            -9.0            -9.0     5.0000    -9.0000 v   15.670   0.0678  -9.0000  -9.0000  -9.0000 UVOT oates09 0 NNN  0.000  0.000 0 nn
           78.0            -9.0            -9.0     5.0000    -9.0000 v   16.832   0.0934  -9.0000  -9.0000  -9.0000 UVOT oates09 0 NNN  0.000  0.000 0 nn
           88.0            -9.0            -9.0     5.0000    -9.0000 v   17.053   0.1029  -9.0000  -9.0000  -9.0000 UVOT oates09 0 NNN  0.000  0.000 0 nn
          102.1            -9.0            -9.0     9.0930    -9.0000 v   17.317   0.0867  -9.0000  -9.0000  -9.0000 UVOT oates09 0 NNN  0.000  0.000 0 nn
          123.0            -9.0            -9.0     9.9820    -9.0000 v   17.041   0.0721  -9.0000  -9.0000  -9.0000 UVOT oates09 0 NNN  0.000  0.000 0 nn
          142.9            -9.0            -9.0     9.8660    -9.0000 v   16.841   0.0666  -9.0000  -9.0000  -9.0000 UVOT oates09 0 NNN  0.000  0.000 0 nn
          171.5            -9.0            -9.0    13.1640    -9.0000 v   16.782   0.1607  -9.0000  -9.0000  -9.0000 UVOT oates09 0 NNN  0.000  0.000 0 nn
          204.6            -9.0            -9.0    20.0000    -9.0000 v   16.628   0.1189  -9.0000  -9.0000  -9.0000 UVOT oates09 0 NNN  0.000  0.000 0 nn
          244.6            -9.0            -9.0    20.0000    -9.0000 v   16.811   0.1338  -9.0000  -9.0000  -9.0000 UVOT oates09 0 NNN  0.000  0.000 0 nn
          289.6            -9.0            -9.0    25.0000    -9.0000 v   16.702   0.1115  -9.0000  -9.0000  -9.0000 UVOT oates09 0 NNN  0.000  0.000 0 nn
          344.6            -9.0            -9.0    30.0000    -9.0000 v   16.963   0.1186  -9.0000  -9.0000  -9.0000 UVOT oates09 0 NNN  0.000  0.000 0 nn
          414.6            -9.0            -9.0    40.0000    -9.0000 v   17.190   0.1186  -9.0000  -9.0000  -9.0000 UVOT oates09 0 NNN  0.000  0.000 0 nn
          504.6            -9.0            -9.0    50.0000    -9.0000 v   17.467   0.1281  -9.0000  -9.0000  -9.0000 UVOT oates09 0 NNN  0.000  0.000 0 nn
          606.6            -9.0            -9.0    51.9920    -9.0000 v   17.747   0.0944  -9.0000  -9.0000  -9.0000 UVOT oates09 0 NNN  0.000  0.000 0 nn
          734.6            -9.0            -9.0    71.0000    -9.0000 v   17.899   0.1002  -9.0000  -9.0000  -9.0000 UVOT oates09 0 NNN  0.000  0.000 0 nn
          925.1            -9.0            -9.0    89.5080    -9.0000 v   17.978   0.0500  -9.0000  -9.0000  -9.0000 UVOT oates09 0 NNN  0.000  0.000 0 nn
         1124.6            -9.0            -9.0   110.0000    -9.0000 v   18.305   0.1786  -9.0000  -9.0000  -9.0000 UVOT oates09 0 NNN  0.000  0.000 0 nn
         1368.1            -9.0            -9.0   133.4920    -9.0000 v   18.498   0.1570  -9.0000  -9.0000  -9.0000 UVOT oates09 0 NNN  0.000  0.000 0 nn
         1605.6            -9.0            -9.0    99.0000    -9.0000 v   18.596   0.2134  -9.0000  -9.0000  -9.0000 UVOT oates09 0 NNN  0.000  0.000 0 nn
         5379.6            -9.0            -9.0   509.0000    -9.0000 v   19.068   0.0571  -9.0000  -9.0000  -9.0000 UVOT oates09 0 NNN  0.000  0.000 0 nn
         6505.1            -9.0            -9.0   610.5000    -9.0000 v   19.136   0.0674  -9.0000  -9.0000  -9.0000 UVOT oates09 0 NNN  0.000  0.000 0 nn
         7305.6            -9.0            -9.0   183.0000    -9.0000 v   19.101   0.3378  -9.0000  -9.0000  -9.0000 UVOT oates09 0 NNN  0.000  0.000 0 nn
        11713.1            -9.0            -9.0  1056.5000    -9.0000 v   19.364   0.0879  -9.0000  -9.0000  -9.0000 UVOT oates09 0 NNN  0.000  0.000 0 nn
        13023.1            -9.0            -9.0   249.5000    -9.0000 v   19.331   0.1439  -9.0000  -9.0000  -9.0000 UVOT oates09 0 NNN  0.000  0.000 0 nn
        17748.1            -9.0            -9.0  1308.5000    -9.0000 v   19.905   0.1631  -9.0000  -9.0000  -9.0000 UVOT oates09 0 NNN  0.000  0.000 0 nn
        22231.6            -9.0            -9.0     8.0000    -9.0000 v   19.180   0.7986  -9.0000  -9.0000  -9.0000 UVOT oates09 0 NNN  0.000  0.000 0 nn
        38279.1            -9.0            -9.0  3733.5000    -9.0000 v   20.745   0.1692  -9.0000  -9.0000  -9.0000 UVOT oates09 0 NNN  0.000  0.000 0 nn
        50045.6            -9.0            -9.0  3556.0000    -9.0000 v   20.508   0.1767  -9.0000  -9.0000  -9.0000 UVOT oates09 0 NNN  0.000  0.000 0 nn
        80567.1            -9.0            -9.0  6154.5000    -9.0000 v   22.273   0.7198  -9.0000  -9.0000  -9.0000 UVOT oates09 0 NNN  0.000  0.000 0 nn
        92147.1            -9.0            -9.0   394.5000    -9.0000 v   22.701   1.5274  -9.0000  -9.0000  -9.0000 UVOT oates09 0 NNN  0.000  0.000 0 nn
       125594.6            -9.0            -9.0  3247.0000    -9.0000 v   22.694   0.6798  -9.0000  -9.0000  -9.0000 UVOT oates09 0 NNN  0.000  0.000 0 nn
       166053.1            -9.0            -9.0 14867.5000    -9.0000 v   22.296   0.2825  -9.0000  -9.0000  -9.0000 UVOT oates09 0 NNN  0.000  0.000 0 nn
       200503.6            -9.0            -9.0 15098.0000    -9.0000 v   22.977   0.7216  -9.0000  -9.0000  -9.0000 UVOT oates09 0 NNN  0.000  0.000 0 nn
       254914.6            -9.0            -9.0 24347.0000    -9.0000 v   23.213   0.4400  -9.0000  -9.0000  -9.0000 UVOT oates09 0 NNN  0.000  0.000 0 nn
       313304.6            -9.0            -9.0 29557.0000    -9.0000 v   22.656   0.2636  -9.0000  -9.0000  -9.0000 UVOT oates09 0 NNN  0.000  0.000 0 nn
       385759.1            -9.0            -9.0 38102.5000    -9.0000 v   22.472   0.2716  -9.0000  -9.0000  -9.0000 UVOT oates09 0 NNN  0.000  0.000 0 nn
       428833.6            -9.0            -9.0   475.0000    -9.0000 v   22.345   0.6262  -9.0000  -9.0000  -9.0000 UVOT oates09 0 NNN  0.000  0.000 0 nn
       602910.6            -9.0            -9.0 58071.0000    -9.0000 v   22.452   0.2675  -9.0000  -9.0000  -9.0000 UVOT oates09 0 NNN  0.000  0.000 0 nn
       738757.6            -9.0            -9.0 72645.0000    -9.0000 v   22.616   0.6252  -9.0000  -9.0000  -9.0000 UVOT oates09 0 NNN  0.000  0.000 0 nn
       906225.1            -9.0            -9.0 90276.5000    -9.0000 v   22.469   0.1956  -9.0000  -9.0000  -9.0000 UVOT oates09 0 NNN  0.000  0.000 0 nn
      1110649.1            -9.0            -9.0 **********    -9.0000 v   21.941   0.1954  -9.0000  -9.0000  -9.0000 UVOT oates09 0 NNN  0.000  0.000 0 nn
      1360598.1            -9.0            -9.0 **********    -9.0000 v   22.789   0.2645  -9.0000  -9.0000  -9.0000 UVOT oates09 0 NNN  0.000  0.000 0 nn
      1629611.6            -9.0            -9.0 **********    -9.0000 v   22.782   0.2685  -9.0000  -9.0000  -9.0000 UVOT oates09 0 NNN  0.000  0.000 0 nn
      2020159.6            -9.0            -9.0 **********    -9.0000 v   22.334   0.1518  -9.0000  -9.0000  -9.0000 UVOT oates09 0 NNN  0.000  0.000 0 nn
