      0.57853358
      0.13422826
       0.0000000
      -11424025.
       30483.742
       1.4111690
    -0.052748154
       0.0000000
      -1271.4796
   0.00023865888
       0.0000000
      -32577.636
       47.336006
    0.0022804192
  -0.00014985789
       0.0000000
       1.0615437
       0.0000000
      -3060.8651
       66.971513
    0.0027717483
   0.00012974309
       0.0000000
      -13.830190
       0.0000000
       0.0000000
       0.0000000
       0.0000000
       0.0000000
       0.0000000
  -5.0196313e+08
      -25686.649
       2761.8130
       0.0000000
      -63362240.
       6013.0461
       7229.7743
       0.0000000
  -1.9621094e+08
     0.061539266
       0.0000000
      -3684.6343
       0.0000000
      -1402.8194
       0.0000000
