Time (s)     Err_Time (s)     Flux (erg/cm^2/s/A)    Err_Flux (Jy)
            286.9000               0.0010    1.1691192140453720e+46    5.3839931033815202e+44
            286.9000               0.0010    1.1609748131172608e+46    8.6428511795254724e+44
            286.9000               0.0010    1.2302143776687685e+46    1.2156933308560118e+45
            288.6000               0.0010    1.0892891995964403e+46    1.0939305652265944e+45
            288.6000               0.0010    9.6984871972826488e+45    1.5041086056213018e+45
            288.6000               0.0010    1.0352746913808372e+46    1.2022749704184194e+45
            288.6000               0.0010    1.0660520200637872e+46    9.4757021779128656e+44
            335.0000               0.0010    1.3730615290164537e+46    9.0944137953051602e+44
            335.0000               0.0010    1.3423284623311953e+46    6.1816511924877178e+44
            335.0000               0.0010    1.4047828585056490e+46    1.3821814827918677e+45
            387.7000               0.0010    1.5355656897730041e+46    8.9727762525656367e+44
            387.7000               0.0010    1.6661066597000453e+46    1.4348929289367841e+45
            387.8000               0.0010    1.5411992884367322e+46    4.2584911308580258e+44
            397.4000               0.0010    1.2884773800567745e+46    1.1034290780942808e+45
            397.4000               0.0010    1.2268176016469221e+46    1.3897627787010232e+45
            397.4000               0.0010    1.3177153311108259e+46    1.2213270368119994e+45
            397.4000               0.0010    1.1731360969302337e+46    1.7852428463176595e+45
            419.0000               0.0010    1.6699443561170693e+46    8.5475704981734847e+44
            419.0000               0.0010    1.6590474230947580e+46    4.5841175699530019e+44
            419.0000               0.0010    1.7304856432584315e+46    1.5842691744551707e+45
            450.3000               0.0010    1.6287663945488043e+46    6.0005973248370687e+44
            450.3000               0.0010    1.7496178493030266e+46    8.9434922348304960e+44
            450.3000               0.0010    1.9025286311674909e+46    1.7356134352801676e+45
            498.5000               0.0010    1.8529290962312386e+46    5.1198324458176831e+44
            498.6000               0.0010    1.8502584701691159e+46    9.4428776715757546e+44
            498.6000               0.0010    1.9760430479980089e+46    1.8001221562500683e+45
            508.9000               0.0010    1.7074515945849029e+46    1.8970837903470661e+45
            508.9000               0.0010    1.8262355849265614e+46    1.6624594110161012e+45
            508.9000               0.0010    1.7511445653835087e+46    1.4733796729928731e+45
            508.9000               0.0010    1.6156273636163682e+46    2.4002785983666276e+45
            529.6000               0.0010    2.0130696513777815e+46    1.2978740050810247e+45
            529.8000               0.0010    2.0886169674719139e+46    9.2902259824419970e+44
            529.8000               0.0010    2.1931887127143729e+46    1.8669119407270885e+45
            560.8000               0.0010    2.1870504540841453e+46    1.2086087803613310e+45
            560.9000               0.0010    2.1478463097687606e+46    1.0915175057523183e+45
            560.9000               0.0010    2.1520046330612502e+46    1.8333343184230029e+45
            601.1000               0.0010    2.1870504540841453e+46    1.2086087803613310e+45
            610.2000               0.0010    2.2713936239586473e+46    1.3159113060246075e+45
            610.2000               0.0010    2.4112309123390115e+46    2.0442364198399053e+45
            616.9000               0.0010    2.1870504540841453e+46    6.0430439018066551e+44
            620.4000               0.0010    2.1157970237401856e+46    2.3209327129053996e+45
            620.4000               0.0010    1.9542746625243103e+46    2.8700313098789148e+45
            620.4000               0.0010    2.0599828355809544e+46    1.7168809237460865e+45
            620.4000               0.0010    2.1113002633151353e+46    1.8578072114335060e+45
            633.3000               0.0010    2.3113132153130951e+46    1.0643991016058463e+45
            641.3000               0.0010    2.1679616825684496e+46    1.2572679172991547e+45
            641.3000               0.0010    2.2996280767511503e+46    2.0830280921239613e+45
            649.4000               0.0010    2.3980531400595211e+46    6.6260658857609702e+44
            665.4000               0.0010    2.3113132153130951e+46    1.0643991016058463e+45
            672.4000               0.0010    2.2713936239586473e+46    1.4915489735922812e+45
            672.4000               0.0010    2.2996280767511503e+46    2.0830280921239613e+45
            681.5000               0.0010    2.2691269941856892e+46    8.3597730261362144e+44
            758.9000               0.0010    2.3326995335020765e+46    1.2890974384566800e+45
            766.7000               0.0010    2.4245436246978061e+46    1.4026393604886937e+45
            766.7000               0.0010    2.3884865644605763e+46    2.0257733306246513e+45
            774.4000               0.0010    2.2691269941856892e+46    8.3597730261362144e+44
            790.8000               0.0010    2.4202420529024913e+46    8.9165014926084313e+44
            798.5000               0.0010    2.2713936239586473e+46    1.3159113060246075e+45
            798.5000               0.0010    2.3884865644605763e+46    2.0257733306246513e+45
            806.2000               0.0010    2.3760676563952782e+46    6.5653177476750968e+44
            822.8000               0.0010    2.3980531400595211e+46    6.6260658857609702e+44
            823.4000               0.0010    2.0049650269722930e+46    1.6736782374642864e+45
            823.4000               0.0010    1.8079083094711975e+46    2.6677052125587316e+45
            823.4000               0.0010    2.1113002633151353e+46    1.8578072114335060e+45
            823.4000               0.0010    1.9177482770781057e+46    2.1160809056082116e+45
            830.8000               0.0010    2.4701674970267847e+46    1.2503336255542226e+45
            830.8000               0.0010    2.6509528495383141e+46    2.2383857343324969e+45
            838.7000               0.0010    2.3760676563952782e+46    6.5653177476750968e+44
            854.8000               0.0010    2.3760676563952782e+46    6.5653177476750968e+44
            862.5000               0.0010    2.2926660629189904e+46    1.3279650973549276e+45
            862.5000               0.0010    2.5523298701571453e+46    2.3028978952775019e+45
            870.3000               0.0010    2.5343045485266151e+46    7.0025424510418726e+44
            886.3000               0.0010    2.2691269941856892e+46    6.2698297696021596e+44
            894.2000               0.0010    2.4245436246978061e+46    1.2278910591718125e+45
            894.2000               0.0010    2.4807785773203760e+46    2.2407306247901680e+45
            919.1000               0.0010    2.3980531400595211e+46    6.6260658857609702e+44
            927.0000               0.0010    2.3797624230495890e+46    1.2058513977672442e+45
            927.0000               0.0010    2.6011751909611680e+46    2.1981367907430903e+45
            934.9000               0.0010    2.4202420529024913e+46    1.1145626865760539e+45
            961.2000               0.0010    2.4202420529024913e+46    4.4582507463042156e+44
            968.9000               0.0010    2.4472481158956976e+46    1.2390609372206481e+45
            968.9000               0.0010    2.7016855717800704e+46    2.2793729265218555e+45
            976.6000               0.0010    2.3980531400595211e+46    4.4173772571739802e+44
            992.8000               0.0010    2.3113132153130951e+46    6.3863946096350774e+44
           1000.6000               0.0010    2.5166498969999187e+46    1.2731864409913629e+45
           1000.6000               0.0010    2.8060797112506333e+46    2.3636079554880147e+45
           1008.3000               0.0010    2.4202420529024913e+46    4.4582507463042156e+44
           1023.8000               0.0010    2.2092008526013307e+46    1.9387570948373688e+45
           1023.8000               0.0010    2.1550552161633389e+46    1.7594173438213261e+45
           1023.8000               0.0010    2.0598405419204664e+46    2.2406218612898637e+45
           1023.8000               0.0010    1.9207568967302347e+46    2.8237884823020044e+45
           1024.3000               0.0010    2.3542837368598170e+46    8.6735020691668212e+44
           1032.0000               0.0010    2.4932992302000848e+46    1.2617076882719045e+45
           1032.0000               0.0010    2.5766367880246341e+46    2.1782832560129716e+45
           1039.7000               0.0010    2.4880482768192499e+46    6.8747316453334342e+44
           1056.3000               0.0010    2.4426362772312406e+46    6.7492536497678989e+44
           1064.0000               0.0010    2.4020475634103601e+46    1.2168207574713034e+45
           1064.0000               0.0010    2.7796083244459358e+46    2.3422615403888418e+45
           1071.7000               0.0010    2.4652377127695724e+46    9.0822716344356021e+44
           1087.9000               0.0010    2.3326995335020765e+46    4.2969914615222666e+44
           1095.6000               0.0010    2.6122552052900661e+46    1.3201529830550867e+45
           1095.6000               0.0010    2.7016855717800704e+46    2.2793729265218555e+45
           1103.3000               0.0010    2.6537426440385279e+46    7.3325621144560456e+44
           1119.4000               0.0010    2.4652377127695724e+46    4.5411358172178011e+44
           1127.1000               0.0010    2.5166498969999187e+46    1.2731864409913629e+45
           1127.1000               0.0010    2.4341940850977722e+46    2.0628695024235454e+45
           1134.9000               0.0010    2.4202420529024913e+46    4.4582507463042156e+44
           1161.2000               0.0010    2.3760676563952782e+46    8.7537569969001286e+44
           1169.0000               0.0010    2.5640069799691916e+46    1.2964570061825924e+45
           1169.0000               0.0010    2.6011751909611680e+46    2.1981367907430903e+45
           1176.8000               0.0010    2.5343045485266151e+46    4.6683616340279153e+44
           1192.9000               0.0010    2.4652377127695724e+46    1.1352839543044505e+45
           1200.6000               0.0010    2.5166498969999187e+46    1.2731864409913629e+45
           1200.6000               0.0010    2.5044040819353515e+46    2.1197928761755791e+45
           1208.3000               0.0010    2.6053063813741082e+46    1.1997879618262518e+45
           1224.3000               0.0010    2.0233583295684893e+46    2.2033401414307093e+45
           1224.3000               0.0010    2.0974982242428056e+46    1.7462986880370784e+45
           1224.3000               0.0010    2.5110699044225789e+46    6.9383427550077261e+44
           1224.3000               0.0010    2.2701073892923139e+46    1.9890042082260520e+45
           1224.3000               0.0010    1.9042150846787559e+46    2.8009472590422368e+45
           1232.0000               0.0010    2.3358083279960357e+46    1.1842073849013790e+45
           1232.0000               0.0010    2.5766367880246341e+46    2.3240017949225062e+45
           1239.7000               0.0010    2.4652377127695724e+46    4.5411358172178011e+44
           1255.8000               0.0010    2.4880482768192499e+46    9.1663088604445784e+44
           1263.5000               0.0010    2.5640069799691916e+46    1.2964570061825924e+45
           1263.5000               0.0010    2.4341940850977722e+46    2.0628695024235454e+45
           1271.2000               0.0010    2.5110699044225789e+46    9.2511236733436359e+44
           1287.4000               0.0010    2.4426362772312406e+46    1.7998009732714407e+45
           1295.5000               0.0010    2.3576818629090522e+46    1.1949798265329665e+45
           1295.5000               0.0010    2.6011751909611680e+46    2.3452989623241711e+45
           1303.6000               0.0010    2.5343045485266151e+46    7.0025424510418726e+44
           1319.8000               0.0010    2.4652377127695724e+46    6.8117037258267024e+44
           1327.6000               0.0010    2.5402169117785170e+46    1.2847684215399883e+45
           1327.6000               0.0010    2.6761989957899131e+46    2.2587864644059681e+45
           1335.3000               0.0010    2.3980531400595211e+46    8.8347545143479603e+44
           1363.0000               0.0010    2.3542837368598170e+46    4.3367510345834106e+44
           1370.7000               0.0010    2.5166498969999187e+46    1.2731864409913629e+45
           1370.7000               0.0010    2.6509528495383141e+46    2.2383857343324969e+45
           1378.5000               0.0010    2.3326995335020765e+46    8.5939829230445332e+44
           1394.8000               0.0010    2.5343045485266151e+46    7.0025424510418726e+44
           1402.6000               0.0010    2.3797624230495890e+46    1.2058513977672442e+45
           1402.6000               0.0010    2.3884865644605763e+46    2.0257733306246513e+45
           1410.3000               0.0010    2.2901229680707295e+46    6.3278437910489650e+44
           1426.8000               0.0010    2.4202420529024913e+46    4.4582507463042156e+44
           1427.3000               0.0010    1.8554360953204868e+46    2.7335165832500120e+45
           1427.3000               0.0010    2.0599828355809544e+46    1.7168809237460865e+45
           1427.3000               0.0010    1.9698465738032198e+46    2.1485767106412888e+45
           1427.3000               0.0010    2.1499284263622080e+46    1.8593787088674119e+45
           1434.5000               0.0010    2.3141355947166492e+46    1.1735309759689996e+45
           1434.5000               0.0010    2.6509528495383141e+46    2.2383857343324969e+45
           1442.3000               0.0010    2.3760676563952782e+46    4.3768784984500643e+44
           1458.8000               0.0010    2.2483235125491171e+46    1.2424695247817744e+45
           1466.5000               0.0010    2.3358083279960357e+46    1.1842073849013790e+45
           1466.5000               0.0010    2.4112309123390115e+46    2.0442364198399053e+45
           1474.2000               0.0010    2.3113132153130951e+46    8.5151928128467694e+44
           1490.4000               0.0010    2.3326995335020765e+46    6.4454871922833999e+44
           1498.1000               0.0010    2.3358083279960357e+46    1.1842073849013790e+45
           1498.1000               0.0010    2.4573759458720491e+46    2.0816722416747039e+45
           1505.8000               0.0010    2.3113132153130951e+46    4.2575964064233847e+44
           1522.6000               0.0010    2.2901229680707295e+46    6.3278437910489650e+44
           1530.3000               0.0010    2.2713936239586473e+46    1.1524671660780675e+45
           1530.3000               0.0010    2.4112309123390115e+46    2.0442364198399053e+45
           1538.1000               0.0010    2.1870504540841453e+46    8.0573918690755407e+44
           1775.3000               0.0010    2.1679616825684496e+46    1.2572679172991547e+45
           1775.3000               0.0010    2.1669994547013914e+46    1.1975281882955374e+45
           1775.3000               0.0010    2.1317035180149232e+46    1.9364173878165966e+45
           1807.2000               0.0010    2.1079427026190687e+46    9.7074351673293259e+44
           1807.2000               0.0010    2.1679616825684496e+46    1.1014476630802042e+45
           1807.2000               0.0010    2.1724990842205132e+46    1.8500470442822553e+45
           1831.7000               0.0010    1.7923383643560768e+46    2.6461213859177141e+45
           1831.7000               0.0010    1.8504220759031422e+46    2.0260061060136432e+45
           1831.7000               0.0010    1.9995285130992177e+46    1.8734641192805724e+45
           1831.7000               0.0010    1.8992966454219004e+46    1.5625458749314018e+45
           1839.3000               0.0010    2.1279195367873837e+46    1.0816778727783857e+45
           1839.3000               0.0010    2.0886169674719139e+46    5.7710621192671622e+44
           1839.3000               0.0010    1.9760430479980089e+46    1.8001221562500683e+45
           1871.5000               0.0010    2.0886169674719139e+46    7.6947494923562184e+44
           1871.5000               0.0010    2.0886169674719139e+46    1.0622629760033403e+45
           1871.5000               0.0010    2.0330366209343290e+46    1.8500710062406017e+45
           1903.7000               0.0010    2.0500403146810596e+46    1.1903359525168023e+45
           1903.7000               0.0010    1.9582079138411352e+46    9.0178809623931333e+44
           1903.7000               0.0010    2.0523980893497015e+46    1.8670271341362819e+45
           1936.2000               0.0010    1.9582079138411352e+46    7.2143047699145085e+44
           1936.2000               0.0010    1.9935080856438429e+46    1.1582193169558981e+45
           1936.2000               0.0010    2.0330366209343290e+46    1.8500710062406017e+45
           2033.0000               0.0010    1.6296622299553587e+46    2.4198651160132695e+45
           2033.0000               0.0010    1.7043751773671331e+46    1.4362839107730818e+45
           2033.0000               0.0010    1.7139462592938212e+46    1.5267119854172227e+45
           2033.0000               0.0010    1.7074515945849029e+46    1.8785924398932536e+45
           2057.2000               0.0010    1.9027284031314699e+46    8.4927866753844506e+44
           2057.2000               0.0010    1.8024316334723756e+46    6.6404037277624262e+44
           2057.2000               0.0010    1.9389365674589739e+46    1.6591580862905077e+45
           2236.0000               0.0010    1.5615158610238483e+46    1.7272998670628634e+45
           2236.0000               0.0010    1.6000457481058999e+46    1.3299981731316812e+45
           2236.0000               0.0010    1.5339174914891922e+46    2.2860273026330053e+45
           2236.0000               0.0010    1.6379913358221619e+46    1.6134276046162510e+45
           2259.4000               0.0010    1.6138337742652797e+46    4.4591876378029835e+44
           2259.5000               0.0010    1.7173024935722176e+46    7.6943973495553850e+44
           2259.5000               0.0010    1.6979902824363561e+46    1.4611788665148756e+45
           2373.0000               0.0010    1.4740112546430947e+46    1.0105192171492430e+45
           2373.0000               0.0010    1.3481232508521061e+46    9.9588828231008030e+44
           2440.8000               0.0010    1.5372765408582094e+46    1.3780263213999907e+45
           2440.8000               0.0010    1.4752363317833500e+46    1.2536004384720339e+45
           2440.8000               0.0010    1.4537991126811498e+46    1.6150521939705586e+45
           2440.8000               0.0010    1.4068130854245884e+46    2.1075183568008346e+45
           2464.1000               0.0010    1.4793658855298246e+46    7.5982978949980085e+44
           2464.1000               0.0010    1.5554598300875785e+46    2.8652629764935187e+44
           2464.1000               0.0010    1.6348202186446553e+46    1.4090780653686699e+45
           2635.2000               0.0010    1.4101535311580776e+46    1.4737820097648952e+45
           2635.2000               0.0010    1.4558934744497462e+46    1.5804600412665708e+45
           2635.2000               0.0010    1.3589704051092978e+46    2.0501990885923131e+45
           2635.2000               0.0010    1.4027607294385460e+46    1.6780476161903041e+45
           2656.5000               0.0010    1.5072038669139178e+46    9.9669076011247756e+44
           2656.5000               0.0010    1.4729594787856421e+46    1.5447354412896941e+45
           2656.8000               0.0010    1.4055904547328114e+46    1.0356773507501910e+45
           2743.2000               0.0010    1.3601625060970231e+46    1.1612169815545542e+45
           2743.2000               0.0010    1.3177153311108259e+46    1.4865331401853875e+45
           2743.2000               0.0010    1.3540453154168873e+46    1.2531326125342894e+45
           2743.2000               0.0010    1.3241597993695193e+46    2.0007500162425230e+45
           2764.8000               0.0010    1.4185962232756259e+46    5.2263017771617141e+44
           2765.0000               0.0010    1.5644612114989453e+46    7.0338749036303863e+44
           2765.0000               0.0010    1.2656965565271742e+46    1.2495928052753785e+45
           2853.8000               0.0010    1.3358349407767075e+46    1.1730151856967331e+45
           2853.8000               0.0010    1.3127547512152661e+46    1.9845311685951932e+45
           2853.8000               0.0010    1.3177153311108259e+46    1.4865331401853875e+45
           2853.8000               0.0010    1.3177153311108259e+46    1.2213270368119994e+45
           2876.0000               0.0010    1.3859207566099047e+46    1.5036434134296439e+45
           2876.0000               0.0010    1.2186090478153783e+46    1.2849777901725045e+45
           2876.3000               0.0010    1.2937751305210873e+46    4.7664438639748390e+44
           2965.2000               0.0010    1.3788188088540204e+46    1.5000196704191998e+45
           2965.2000               0.0010    1.2714544278765020e+46    1.4596097434743439e+45
           2965.2000               0.0010    1.2463625711422357e+46    1.9052512241585242e+45
           2965.2000               0.0010    1.2884773800567745e+46    1.1746396884361971e+45
           2986.8000               0.0010    1.2819137286521655e+46    7.0841172649743115e+44
           2986.9000               0.0010    1.4252229245842101e+46    9.4338463730943826e+44
           2986.9000               0.0010    1.2537565025825710e+46    1.6954753258895286e+45
           3112.1000               0.0010    1.2039764669284659e+46    1.8646169707093380e+45
           3112.1000               0.0010    1.2144733753244839e+46    1.3278760698106143e+45
           3112.1000               0.0010    1.2159048710461618e+46    1.3993612168854683e+45
           3112.1000               0.0010    1.1773001465695456e+46    1.0408859415151430e+45
           3133.7000               0.0010    1.2937751305210873e+46    5.9580548299685476e+44
           3133.7000               0.0010    1.3859207566099047e+46    1.0292398819215399e+45
           3133.7000               0.0010    1.1732733282391817e+46    1.3206703500131817e+45
           3220.1000               0.0010    1.1627822618093744e+46    1.3213261230472674e+45
           3220.1000               0.0010    1.1936076625970960e+46    1.8291794627315686e+45
           3220.1000               0.0010    1.1818892924994496e+46    1.1019565563792184e+45
           3220.1000               0.0010    1.1562432169093739e+46    9.9631130799407304e+44
           3241.7000               0.0010    1.1908547633620916e+46    3.2904534059715025e+44
           3242.0000               0.0010    1.2392530556265197e+46    8.2226638438521338e+44
           3242.0000               0.0010    1.2537565025825710e+46    1.0927946543169150e+45
           3330.7000               0.0010    1.1138050886627247e+46    1.7325632923885698e+45
           3330.7000               0.0010    1.1020903448562541e+46    1.2753979222371531e+45
           3330.7000               0.0010    1.1152524801945833e+46    9.6296015324942797e+44
           3330.7000               0.0010    1.1193203452590002e+46    1.0805892820250113e+45
           3352.0000               0.0010    1.1081067431562614e+46    7.3667176316389306e+44
           3352.0000               0.0010    1.0372580100194530e+46    1.0988325375667432e+45
           3352.3000               0.0010    1.0961217556029292e+46    5.0478273744319673e+44
           3442.2000               0.0010    1.1397993313842043e+46    1.4509992457323792e+45
           3442.2000               0.0010    1.1042118351319187e+46    1.8831175036605611e+45
           3442.2000               0.0010    1.0854664322499815e+46    1.1458005655577478e+45
           3442.2000               0.0010    1.1119805673738358e+46    1.3461935687616254e+45
           3463.8000               0.0010    1.0675514074511926e+46    7.9565601436641467e+44
           3463.8000               0.0010    1.1268310299547693e+46    5.1892488131816166e+44
           3463.8000               0.0010    1.1403810656608397e+46    1.3682447884577502e+45
           3634.0000               0.0010    1.0633983874959999e+46    1.2330864404539075e+45
           3634.0000               0.0010    1.0697167531373597e+46    1.0350855945725281e+45
           3634.0000               0.0010    1.0190220866254421e+46    9.0795883378407693e+44
           3634.0000               0.0010    1.0483666508513186e+46    1.6186491879293982e+45
           3656.4000               0.0010    1.0662493942452690e+46    3.9282080500498646e+44
           3656.5000               0.0010    1.0284803468525717e+46    6.8462008313885577e+44
           3656.5000               0.0010    1.0471362571660066e+46    1.0402464579407982e+45
           3833.6000               0.0010    1.0215122925692611e+46    1.5795351552196728e+45
           3833.6000               0.0010    9.8289606620988280e+45    8.5475468523034124e+44
           3833.6000               0.0010    9.8590529012720080e+45    9.0653063258290481e+44
           3833.6000               0.0010    1.0352746913808372e+46    1.1843506402509856e+45
           3856.9000               0.0010    9.4571961481687599e+45    5.5855362934917816e+44
           3856.9000               0.0010    9.8142879710287284e+45    2.7117880597197111e+44
           3856.9000               0.0010    8.9979255688805687e+45    8.9831452177997655e+44
           4035.7000               0.0010    9.8123718279048865e+45    1.1259958226793041e+45
           4035.7000               0.0010    9.4805077304076361e+45    8.2612733826046650e+44
           4035.7000               0.0010    9.6149625447489361e+45    1.4918919071405539e+45
           4035.7000               0.0010    1.0130861943244200e+46    9.5249286244542006e+44
           4058.7000               0.0010    9.1964030433359432e+45    4.7879364959960766e+44
           4058.7000               0.0010    9.0836082569760195e+45    9.0658794255802262e+44
           4059.1000               0.0010    9.2015035178262017e+45    4.2374490886431081e+44
           4239.6000               0.0010    9.0866038907028778e+45    8.5933226569957799e+44
           4239.6000               0.0010    9.1444080321638564e+45    7.9845562705244612e+44
           4239.6000               0.0010    9.3836715186024282e+45    1.0795620510895270e+45
           4239.6000               0.0010    9.4500563169429508e+45    1.6233836814192944e+45
           4263.0000               0.0010    8.5478874665126724e+45    3.9364477647186735e+44
           4263.2000               0.0010    9.1964030433359432e+45    4.7879364959960766e+44
           4263.2000               0.0010    9.4346022724083576e+45    1.0021965784928733e+45
           4453.9000               0.0010    8.9001801278031051e+45    8.2654055946961876e+44
           4453.9000               0.0010    9.2528515925257819e+45    9.7683378768956560e+44
           4453.9000               0.0010    9.2079890994148743e+45    1.4144456203936148e+45
           4453.9000               0.0010    9.4678898499595763e+45    1.1050037133502281e+45
           4477.8000               0.0010    9.2825221998743847e+45    4.8314872446901546e+44
           4477.8000               0.0010    7.9548133800051941e+45    7.9737698262825390e+44
           4478.1000               0.0010    8.5478874665126724e+45    4.7237373176624086e+44
           4655.2000               0.0010    8.9808531755045136e+45    7.8496816938184910e+44
           4655.2000               0.0010    9.1354931530136433e+45    1.0526225530420909e+45
           4655.2000               0.0010    8.8428120877793800e+45    8.6393708744038051e+44
           4655.2000               0.0010    9.1286802734463535e+45    1.4029714638392707e+45
           4679.2000               0.0010    9.1110744708245771e+45    5.3855581155895917e+44
           4679.2000               0.0010    7.9548133800051941e+45    1.0843697897223792e+45
           4679.4000               0.0010    8.7068045618354663e+45    3.2077054350143394e+44
           4858.3000               0.0010    8.9808531755045136e+45    7.8496816938184910e+44
           4858.3000               0.0010    9.2879783959392678e+45    1.4327851721816463e+45
           4858.3000               0.0010    9.2174840867272123e+45    1.0615274253169504e+45
           4858.3000               0.0010    9.0866038907028778e+45    8.8653852769475361e+44
           4881.6000               0.0010    8.7068045618354663e+45    3.2077054350143394e+44
           4881.9000               0.0010    8.6961855186289430e+45    6.4997821877226016e+44
           4881.9000               0.0010    7.8797709850593123e+45    8.9596412275869055e+44
           5063.0000               0.0010    8.7630077579208578e+45    8.3034355296763521e+44
           5063.0000               0.0010    8.8147742884974884e+45    1.0177431340828785e+45
           5063.0000               0.0010    8.9721225367650917e+45    1.3868327120682086e+45
           5063.0000               0.0010    8.9808531755045136e+45    7.8496816938184910e+44
           5085.5000               0.0010    8.5478874665126724e+45    3.9364477647186735e+44
           5085.9000               0.0010    8.4563703721021836e+45    5.0068313078631444e+44
           5085.9000               0.0010    8.5004985179578515e+45    1.2950395495661274e+45
           5279.0000               0.0010    9.2079890994148743e+45    1.4211571277666256e+45
           5279.0000               0.0010    8.4509356728920702e+45    8.2753767896002278e+44
           5279.0000               0.0010    8.8147742884974884e+45    1.0177431340828785e+45
           5279.0000               0.0010    8.5846540040623234e+45    7.5223501002142933e+44
           5303.2000               0.0010    8.5478874665126724e+45    3.9364477647186735e+44
           5303.2000               0.0010    7.7037467113340698e+45    4.5706641313150660e+44
           5303.2000               0.0010    7.8054436978760480e+45    6.9394316243289818e+44
           5480.4000               0.0010    8.6586621847584733e+45    9.9172655127602863e+44
           5480.4000               0.0010    8.8182416582837484e+45    1.3644094299195782e+45
           5480.4000               0.0010    8.6055611711856127e+45    8.1621721774351634e+44
           5480.4000               0.0010    8.5075399272106104e+45    7.4585376613410591e+44
           5504.5000               0.0010    7.8678993482274449e+45    3.6233016547885207e+44
           5504.9000               0.0010    8.2231761937849854e+45    4.2949347562854775e+44
           5504.9000               0.0010    8.1070489573988300e+45    7.1962251101976248e+44
           5682.5000               0.0010    8.7422897446276359e+45    1.3533330266451269e+45
           5682.5000               0.0010    8.4296587904113259e+45    9.7575853238827791e+44
           5682.5000               0.0010    8.2803138039021225e+45    7.2703057972269859e+44
           5682.5000               0.0010    8.0764330189474594e+45    7.6863493652560045e+44
           5705.0000               0.0010    7.3090140210460558e+45    2.6927403542136027e+44
           5705.4000               0.0010    7.4218059495141254e+45    4.4070356991956918e+44
           5705.4000               0.0010    7.2354707957544195e+45    6.8420942574680745e+44
           5885.6000               0.0010    8.2241987237671222e+45    7.8194003369402876e+44
           5885.6000               0.0010    8.4449910946171876e+45    1.3037951241268187e+45
           5885.6000               0.0010    7.9150196158916308e+45    6.9670581868113806e+44
           5885.6000               0.0010    8.3546833784026708e+45    9.6757160857757570e+44
           5908.0000               0.0010    7.5833097426106584e+45    2.7937946354502168e+44
           5908.3000               0.0010    7.0838343141757747e+45    5.8935751221182606e+44
           5908.3000               0.0010    7.0326336563344053e+45    6.6572609714119871e+44
           6327.9000               0.0010    7.9896691482794661e+45    9.2764974650184443e+44
           6327.9000               0.0010    8.0035450825844248e+45    7.6206698237565842e+44
           6327.9000               0.0010    7.7036260902566907e+45    6.9668196752530092e+44
           6327.9000               0.0010    8.3001510477852818e+45    1.2986962032075964e+45
           6350.4000               0.0010    7.1756094786965715e+45    3.3044903788880930e+44
           6530.1000               0.0010    7.5798392472013429e+45    7.2381897532465478e+44
           6530.1000               0.0010    7.8481698860074626e+45    9.1214467741208652e+44
           6530.1000               0.0010    8.0178808035986353e+45    1.2473859769765541e+45
           6530.1000               0.0010    7.7036260902566907e+45    6.7911967590790059e+44
           6553.4000               0.0010    7.1098230945921222e+45    1.9645167771262581e+44
           6616.0000               0.0010    7.0455352933350164e+45    3.4674998578397865e+44
           6616.0000               0.0010    6.7681066643969858e+45    3.7908296908916891e+44
           6655.0000               0.0010    7.0838343141757747e+45    3.7156467817112861e+44
           6655.0000               0.0010    6.1587077209236005e+45    5.5294048324918265e+44
           6732.3000               0.0010    7.8803733836878777e+45    1.2272107335785056e+45
           6732.3000               0.0010    7.4436440128326828e+45    7.1149946421340143e+44
           6732.3000               0.0010    7.5726379788433344e+45    8.8190415478139175e+44
           6732.3000               0.0010    7.3637730479661192e+45    6.5078702577234078e+44
           6755.6000               0.0010    6.8526538476379098e+45    2.5246110482013864e+44
           6935.3000               0.0010    7.5114329545476508e+45    7.1763286782253921e+44
           6935.3000               0.0010    7.1670955575365980e+45    6.3435572179351586e+44
           6935.3000               0.0010    7.3723576394197744e+45    8.5988146138917867e+44
           6935.3000               0.0010    7.8124993718373107e+45    1.2172442771927139e+45
           6958.7000               0.0010    6.6659000030497511e+45    2.4558083872434170e+44
           7208.4000               0.0010    7.4818189587593071e+45    1.1686118133029358e+45
           7208.4000               0.0010    7.2417911356230674e+45    8.4550527286430170e+44
           7208.4000               0.0010    6.6679386356568828e+45    5.9253387489506565e+44
           7208.4000               0.0010    7.1137794220079569e+45    7.0264016812762445e+44
           7232.5000               0.0010    6.4842357192717129e+45    1.7916605923767230e+44
           7409.7000               0.0010    6.6679386356568828e+45    5.9253387489506565e+44
           7409.7000               0.0010    7.0502674925344737e+45    8.2438920149568843e+44
           7409.7000               0.0010    6.9859648268685128e+45    6.7000647272037668e+44
           7409.7000               0.0010    7.1034281960338870e+45    1.1128023283973832e+45
           7432.1000               0.0010    6.2496945788223841e+45    2.3024726379573288e+44
           7536.4000               0.0010    5.9896410106423206e+45    3.5736273576955416e+44
           7536.4000               0.0010    5.3425032246987474e+45    4.8247946928937273e+44
           7611.0000               0.0010    6.7283781912501469e+45    5.8828169016141515e+44
           7611.0000               0.0010    7.0422460481733082e+45    1.1037617698218249e+45
           7611.0000               0.0010    6.9253989162703000e+45    8.1060366093303470e+44
           7611.0000               0.0010    6.7371775759970286e+45    6.4738843088703374e+44
           7634.3000               0.0010    5.8057561849922951e+45    2.6736496059930489e+44
           7815.7000               0.0010    6.8618559162147221e+45    1.0721615291736168e+45
           7815.7000               0.0010    6.3165159053705563e+45    5.6298107858819108e+44
           7815.7000               0.0010    6.3805129450732513e+45    6.1488130542473435e+44
           7815.7000               0.0010    6.5055376441629775e+45    7.6414062580841822e+44
           7839.9000               0.0010    5.5957563121080037e+45    2.5769410878422092e+44
           8196.8000               0.0010    6.5148195994900837e+45    1.0256259746529504e+45
           8196.8000               0.0010    6.1532873128099292e+45    6.3463725118386260e+44
           8196.8000               0.0010    6.2213121735891710e+45    7.3258681534967836e+44
           8196.8000               0.0010    6.2035401009384150e+45    5.6743881412393721e+44
           8220.1000               0.0010    5.2463685132078920e+45    2.4160420557259817e+44
           8397.2000               0.0010    5.9341537396650186e+45    5.7405621899019105e+44
           8397.2000               0.0010    5.7196412998896501e+45    5.1256494818727806e+44
           8397.2000               0.0010    6.1659783273390713e+45    7.2643407541302274e+44
           8397.2000               0.0010    6.3479397206560812e+45    1.0008255011267766e+45
           8421.4000               0.0010    5.4432564152943149e+45    2.5067122880032025e+44
           8522.1000               0.0010    4.8338413484880994e+45    2.8978636865616717e+44
           8522.1000               0.0010    4.3782685026346584e+45    4.2173362091488037e+44
           8599.4000               0.0010    5.5668817113570832e+45    4.9961408949569492e+44
           8599.4000               0.0010    6.0427244920990191e+45    5.8400154353546445e+44
           8599.4000               0.0010    6.0792498649374556e+45    9.6081204663302344e+44
           8599.4000               0.0010    5.8441370714815734e+45    6.9058141947562809e+44
           8621.9000               0.0010    5.1506114947528691e+45    1.8975554542461454e+44
           8801.6000               0.0010    5.7228240476714654e+45    5.5466891536422365e+44
           8801.6000               0.0010    5.9749846472154795e+45    9.4525647962288632e+44
           8801.6000               0.0010    5.5668817113570832e+45    4.9961408949569492e+44
           8801.6000               0.0010    5.7406357788893540e+45    6.7902706738525763e+44
           8824.0000               0.0010    5.1506114947528691e+45    1.4231665906846090e+44
           9045.2000               0.0010    5.5168756256242333e+45    5.0772372407602112e+44
           9045.2000               0.0010    5.8219328706105877e+45    9.2239283678764515e+44
           9045.2000               0.0010    5.6895771840618452e+45    6.7332264941140494e+44
           9045.2000               0.0010    5.7749415569376121e+45    5.7634538990194720e+44
           9067.7000               0.0010    5.0102430302116900e+45    2.7687626989811695e+44
           9244.8000               0.0010    5.9749846472154795e+45    9.4525647962288632e+44
           9244.8000               0.0010    5.2734883739132393e+45    4.8646258445759914e+44
           9244.8000               0.0010    5.4198590591759084e+45    5.2680567775434921e+44
           9244.8000               0.0010    5.5390998401317581e+45    6.5649318819864100e+44
           9269.0000               0.0010    5.0566022388807406e+45    1.8629211634611561e+44
           9370.0000               0.0010    4.6137238004891117e+45    2.4498196531171281e+44
           9370.0000               0.0010    3.9447800304389803e+45    4.0455076389036806e+44
           9446.1000               0.0010    5.2499793219872629e+45    6.2408158421138773e+44
           9446.1000               0.0010    5.3695265362386868e+45    4.8285198636667038e+44
           9446.1000               0.0010    5.8219328706105877e+45    9.2239283678764515e+44
           9446.1000               0.0010    5.3709460871652373e+45    5.3795131285698099e+44
           9468.6000               0.0010    4.9643088453287613e+45    1.8289190197343660e+44
           9650.0000               0.0010    5.2032847436550232e+45    6.2750754958664891e+44
           9650.0000               0.0010    5.5755073574763729e+45    8.8550470222985272e+44
           9650.0000               0.0010    5.4692174794916055e+45    5.3135085322247978e+44
           9650.0000               0.0010    5.0408432472728080e+45    4.6608989293311340e+44
           9672.5000               0.0010    4.8736999960796514e+45    1.7955374850814860e+44
           9887.6000               0.0010    4.8621370067970345e+45    4.5040598531177855e+44
           9887.6000               0.0010    5.3709460871652373e+45    5.3795131285698099e+44
           9887.6000               0.0010    5.5755073574763729e+45    8.8550470222985272e+44
           9887.6000               0.0010    5.1570007283537032e+45    6.2222529446176405e+44
           9909.2000               0.0010    4.6974135060788038e+45    2.5958867102643973e+44
          10086.3000               0.0010    5.0407039655487781e+45    6.5719290508460121e+44
          10086.3000               0.0010    5.3858963715799876e+45    8.5705532197067464e+44
          10086.3000               0.0010    4.9506838414534219e+45    4.4715888664656538e+44
          10086.3000               0.0010    5.1111331239878940e+45    6.1698792978986091e+44
          10110.5000               0.0010    4.7408781387562957e+45    1.7466041030813496e+44
          10215.3000               0.0010    4.4448672180931376e+45    2.0929874515969601e+44
          10215.3000               0.0010    3.9075666192780394e+45    3.5744360029539483e+44
          10291.1000               0.0010    4.8878288720119995e+45    5.8333440895545690e+44
          10291.1000               0.0010    5.0866094369461075e+45    5.2924007286300596e+44
          10291.1000               0.0010    4.9062129269543964e+45    4.5427713477495482e+44
          10291.1000               0.0010    5.2479343420600626e+45    8.3631803509397273e+44
          10315.3000               0.0010    4.6974135060788038e+45    2.5958867102643973e+44
          10495.9000               0.0010    4.9501367018828387e+45    4.8343434099341465e+44
          10495.9000               0.0010    4.7585560838151067e+45    5.7663792772119300e+44
          10495.9000               0.0010    5.1579270173206387e+45    8.2277149914521627e+44
          10495.9000               0.0010    4.7751782993127701e+45    4.3215186936177165e+44
          10519.2000               0.0010    4.4448672180931376e+45    2.0469370582708874e+44
          10874.3000               0.0010    4.6327022888370404e+45    5.5452362624289962e+44
          10874.3000               0.0010    4.5645124076799190e+45    4.1409656092150344e+44
          10874.3000               0.0010    4.9396069438673083e+45    7.8985450534135778e+44
          10874.3000               0.0010    4.7307717221930210e+45    4.6310328717511385e+44
          10900.2000               0.0010    4.2840920286010296e+45    1.9728973452098747e+44
          11030.0000               0.0010    4.5861767888430538e+45    2.6012259240881088e+44
          11030.0000               0.0010    4.0603548621487601e+45    2.0434137515864218e+44
          11358.1000               0.0010    4.5101770619017672e+45    5.4065455169746840e+44
          11358.1000               0.0010    4.5696526750257903e+45    7.3067587108376128e+44
          11358.1000               0.0010    4.5622973996859610e+45    4.3779224618525571e+44
          11358.1000               0.0010    4.2851062178498539e+45    3.9007602563276107e+44
          11384.9000               0.0010    3.9797774880725971e+45    1.8327553162550565e+44
          11629.2000               0.0010    3.7934956531660004e+45    1.6132385047638869e+44
          11629.2000               0.0010    3.3577286007519093e+45    3.4615092542237959e+44
          11841.1000               0.0010    4.4912826961469576e+45    7.1884193829367098e+44
          11841.1000               0.0010    4.2367417404807024e+45    5.0962356025952484e+44
          11841.1000               0.0010    4.0592704866982891e+45    3.7059603061326916e+44
          11841.1000               0.0010    4.3601154771379005e+45    4.2863173551510138e+44
          11868.8000               0.0010    3.6970795092236917e+45    1.3620544656990643e+44
          12327.6000               0.0010    3.9153626260155548e+45    3.5815103292399448e+44
          12327.6000               0.0010    4.0156031951911133e+45    4.8444280599791653e+44
          12327.6000               0.0010    4.1292919668627636e+45    3.9838623143929656e+44
          12327.6000               0.0010    4.3011757795274686e+45    6.9308624778627586e+44
          12356.1000               0.0010    3.6970795092236917e+45    1.3620544656990643e+44
          13153.5000               0.0010    3.9798837892991087e+45    4.8036806531029350e+44
          13153.5000               0.0010    3.8801882026750433e+45    3.5510527658736109e+44
          13153.5000               0.0010    4.1549058902805505e+45    6.7559748746084130e+44
          13637.4000               0.0010    4.1191194982018731e+45    6.7009463931924688e+44
          13637.4000               0.0010    3.9153626260155548e+45    3.5815103292399448e+44
          13637.4000               0.0010    3.9798837892991087e+45    4.8036806531029350e+44
          13880.2000               0.0010    4.0551002117284542e+45    3.9161132723318428e+44
          13907.7000               0.0010    3.5633525316790563e+45    1.3127876250767061e+44
          13907.7000               0.0010    3.3920417579943168e+45    1.8170078664286543e+44
          13907.7000               0.0010    3.0540939265622375e+45    2.9807261780732185e+44
          14123.8000               0.0010    3.8453333173041564e+45    3.5208566715198183e+44
          14123.8000               0.0010    4.1191194982018731e+45    6.6534162895109067e+44
          14123.8000               0.0010    3.8401623984085481e+45    4.6440871633941086e+44
          14606.8000               0.0010    3.8801882026750433e+45    3.5510527658736109e+44
          14606.8000               0.0010    3.8401623984085481e+45    4.6440871633941086e+44
          14606.8000               0.0010    4.0484762062427963e+45    6.5455675850675591e+44
          14758.0000               0.0010    3.8154062852385810e+45    1.9249479558276988e+44
          14758.0000               0.0010    3.4731567973337566e+45    1.9876562472447113e+44
          15104.4000               0.0010    3.7426325526017873e+45    3.5139005050012971e+44
          15104.4000               0.0010    4.0484762062427963e+45    6.5922377975273095e+44
          15104.4000               0.0010    3.7721520545138320e+45    4.6280533165290574e+44
          15588.3000               0.0010    3.8453333173041564e+45    3.6053372854444676e+44
          15588.3000               0.0010    3.7053427799724205e+45    4.5503925874476686e+44
          15588.3000               0.0010    3.8437221891861842e+45    6.2765300893533145e+44
          15831.1000               0.0010    3.9106882001185396e+45    3.8661831426068307e+44
          15859.2000               0.0010    3.0330724851034032e+45    1.8373904638723045e+44
          15859.2000               0.0010    3.2200216350775612e+45    1.1862998447187653e+44
          15859.2000               0.0010    2.7000386972341113e+45    2.6469927406720369e+44
          16071.3000               0.0010    3.8771159640848511e+45    6.3280844728464589e+44
          16071.3000               0.0010    3.8060035652937114e+45    4.6050193878091063e+44
          16071.3000               0.0010    3.6756926557253208e+45    3.4542302467392100e+44
          16558.6000               0.0010    3.6397201290089644e+45    4.4740354855571540e+44
          16558.6000               0.0010    3.7130089033948395e+45    6.1336275247102414e+44
          16558.6000               0.0010    3.6756926557253208e+45    3.3736667382538618e+44
          17069.2000               0.0010    3.8106195460875927e+45    6.3634822595739815e+44
          17069.2000               0.0010    3.5752596734415092e+45    4.4794061227552930e+44
          17069.2000               0.0010    3.5775193412560488e+45    3.4732700276163428e+44
          17555.6000               0.0010    3.5752596734415092e+45    4.4794061227552930e+44
          17555.6000               0.0010    3.6493270856842464e+45    6.0339772613100109e+44
          17555.6000               0.0010    3.6099500310178122e+45    3.5032425274025529e+44
          17797.5000               0.0010    3.6702326179495449e+45    3.6403407625346090e+44
          17824.8000               0.0010    3.1905002988428179e+45    1.1754237822073648e+44
          17824.8000               0.0010    2.8949561444558252e+45    1.9705279268020035e+44
          17824.8000               0.0010    2.7000386972341113e+45    2.8032065474550788e+44
          18038.6000               0.0010    3.5119408304664149e+45    4.4040848730738702e+44
          18038.6000               0.0010    3.4506935346374859e+45    3.4835149551982237e+44
          18038.6000               0.0010    3.8106195460875927e+45    6.2861843975967636e+44
          18212.0000               0.0010    2.7549846833651040e+45    1.5884373180223220e+44
          18212.0000               0.0010    3.2802911315734425e+45    1.8350680174291102e+44
          18525.0000               0.0010    3.5867374748636544e+45    5.9359412833384803e+44
          18525.0000               0.0010    3.4506935346374859e+45    3.3559264993742885e+44
          18525.0000               0.0010    3.3886474672588083e+45    4.2572107001905646e+44
          19027.0000               0.0010    3.3286305125622797e+45    4.1856123396795024e+44
          19027.0000               0.0010    3.3889751943744753e+45    3.4239476366679307e+44
          19027.0000               0.0010    3.4053392966545133e+45    5.8027626476774932e+44
          19515.2000               0.0010    3.2331122994066178e+45    5.5236492240041206e+44
          19515.2000               0.0010    3.2688304117768466e+45    3.1872831608784924e+44
          19515.2000               0.0010    3.3286305125622797e+45    4.1856123396795024e+44
          19758.0000               0.0010    3.2919163416578258e+45    3.3769740138301569e+44
          19786.6000               0.0010    2.8151217928905342e+45    2.3671567870950338e+44
          19786.6000               0.0010    2.8830939116075726e+45    1.3277138507360132e+44
          19786.6000               0.0010    2.4097633105806541e+45    2.5110541744864164e+44
          20001.6000               0.0010    3.1246227429260232e+45    3.0532274099813770e+44
          20001.6000               0.0010    3.2895310481935834e+45    5.4690817246959291e+44
          20001.6000               0.0010    3.1268279798451738e+45    3.8744825222935752e+44
          20488.0000               0.0010    2.9867769372298264e+45    2.9247984330846110e+44
          20488.0000               0.0010    2.9372599868456206e+45    3.6040851365942409e+44
          20488.0000               0.0010    3.1776611886106162e+45    5.5232563900364778e+44
          21766.8000               0.0010    2.5852300075976308e+45    2.6432883019052019e+44
          21766.8000               0.0010    2.8733755301324383e+45    3.0681962502016165e+44
          21766.8000               0.0010    2.8396995255376930e+45    4.8830747932217511e+44
          21766.8000               0.0010    2.7346439457737168e+45    3.4123824179957913e+44
          21794.8000               0.0010    2.5814206999725348e+45    1.1887881987233375e+44
          21794.8000               0.0010    2.4938526417115402e+45    2.0999915122302453e+44
          21794.8000               0.0010    2.2982262855936835e+45    2.6965128118481726e+44
          21972.0000               0.0010    1.8668197470664591e+45    1.6198980613220594e+44
          21972.0000               0.0010    2.8964470196478231e+45    3.0995979213680647e+44
          23742.7000               0.0010    2.4269810640649501e+45    2.4883713935831183e+44
          23742.7000               0.0010    2.6386366379888396e+45    3.3571735240715908e+44
          23742.7000               0.0010    2.6723663127069375e+45    3.0991283453402446e+44
          23742.7000               0.0010    2.9396714131380385e+45    5.0462705011795057e+44
          23769.1000               0.0010    2.0504953406544086e+45    2.4326249596168326e+44
          23769.1000               0.0010    2.2277106819460265e+45    8.2071896886719233e+43
          23769.1000               0.0010    2.0126320609301973e+45    2.9692680062425361e+44
          25717.0000               0.0010    2.2784168692583726e+45    2.4397487307088652e+44
          25717.0000               0.0010    2.8396995255376930e+45    4.8830747932217511e+44
          25717.0000               0.0010    2.5688526174018961e+45    3.3444381413593958e+44
          25717.0000               0.0010    2.7212596906136212e+45    3.0256053565000163e+44
          25745.3000               0.0010    2.1669993803490592e+45    1.1975281472069189e+44
          25745.3000               0.0010    2.2508201134562952e+45    2.8675670375306489e+44
          25745.3000               0.0010    1.9562105036510735e+45    2.4422932968660663e+44
