       2.3721505
      0.35759365
       0.0000000
      -2546670.7
      -101.41383
      -21.670141
     -0.73785188
       0.0000000
      -4913953.1
    0.0017680601
       0.0000000
      -32998.637
     -0.44021918
     -0.12477569
   -0.0024781434
       0.0000000
      -30961.257
       0.0000000
       6270.3303
     -0.34087314
    -0.015679633
   -0.0037148364
       0.0000000
      -2177.8543
       0.0000000
       0.0000000
       0.0000000
       0.0000000
       0.0000000
       0.0000000
      -2418152.7
      -217099.38
      -24178.793
       0.0000000
  -2.1503405e+10
       47.578851
       2.4180216
       0.0000000
       243169.00
     0.060716820
       0.0000000
       382955.96
       0.0000000
       11015.327
       0.0000000
