       41760.725       54.601313       6.0349722       0.0000000      -53539207.
       0.0000000       8.1828654
       54.601313     0.092072693    0.0080805924       0.0000000      -58931.601
       0.0000000     0.017106938
       6.0349722    0.0080805924   0.00096297574       0.0000000      -6387.9191
       0.0000000    0.0013253495
       0.0000000       0.0000000       0.0000000       0.0000000       0.0000000
       0.0000000       0.0000000
      -53539207.      -58931.601      -6387.9191       0.0000000   1.2229663e+11
       0.0000000      -3831.6409
       0.0000000       0.0000000       0.0000000       0.0000000       0.0000000
       0.0000000       0.0000000
       8.1828654     0.017106938    0.0013253495       0.0000000      -3831.6409
       0.0000000    0.0045389110
