230	14.6	0.01	White_swift	7988
5880.	18.1	?	R		7990
167.5	14.58	0.	white_swift	7996
907.5	16.94	0.03	white_swift	7996
5272.5	19.12	0.08	white_swift	7996
6708.5	19.43	0.11	white_swift	7996
424.5	14.98	0.01	v_swift		7996
1163.5	16.47	0.03	v_swift		7996
5682.5	18.27	0.17	v_swift		7996
7088.5	18.4	0.23	v_swift		7996
3653.5	16.56	0.12	b_swift		7996
3539.	16.58	0.12	u_swift		7996
3423.5	18.01	?	uvw1_swift	7996
3309.	17.58	?	uvm2_swift	7996
3874.	18.03	?	uvw2_swift	7996
38160.	20.0	0.2	R		7998