171.19295999999997	6.496000181779445e-13	2.3496666911381485e-14	2.4378459597570462e-14	1.29	2.71
223.97472000000002	8.722601431638635e-13	9.126914458169575e-14	1.0193515323966846e-13	1.29	2.71
252.00287999999998	1.0014886422609786e-12	9.649395774298218e-14	1.0678250864851989e-13	1.29	2.71
280.52352	1.118525857610941e-12	9.841815136989819e-14	1.0791335708181505e-13	1.29	2.71
307.65311999999994	1.2469413543289113e-12	1.0657071181564032e-13	1.1653003222734293e-13	1.29	2.71
308.5344	1.2151951523867811e-12	8.631970244153679e-14	9.29201569291923e-14	1.29	2.71
314.57376	1.1082711509094986e-12	4.0087249617780306e-14	4.1591660590438974e-14	1.29	2.71
336.096	1.1952149820179639e-12	1.0114266742849828e-13	1.104929078450902e-13	1.29	2.71
337.05504	1.2040541762636562e-12	9.578302535415774e-14	1.0406113305231715e-13	1.29	2.71
365.06592	1.14986281149994e-12	9.147207907992173e-14	9.93776105579559e-14	1.29	2.71
386.0352	1.2961224360735516e-12	4.6882014015655666e-14	4.8641421732023803e-14	1.29	2.71
392.70528	1.3057078898630538e-12	1.0939156705656297e-13	1.1939436875287452e-13	1.29	2.71
393.67296000000005	1.2151951523867811e-12	8.631970244153679e-14	9.29201569291923e-14	1.29	2.71
420.79392000000007	1.3748205920927567e-12	1.0118253262177424e-13	1.0922084839886779e-13	1.29	2.71
449.22816	1.2584791606248248e-12	1.03308823538076e-13	1.1254790515069206e-13	1.29	2.71
450.18719999999996	1.2264392146927562e-12	9.756376474751192e-14	1.0599577395824431e-13	1.29	2.71
457.01279999999997	1.3081153093159734e-12	4.731580795039044e-14	4.909149526591799e-14	1.29	2.71
477.3168	1.2619612755550828e-12	1.0038955990132003e-13	1.0906579022043406e-13	1.29	2.71
478.29312	1.3202191512482421e-12	8.243183422195679e-14	8.79214746470375e-14	1.29	2.71
505.75104	1.4042551600000002e-12	1.0574297780467553e-13	1.1435404630931736e-13	1.29	2.71
506.70144000000005	1.4081406258952797e-12	1.0002531657930083e-13	1.0767377377992907e-13	1.29	2.71
527.9472	1.2264392146927562e-12	4.43615038612878e-14	4.60263208245067e-14	1.29	2.71
533.83104	1.264288036499999e-12	1.0805325809594011e-13	1.1815112645556522e-13	1.29	2.71
534.70368	1.4745042490452109e-12	9.206508608964658e-14	9.819626372394351e-14	1.29	2.71
562.26528	1.2830572303948302e-12	1.0965738033202675e-13	1.1990515824050583e-13	1.29	2.71
576.79776	1.3447638578055752e-12	6.052434365166774e-14	6.337676808970438e-14	1.29	2.71
590.34528	1.1103145432704743e-12	1.0048975215036916e-13	1.1048969508704847e-13	1.29	2.71
598.84704	1.14986281149994e-12	4.15916605904369e-14	4.315252972363895e-14	1.29	2.71
618.77952	1.0981104599242076e-12	1.0488915124032575e-13	1.1596597163445536e-13	1.29	2.71
633.34656	1.13932080587835e-12	6.125312063903028e-14	6.473337038530616e-14	1.29	2.71
646.77312	1.3647277686085211e-12	1.0392826724293326e-13	1.1249512083100667e-13	1.29	2.71
669.62592	1.2151951523867811e-12	4.395479514924791e-14	4.5604348978801845e-14	1.29	2.71
675.3801599999999	1.3647277686085211e-12	1.0740717650331113e-13	1.165824828148811e-13	1.29	2.71
685.1606400000001	1.2241821096789623e-12	8.381146716569116e-14	8.997118556477372e-14	1.29	2.71
689.88672	1.2264392146927562e-12	5.519885745522303e-14	5.780029946115649e-14	1.29	2.71
740.3961599999999	1.2151951523867811e-12	4.395479514924791e-14	4.5604348978801845e-14	1.29	2.71
741.68352	1.2196803537486792e-12	8.559425147606164e-14	9.205440989883328e-14	1.29	2.71
760.32864	1.182077710831466e-12	4.275690495311603e-14	4.43615038612852e-14	1.29	2.71
798.2063999999999	1.2619612755550828e-12	8.748018643857845e-14	9.399607084935691e-14	1.29	2.71
811.24416	1.13932080587835e-12	4.121034595414254e-14	4.275690495311603e-14	1.29	2.71
844.6464	1.182077710831466e-12	4.275690495311603e-14	4.43615038612852e-14	1.29	2.71
881.9884800000001	1.272465535517263e-12	4.60263208245067e-14	4.7753615730979225e-14	1.29	2.71
911.33856	1.1113376518434035e-12	8.273881616491926e-14	8.939419186914758e-14	1.29	2.71
929.7244799999999	1.14986281149994e-12	5.175235157573238e-14	5.419136476371865e-14	1.29	2.71
952.82784	1.13932080587835e-12	4.121034595414254e-14	4.275690495311603e-14	1.29	2.71
967.86144	1.0900490189609636e-12	8.578933474488873e-14	9.311792721120215e-14	1.29	2.71
1014.768	1.0390729244647655e-12	4.6765985265303947e-14	4.896999824902532e-14	1.29	2.71
1023.56352	1.0780676852393198e-12	3.8994760774552295e-14	4.045817237162138e-14	1.29	2.71
1024.37568	1.0672005204937545e-12	8.399110599615786e-14	9.116608396365457e-14	1.29	2.71
1080.88992	1.1082711509094986e-12	8.910256603975067e-14	9.689251109175848e-14	1.29	2.71
1094.2905600000001	9.303492854023273e-13	3.365164202374356e-14	3.4914534838567464e-14	1.29	2.71
1137.7497600000002	1.002411472302072e-12	8.313524694544519e-14	9.065362835686156e-14	1.29	2.71
1140.12576	1.0295466466328402e-12	3.7239707433376796e-14	3.863725465887783e-14	1.29	2.71
1165.71744	8.33001969803485e-13	3.013049457094621e-14	3.126124430000886e-14	1.29	2.71
1237.83552	8.803310668977905e-13	3.184243422384492e-14	3.3037430336053085e-14	1.29	2.71
1250.69184	1.0525579804179397e-12	9.084378085251497e-14	9.942490872117561e-14	1.29	2.71
1307.20608	1.0910534536979233e-12	8.679376948185231e-14	9.429497513539494e-14	1.29	2.71
1308.55392	9.74195296403532e-13	3.523759505185129e-14	3.656000617138162e-14	1.29	2.71
1309.72896	1.0583907324200182e-12	2.884408578717784e-14	2.965219029377696e-14	1.29	2.71
1363.63392	9.100097142419615e-13	8.312297277561472e-14	9.147892801901714e-14	1.29	2.71
1379.27232	9.564142283439075e-13	3.45944364591241e-14	3.5892710855553904e-14	1.29	2.71
1420.05312	1.0467573724954281e-12	8.415699338003077e-14	9.151456323812169e-14	1.29	2.71
1450.18944	8.407096421317332e-13	3.040928860464721e-14	3.155050103213038e-14	1.29	2.71
1479.88512	9.218197918847833e-13	3.334312191522092e-14	3.45944364591241e-14	1.29	2.71
1486.48608	9.150525347624519e-13	7.201671378845227e-14	7.816877392142984e-14	1.29	2.71
1521.2015999999999	1.0107553025749136e-12	3.656000617138162e-14	3.7932045285292663e-14	1.29	2.71
1571.08896	9.201233000822146e-13	7.39758921298346e-14	8.044336170425288e-14	1.29	2.71
1649.13408	8.722601431638635e-13	3.155050103213038e-14	3.273454135413279e-14	1.29	2.71
1778.77728	9.337831403463066e-13	7.428284870421632e-14	8.070279022753046e-14	1.29	2.71
1859.03424	8.103003535270827e-13	2.9309354944914777e-14	3.040928860464708e-14	1.29	2.71
1881.9993600000003	8.376180517652401e-13	6.734265140101459e-14	7.323019849855152e-14	1.29	2.71
1995.84	6.677994059501812e-13	5.763618158449391e-14	6.308051073280525e-14	1.29	2.71
2024.44704	8.028714752325389e-13	3.6135168857372046e-14	3.783816689919433e-14	1.29	2.71
2113.992	7.122722561463343e-13	2.5763582950370265e-14	2.6730449404292064e-14	1.29	2.71
2145.7871999999998	7.667363063751668e-13	3.4508818353423084e-14	3.6135168857372046e-14	1.29	2.71
2165.51232	6.424599038638243e-13	5.598959725037681e-14	6.133485508339722e-14	1.29	2.71
2271.8016000000002	6.802147238485097e-13	3.061470567056518e-14	3.2057532297824616e-14	1.29	2.71
2325.3264	7.576105755416791e-13	5.640392191371034e-14	6.094096158780318e-14	1.29	2.71
2363.80896	7.188628301880372e-13	3.2354156992074496e-14	3.3878961434523394e-14	1.29	2.71
2368.50912	6.616769841958522e-13	2.9780369947791207e-14	3.118387554384924e-14	1.29	2.71
2476.4832	7.824309630161246e-13	6.290573069277971e-14	6.84053723679089e-14	1.29	2.71
2591.72352	6.653436684318741e-13	5.5742166441652196e-14	6.083924889546093e-14	1.29	2.71
2745.9043199999996	7.255143860605323e-13	3.2653526320830873e-14	3.4192439605071864e-14	1.29	2.71
2825.96256	6.146756772238671e-13	5.253368510884223e-14	5.744309965147525e-14	1.29	2.71
3028.9248	5.112649592928107e-13	2.30107136756257e-14	2.409517520077197e-14	1.29	2.71
3089.13696	5.299635839249992e-13	4.529370702092867e-14	4.952652608697582e-14	1.29	2.71
3202.44192	5.065776539716177e-13	2.2799750184590857e-14	2.387426930671395e-14	1.29	2.71
3893.45184	4.996271479913922e-13	4.3713203920423717e-13	4.367396983997636e-13	1.29	2.71
4001.92704	4.762708795124714e-13	8.699810689788985e-14	8.691794496563368e-14	1.29	2.71
4098.9888	4.964711634065999e-13	1.3079720889525119e-13	1.3085590667736836e-13	1.29	2.71
4315.05792	3.986998097119815e-13	1.794444738888154e-14	1.879014313989603e-14	1.29	2.71
4547.52576	4.57768630410931e-13	2.0602982255305477e-14	2.1573970894516522e-14	1.29	2.71
4713.6816	4.035246118020652e-13	1.2203003751651378e-13	1.220931449200057e-13	1.29	2.71
5511.26592	3.3162405726395564e-13	1.7829050677903112e-14	1.8842052929064884e-14	1.29	2.71
6107.82336	2.9967190482022817e-13	1.8710912317673974e-14	1.995698650270989e-14	1.29	2.71
6842.35296	2.3369317465667375e-13	2.4452540119660837e-14	2.7310143374529318e-14	1.29	2.71
10026.90144	1.163842007233155e-13	5.2837350603127274e-14	5.2930250912719004e-14	1.29	2.71
10815.12	1.3875672101044468e-13	6.122953363707128e-14	6.125434677332554e-14	1.29	2.71
74420.76096	5.605908803166012e-15	1.1529771595218586e-15	1.451512245340301e-15	1.29	2.71