Time (s)     Err_Time (s)     Flux (erg/cm^2/s/A)    Err_Flux (Jy)
           3303.1000               0.0010    7.6913039969913439e-04    7.0839529755953621e-06
           3303.1000               0.0010    7.2699860366552314e-04    9.5117918750165946e-06
           3303.1000               0.0010    7.0190441878817107e-04    1.3055786914735255e-05
           3303.1000               0.0010    7.0642941826398948e-04    1.4252921220386514e-05
           3403.9000               0.0010    7.3451382889233726e-04    6.7651225667756837e-06
           3403.9000               0.0010    6.8249138909214351e-04    1.2711896682818512e-05
           3403.9000               0.0010    7.0701980033847467e-04    9.2586820313685734e-06
           3403.9000               0.0010    6.8679444903346819e-04    1.3876548128411700e-05
           3519.5000               0.0010    6.8249138909214351e-04    1.2711896682818512e-05
           3519.5000               0.0010    7.2777976553214311e-04    6.7030995493563275e-06
           3519.5000               0.0010    7.0701980033847467e-04    9.2586820313685734e-06
           3519.5000               0.0010    6.8037128549353521e-04    1.3753302761759013e-05
           3619.2000               0.0010    6.9400656133393468e-04    9.0936951226620839e-06
           3619.2000               0.0010    7.1449628758662445e-04    6.5807541926323944e-06
           3619.2000               0.0010    6.7614085156880786e-04    1.2599295279240220e-05
           3619.2000               0.0010    6.6770461222169747e-04    1.3510080685705683e-05
           3694.8000               0.0010    6.4269123331524606e-04    2.0928925402389175e-05
           3694.8000               0.0010    6.2789521836187682e-04    2.5763016067616683e-05
           3720.2000               0.0010    7.0145526044104560e-04    6.4606418903636479e-06
           3720.2000               0.0010    6.6770461222169747e-04    1.3510080685705683e-05
           3720.2000               0.0010    6.8759003875699834e-04    9.0123072174369533e-06
           3720.2000               0.0010    6.6984878842594987e-04    1.2487678486386883e-05
           3822.2000               0.0010    7.0145526044104560e-04    6.4606418903636479e-06
           3822.2000               0.0010    6.5527375814916514e-04    1.3271150956312863e-05
           3822.2000               0.0010    6.5744038170587678e-04    1.2267409417950900e-05
           3822.2000               0.0010    6.7493441934264803e-04    8.8517108797496331e-06
           3992.0000               0.0010    6.5744038170587678e-04    1.2267409417950900e-05
           3992.0000               0.0010    6.4307433296022004e-04    1.3036438587590625e-05
           3992.0000               0.0010    6.8865225886951989e-04    6.3427218847122789e-06
           3992.0000               0.0010    6.6869423058803538e-04    8.7724888369726708e-06
           4176.2000               0.0010    6.5638640294383500e-04    8.6161656142140035e-06
           4176.2000               0.0010    6.3110202807494940e-04    1.2805868714337706e-05
           4176.2000               0.0010    6.6988457268724435e-04    6.1698651020029018e-06
           4176.2000               0.0010    6.3925712297179037e-04    1.1944250623527495e-05
           4299.1000               0.0010    5.9571203680204869e-04    1.9461617173430094e-05
           4299.1000               0.0010    6.1016315018073161e-04    2.5059053472729935e-05
           4363.8000               0.0010    6.3330829415465741e-04    1.1838427689643882e-05
           4363.8000               0.0010    6.5765780111599599e-04    6.0572523709394148e-06
           4363.8000               0.0010    6.4430511026044874e-04    8.4626279803999702e-06
           4363.8000               0.0010    6.2520029712003454e-04    1.2692126129405970e-05
           4551.3000               0.0010    6.2659940154131738e-04    8.2374444033893568e-06
           4551.3000               0.0010    6.4565419327945338e-04    5.9466950538904230e-06
           4551.3000               0.0010    6.2157677051999849e-04    1.1629590996142935e-05
           4551.3000               0.0010    6.1935318557265957e-04    1.2579379976527057e-05
           4769.3000               0.0010    6.1506636135141206e-04    8.0906556405720567e-06
           4769.3000               0.0010    5.9876109709409520e-04    1.1222876986572777e-05
           4769.3000               0.0010    6.2805832377395385e-04    5.7846311019384131e-06
           4769.3000               0.0010    5.9092773697137140e-04    1.2030467161442321e-05
           4956.1000               0.0010    5.9318966443519484e-04    1.1123444658841525e-05
           4956.1000               0.0010    6.0937969005202296e-04    8.0182451429722484e-06
           4956.1000               0.0010    6.1659496729240810e-04    5.6790496838986072e-06
           4956.1000               0.0010    5.9092773697137140e-04    1.2030467161442321e-05
           5087.7000               0.0010    5.6274594602191946e-04    1.8429008344986515e-05
           5087.7000               0.0010    5.5459349968573401e-04    2.2848472529104579e-05
           5154.4000               0.0010    5.7678342982145836e-04    1.0830373421349401e-05
           5154.4000               0.0010    5.8540115547352841e-04    1.1923587479078586e-05
           5154.4000               0.0010    6.1094199056957975e-04    5.6269838426676332e-06
           5154.4000               0.0010    5.9816359179372359e-04    7.8753620956114090e-06
           5350.7000               0.0010    5.8715393438369616e-04    7.7350256781558259e-06
           5350.7000               0.0010    5.7992626067295114e-04    1.1817654686496327e-05
           5350.7000               0.0010    5.9979104238158654e-04    5.5242798114293097e-06
           5350.7000               0.0010    5.7678342982145836e-04    1.0830373421349401e-05
           5533.0000               0.0010    5.8172533084301992e-04    7.6657978344222094e-06
           5533.0000               0.0010    5.5853446255839183e-04    1.1403245504255457e-05
           5533.0000               0.0010    5.6083095317138634e-04    1.0545010875603223e-05
           5533.0000               0.0010    5.8344507108275365e-04    5.3737278477224274e-06
           5632.8000               0.0010    5.6609898355494909e-04    1.0639291073351866e-05
           5632.8000               0.0010    5.5853446255839183e-04    1.1403245504255457e-05
           5632.8000               0.0010    5.7101823217105253e-04    7.5291954454483008e-06
           5632.8000               0.0010    5.8884362193830199e-04    5.4234503400488574e-06
           5709.2000               0.0010    5.5743158766608100e-04    1.8262303354563385e-05
           5709.2000               0.0010    5.4410206585143333e-04    2.2430320637459980e-05
           5734.0000               0.0010    5.7101823217105253e-04    7.5291954454483008e-06
           5734.0000               0.0010    5.5561194627121754e-04    1.0451565065806468e-05
           5734.0000               0.0010    5.7279599824341877e-04    5.2756462594026220e-06
           5734.0000               0.0010    5.5853446255839183e-04    1.1403245504255457e-05
           5836.0000               0.0010    5.4024502319207105e-04    1.0176166932581918e-05
           5836.0000               0.0010    5.6050820582152956e-04    7.3950272215824553e-06
           5836.0000               0.0010    5.7279599824341877e-04    5.2756462594026220e-06
           5836.0000               0.0010    5.5331083531336980e-04    1.1301926571747365e-05
           5971.4000               0.0010    5.6234129289120126e-04    5.1793548618479481e-06
           5971.4000               0.0010    5.6050820582152956e-04    7.3950272215824553e-06
           5971.4000               0.0010    5.5044201362503074e-04    1.0358954796610019e-05
           5971.4000               0.0010    5.5331083531336980e-04    1.1301926571747365e-05
           6072.2000               0.0010    5.6234129289120126e-04    5.1793548618479481e-06
           6072.2000               0.0010    5.4531968460412518e-04    1.0267154625127467e-05
           6072.2000               0.0010    5.5019162452794217e-04    7.2632502938077370e-06
           6072.2000               0.0010    5.3290031224265230e-04    1.0905556638178743e-05
           6147.9000               0.0010    5.3667130489121000e-04    1.7610413857166381e-05
           6147.9000               0.0010    5.2873587031127109e-04    2.1817396845872415e-05
           6174.0000               0.0010    5.5019162452794217e-04    7.2632502938077370e-06
           6174.0000               0.0010    5.3793125039216421e-04    1.1003329014399517e-05
           6174.0000               0.0010    5.4531968460412518e-04    1.0267154625127467e-05
           6174.0000               0.0010    5.6234129289120126e-04    5.1793548618479481e-06
           6275.5000               0.0010    5.3521807875524783e-04    1.0085992841517925e-05
           6275.5000               0.0010    5.3793125039216421e-04    1.1003329014399517e-05
           6275.5000               0.0010    5.4006542520483711e-04    7.1338276070151925e-06
           6275.5000               0.0010    5.5207740741959003e-04    5.0848209803939943e-06
           6403.5000               0.0010    5.4701593124983786e-04    5.0382030607438973e-06
           6403.5000               0.0010    5.2791642534485777e-04    1.0808651128698726e-05
           6403.5000               0.0010    5.3507218423721732e-04    7.0699801993770558e-06
           6403.5000               0.0010    5.2041520221165506e-04    9.8202120529795891e-06
           6502.9000               0.0010    5.4200085897321336e-04    4.9920125367563966e-06
           6502.9000               0.0010    5.2791642534485777e-04    1.0808651128698726e-05
           6502.9000               0.0010    5.2530311315755979e-04    9.9080134567190365e-06
           6502.9000               0.0010    5.3507218423721732e-04    7.0699801993770558e-06
           6579.2000               0.0010    5.1668466792899412e-04    1.6981787506413682e-05
           6579.2000               0.0010    5.1380411063545010e-04    2.1221239388113891e-05
           6604.2000               0.0010    5.4200085897321336e-04    4.9920125367563966e-06
           6604.2000               0.0010    5.3012510888990404e-04    7.0067045757861410e-06
           6604.2000               0.0010    5.2530311315755979e-04    9.9080134567190365e-06
           6604.2000               0.0010    5.1808852643179225e-04    1.0617420364875853e-05
           6705.9000               0.0010    5.2722983063384734e-04    4.8559663341902417e-06
           6705.9000               0.0010    5.1557229809600486e-04    9.7331782784313494e-06
           6705.9000               0.0010    5.2522377233301071e-04    6.9439951282404507e-06
           6705.9000               0.0010    5.1808852643179225e-04    1.0617420364875853e-05
           6829.4000               0.0010    5.1077493174475532e-04    9.6469232869810207e-06
           6829.4000               0.0010    5.3210822826596168e-04    4.9008980381453481e-06
           6829.4000               0.0010    5.2036775168294526e-04    6.8818467918647951e-06
           6829.4000               0.0010    5.1808852643179225e-04    1.0617420364875853e-05
           6932.2000               0.0010    5.1555662796595118e-04    6.8202550219289833e-06
           6932.2000               0.0010    5.2239615842071823e-04    4.8114465665791291e-06
           6932.2000               0.0010    5.1077493174475532e-04    9.6469232869810207e-06
           6932.2000               0.0010    5.1324316500215292e-04    1.0523070103565371e-05
           7007.2000               0.0010    5.0218481255859325e-04    1.6525078210833143e-05
           7007.2000               0.0010    5.0408430354507104e-04    2.0832865470151027e-05
           7034.1000               0.0010    5.1760680158147957e-04    4.7673349586570071e-06
           7034.1000               0.0010    5.0368796533589309e-04    1.0336872424469580e-05
           7034.1000               0.0010    5.0606741476869163e-04    6.6987194102856236e-06
           7034.1000               0.0010    5.0602173850865229e-04    9.5614228991971594e-06
           7135.9000               0.0010    5.1286135383030987e-04    4.7236277683930664e-06
           7135.9000               0.0010    5.0368796533589309e-04    1.0336872424469580e-05
           7135.9000               0.0010    5.0131277776036291e-04    9.4766788683277724e-06
           7135.9000               0.0010    5.0606741476869163e-04    6.6987194102856236e-06
           7259.2000               0.0010    5.0131277776036291e-04    9.4766788683277724e-06
           7259.2000               0.0010    4.9897728344408803e-04    1.0245009803475707e-05
           7259.2000               0.0010    5.0815941260628085e-04    4.6803212880640290e-06
           7259.2000               0.0010    5.0138850656633442e-04    6.6387666847501236e-06
           7360.0000               0.0010    5.0138850656633442e-04    6.6387666847501236e-06
           7360.0000               0.0010    4.9897728344408803e-04    1.0245009803475707e-05
           7360.0000               0.0010    5.0815941260628085e-04    4.6803212880640290e-06
           7360.0000               0.0010    4.9664809530871690e-04    9.3926931682086205e-06
           7436.2000               0.0010    4.9274471421501150e-04    1.6227433055616732e-05
           7436.2000               0.0010    5.0408430354507104e-04    2.0832865470151027e-05
           7462.3000               0.0010    4.8744764230722039e-04    9.2269278354755319e-06
           7462.3000               0.0010    5.0350057903914827e-04    4.6374118439390763e-06
           7462.3000               0.0010    4.9675285778224285e-04    6.5793499429310086e-06
           7462.3000               0.0010    4.9431065764536642e-04    1.0153962681238229e-05
           7563.8000               0.0010    4.9216006845617633e-04    6.5204653052655189e-06
           7563.8000               0.0010    4.9888445791552397e-04    4.5948957959682789e-06
           7563.8000               0.0010    4.9202636424749003e-04    9.3094422550263849e-06
           7563.8000               0.0010    4.8968767591035648e-04    1.0063722473166992e-05
           7680.4000               0.0010    4.8760974232576381e-04    6.4621075540324011e-06
           7680.4000               0.0010    4.8291197402976921e-04    9.1451518304042703e-06
           7680.4000               0.0010    4.9431065764536642e-04    4.5527695374739638e-06
           7680.4000               0.0010    4.9431065764536642e-04    1.0153962681238229e-05
           7781.9000               0.0010    4.8291197402976921e-04    9.1451518304042703e-06
           7781.9000               0.0010    4.8760974232576381e-04    6.4621075540324011e-06
           7781.9000               0.0010    4.8977879022876519e-04    4.5110294948447893e-06
           7781.9000               0.0010    4.8057101574516044e-04    9.8856365573474345e-06
           7856.9000               0.0010    4.7439398514060986e-04    1.5648128673145157e-05
           7856.9000               0.0010    4.7601471033374698e-04    1.9709886578930232e-05
           7883.7000               0.0010    4.6955576164320242e-04    8.9041236062382071e-06
           7883.7000               0.0010    4.7162408313623425e-04    9.7106956463137212e-06
           7883.7000               0.0010    4.8528847122299027e-04    4.4696721272322572e-06
           7883.7000               0.0010    4.8310148679233826e-04    6.4042719758425753e-06
           7985.8000               0.0010    4.7420963523729952e-04    6.2901491322013567e-06
           7985.8000               0.0010    4.7607653237967564e-04    9.7977762984705978e-06
           7985.8000               0.0010    4.8528847122299027e-04    4.4696721272322572e-06
           7985.8000               0.0010    4.7841806920804136e-04    9.0640913149393830e-06
           8024.1000               0.0010    4.5919587039541945e-04    9.0663480353552750e-06
           8103.5000               0.0010    4.7420963523729952e-04    6.2901491322013567e-06
           8103.5000               0.0010    4.6721370521522477e-04    9.6243961293425405e-06
           8103.5000               0.0010    4.6518614768702843e-04    8.8251959601097293e-06
           8103.5000               0.0010    4.8528847122299027e-04    4.4696721272322572e-06
           8203.3000               0.0010    4.6955576164320242e-04    8.9041236062382071e-06
           8203.3000               0.0010    4.6721370521522477e-04    9.6243961293425405e-06
           8203.3000               0.0010    4.6982527203351783e-04    6.2338526411698498e-06
           8203.3000               0.0010    4.7643095826371097e-04    4.3880914156795655e-06
           8279.9000               0.0010    4.5672625066676319e-04    1.5089471750773825e-05
           8279.9000               0.0010    4.7149118102246507e-04    1.9528713389313067e-05
           8306.0000               0.0010    4.6548187372062819e-04    6.1780655696716829e-06
           8306.0000               0.0010    4.6518614768702843e-04    8.8251959601097293e-06
           8306.0000               0.0010    4.7206301291876512e-04    4.3478611511682797e-06
           8306.0000               0.0010    4.6721370521522477e-04    9.6243961293425405e-06
           8408.3000               0.0010    4.6085762115404244e-04    8.7469746855883709e-06
           8408.3000               0.0010    4.6548187372062819e-04    6.1780655696716829e-06
           8408.3000               0.0010    4.7206301291876512e-04    4.3478611511682797e-06
           8408.3000               0.0010    4.5851544960351766e-04    9.4540687524875877e-06
           8554.8000               0.0010    4.5919798507545269e-04    4.2293698624253044e-06
           8554.8000               0.0010    4.6117820410381709e-04    6.1227719801317751e-06
           8554.8000               0.0010    4.6085762115404244e-04    8.7469746855883709e-06
           8554.8000               0.0010    4.5851544960351766e-04    9.4540687524875877e-06
           8655.1000               0.0010    4.6344689178160522e-04    4.2685037405243239e-06
           8655.1000               0.0010    4.6085762115404244e-04    8.7469746855883709e-06
           8655.1000               0.0010    4.5691432459101341e-04    6.0679735690400023e-06
           8655.1000               0.0010    4.5851544960351766e-04    9.4540687524875877e-06
           8731.1000               0.0010    4.4814109767871423e-04    1.4817674126036798e-05
           8731.1000               0.0010    4.5382119354705043e-04    1.8820450964570567e-05
           8756.3000               0.0010    4.5691432459101341e-04    6.0679735690400023e-06
           8756.3000               0.0010    4.5851544960351766e-04    9.4540687524875877e-06
           8756.3000               0.0010    4.4811138043290502e-04    8.5164236560393300e-06
           8756.3000               0.0010    4.5498803258070932e-04    4.1905947658826140e-06
           8857.8000               0.0010    4.4811138043290502e-04    8.5164236560393300e-06
           8857.8000               0.0010    4.4997913198688050e-04    9.2867500812936606e-06
           8857.8000               0.0010    4.5691432459101341e-04    6.0679735690400023e-06
           8857.8000               0.0010    4.5498803258070932e-04    4.1905947658826140e-06
           8976.5000               0.0010    4.5081667716300155e-04    4.1521751615670172e-06
           8976.5000               0.0010    4.4997913198688050e-04    9.2867500812936606e-06
           8976.5000               0.0010    4.5268986729794591e-04    6.0136650648440269e-06
           8976.5000               0.0010    4.5232019007585152e-04    8.5925866358285630e-06
           9075.2000               0.0010    4.4668356496221353e-04    4.1141077903063123e-06
           9075.2000               0.0010    4.4160173751778059e-04    9.1223866709076952e-06
           9075.2000               0.0010    4.4811138043290502e-04    8.5164236560393300e-06
           9075.2000               0.0010    4.5268986729794591e-04    6.0136650648440269e-06
           9151.2000               0.0010    4.3971691612624219e-04    1.4550753989848472e-05
           9151.2000               0.0010    4.3266241828549017e-04    1.7971148016275839e-05
           9176.4000               0.0010    4.4258834536239775e-04    4.0763894228081876e-06
           9176.4000               0.0010    4.4435776480906709e-04    5.9065027728231233e-06
           9176.4000               0.0010    4.4394132460182681e-04    8.4409267321596775e-06
           9176.4000               0.0010    4.4160173751778059e-04    9.1223866709076952e-06
           9278.0000               0.0010    4.4258834536239775e-04    4.0763894228081876e-06
           9278.0000               0.0010    4.4394132460182681e-04    8.4409267321596775e-06
           9278.0000               0.0010    4.4024940072580966e-04    5.8536394958508031e-06
           9278.0000               0.0010    4.4160173751778059e-04    9.1223866709076952e-06
           9399.1000               0.0010    4.3571767082997801e-04    8.2919390803487299e-06
           9399.1000               0.0010    4.4258834536239775e-04    4.0763894228081876e-06
           9399.1000               0.0010    4.4024940072580966e-04    5.8536394958508031e-06
           9399.1000               0.0010    4.3747170970001494e-04    9.0412969271384574e-06
           9498.4000               0.0010    4.3214627451843501e-04    5.7493285443253788e-06
           9498.4000               0.0010    4.3853067096210984e-04    4.0390168593870035e-06
           9498.4000               0.0010    4.3166294896106536e-04    8.2184288944838438e-06
           9498.4000               0.0010    4.3747170970001494e-04    9.0412969271384574e-06
           9575.5000               0.0010    4.1538305213188899e-04    1.3778483905849980e-05
           9575.5000               0.0010    4.2044381990139499e-04    1.7480080217037062e-05
           9600.3000               0.0010    4.3451019754488636e-04    4.0019869296918780e-06
           9600.3000               0.0010    4.2531232995576227e-04    8.8023267171206749e-06
           9600.3000               0.0010    4.3214627451843501e-04    5.7493285443253788e-06
           9600.3000               0.0010    4.2764595971246254e-04    8.1455695735813357e-06
           9702.4000               0.0010    4.3451019754488636e-04    4.0019869296918780e-06
           9702.4000               0.0010    4.2531232995576227e-04    8.8023267171206749e-06
           9702.4000               0.0010    4.2764595971246254e-04    8.1455695735813357e-06
           9702.4000               0.0010    4.3214627451843501e-04    5.7493285443253788e-06
           9823.0000               0.0010    4.2366674216149573e-04    8.0733620179194587e-06
           9823.0000               0.0010    4.2133464688813896e-04    8.7240763406385140e-06
           9823.0000               0.0010    4.2657949254380306e-04    3.9289424351393688e-06
           9823.0000               0.0010    4.2815081326277432e-04    5.6978720356120097e-06
           9922.4000               0.0010    4.2419229253300796e-04    5.6468759510725473e-06
           9922.4000               0.0010    4.2133464688813896e-04    8.7240763406385140e-06
           9922.4000               0.0010    4.2657949254380306e-04    3.9289424351393688e-06
           9922.4000               0.0010    4.2366674216149573e-04    8.0733620179194587e-06
           9999.0000               0.0010    4.2334104082107399e-04    1.4031251042423218e-05
           9999.0000               0.0010    4.0468692490356652e-04    1.6846109602274336e-05
          10023.8000               0.0010    4.1972416438791252e-04    8.0017863805260332e-06
          10023.8000               0.0010    4.2266858819054007e-04    3.8929216738466100e-06
          10023.8000               0.0010    4.2027037079098753e-04    5.5963365589433050e-06
          10023.8000               0.0010    4.2133464688813896e-04    8.7240763406385140e-06
          10126.1000               0.0010    4.2027037079098753e-04    5.5963365589433050e-06
          10126.1000               0.0010    4.2266858819054007e-04    3.8929216738466100e-06
          10126.1000               0.0010    4.1972416438791252e-04    8.0017863805260332e-06
          10126.1000               0.0010    4.1739416462912622e-04    8.6465200898786362e-06
          10250.7000               0.0010    4.1253497387704486e-04    5.4966099978066013e-06
          10250.7000               0.0010    4.1972416438791252e-04    8.0017863805260332e-06
          10250.7000               0.0010    4.1495401692131861e-04    3.8218678445877210e-06
          10250.7000               0.0010    4.1739416462912622e-04    8.6465200898786362e-06
          10352.0000               0.0010    4.1194911391091401e-04    7.8605372818670894e-06
          10352.0000               0.0010    4.1253497387704486e-04    5.4966099978066013e-06
          10352.0000               0.0010    4.1495401692131861e-04    3.8218678445877210e-06
          10352.0000               0.0010    4.1739416462912622e-04    8.6465200898786362e-06
          10429.1000               0.0010    4.1146033281319914e-04    1.3653811315520499e-05
          10429.1000               0.0010    4.0856990440697803e-04    1.7002413474539066e-05
          10454.0000               0.0010    4.0811557859004774e-04    7.7908453717405189e-06
          10454.0000               0.0010    4.0962341412619511e-04    8.4934662034037404e-06
          10454.0000               0.0010    4.1114969557079446e-04    3.7868287490563149e-06
          10454.0000               0.0010    4.0872083130097847e-04    5.4474155340964656e-06
          10558.1000               0.0010    4.0872083130097847e-04    5.4474155340964656e-06
          10558.1000               0.0010    4.0962341412619511e-04    8.4934662034037404e-06
          10558.1000               0.0010    4.1114969557079446e-04    3.7868287490563149e-06
          10558.1000               0.0010    4.0055556777052670e-04    7.6533133852462738e-06
          10678.2000               0.0010    4.1253497387704486e-04    5.4966099978066013e-06
          10678.2000               0.0010    4.0199733398163479e-04    8.3431157810218426e-06
          10678.2000               0.0010    4.0811557859004774e-04    7.7908453717405189e-06
          10678.2000               0.0010    4.1114969557079446e-04    3.7868287490563149e-06
          10776.8000               0.0010    4.0431808995192517e-04    7.7217773175235122e-06
          10776.8000               0.0010    4.0579245978109084e-04    8.4179560565577970e-06
          10776.8000               0.0010    4.0494195284676598e-04    5.3986608786056474e-06
          10776.8000               0.0010    4.0738025244856497e-04    3.7521108938883221e-06
          10853.0000               0.0010    3.8869018363187188e-04    1.2929100979852937e-05
          10853.0000               0.0010    4.0084121777108429e-04    1.6691257845485953e-05
          10878.3000               0.0010    4.0119838199286379e-04    5.3503477708353004e-06
          10878.3000               0.0010    4.0811557859004774e-04    7.7908453717405189e-06
          10878.3000               0.0010    4.0738025244856497e-04    3.7521108938883221e-06
          10878.3000               0.0010    3.9823770164562085e-04    8.2689398149887860e-06
          10979.6000               0.0010    3.9313560003338769e-04    7.5182055141599755e-06
          10979.6000               0.0010    4.0119838199286379e-04    5.3503477708353004e-06
          10979.6000               0.0010    3.9627800942774116e-04    3.6498554538304163e-06
          10979.6000               0.0010    4.0579245978109084e-04    8.4179560565577970e-06
          11101.3000               0.0010    3.9994472475856220e-04    3.6836271510466382e-06
          11101.3000               0.0010    4.0494195284676598e-04    5.3986608786056474e-06
          11101.3000               0.0010    4.0055556777052670e-04    7.6533133852462738e-06
          11101.3000               0.0010    3.9451323082463348e-04    8.1954219085430317e-06
          11201.3000               0.0010    3.9627800942774116e-04    3.6498554538304163e-06
          11201.3000               0.0010    3.9313560003338769e-04    7.5182055141599755e-06
          11201.3000               0.0010    3.9748905326412738e-04    5.3024620320249298e-06
          11201.3000               0.0010    3.9823770164562085e-04    8.2689398149887860e-06
          11278.4000               0.0010    3.8501989621185821e-04    1.2812118555962407e-05
          11278.4000               0.0010    4.0084121777108429e-04    1.6691257845485953e-05
          11302.3000               0.0010    3.9381401958800177e-04    5.2550047669170565e-06
          11302.3000               0.0010    3.9082359267479097e-04    8.1225562373900980e-06
          11302.3000               0.0010    3.8947714038939748e-04    7.4515435617741674e-06
          11302.3000               0.0010    3.9264491074563108e-04    3.6163933773999006e-06
          11403.5000               0.0010    3.8585272581018090e-04    7.3854719445279850e-06
          11403.5000               0.0010    3.9451323082463348e-04    8.1954219085430317e-06
          11403.5000               0.0010    3.9381401958800177e-04    5.2550047669170565e-06
          11403.5000               0.0010    3.9627800942774116e-04    3.6498554538304163e-06
          11533.5000               0.0010    3.8904512051294904e-04    3.5832380831347126e-06
          11533.5000               0.0010    3.9082359267479097e-04    8.1225562373900980e-06
          11533.5000               0.0010    3.8656557200875672e-04    5.1613603600134293e-06
          11533.5000               0.0010    3.8947714038939748e-04    7.4515435617741674e-06
          11633.0000               0.0010    3.8547833335598108e-04    3.5503867584389227e-06
          11633.0000               0.0010    3.8354786762202358e-04    7.9787662623794440e-06
          11633.0000               0.0010    3.8947714038939748e-04    7.4515435617741674e-06
          11633.0000               0.0010    3.8656557200875672e-04    5.1613603600134293e-06
          11711.5000               0.0010    3.8869018363187188e-04    1.2929100979852937e-05
          11711.5000               0.0010    4.0084121777108429e-04    1.6691257845485953e-05
          11736.5000               0.0010    3.8194424670070587e-04    3.5178366165027287e-06
          11736.5000               0.0010    3.8299153271510999e-04    5.1151660074660602e-06
          11736.5000               0.0010    3.8226239155409841e-04    7.3199918313966968e-06
          11736.5000               0.0010    3.8354786762202358e-04    7.9787662623794440e-06
          11840.5000               0.0010    3.8547833335598108e-04    3.5503867584389227e-06
          11840.5000               0.0010    3.7870511632185429e-04    7.2550845137125760e-06
          11840.5000               0.0010    3.8656557200875672e-04    5.1613603600134293e-06
          11840.5000               0.0010    3.8354786762202358e-04    7.9787662623794440e-06
          11961.0000               0.0010    3.8226239155409841e-04    7.3199918313966968e-06
          11961.0000               0.0010    3.8194424670070587e-04    3.5178366165027287e-06
          11961.0000               0.0010    3.8299153271510999e-04    5.1151660074660602e-06
          11961.0000               0.0010    3.7996078172958817e-04    7.9078231445418580e-06
          12062.4000               0.0010    3.7945053763904253e-04    5.0693849944881016e-06
          12062.4000               0.0010    3.7844256074712987e-04    3.4855848960660660e-06
          12062.4000               0.0010    3.8226239155409841e-04    7.3199918313966968e-06
          12062.4000               0.0010    3.7996078172958817e-04    7.9078231445418580e-06
          12137.1000               0.0010    3.8869018363187188e-04    1.2929100979852937e-05
          12137.1000               0.0010    3.8952090689671037e-04    1.6235144323762528e-05
          12164.2000               0.0010    3.7497297844381138e-04    3.4536288611839695e-06
          12164.2000               0.0010    3.7640724363206194e-04    7.8375094685299665e-06
          12164.2000               0.0010    3.7594228126620400e-04    5.0240136234493506e-06
          12164.2000               0.0010    3.7870511632185429e-04    7.2550845137125760e-06
          12265.5000               0.0010    3.6812895017424328e-04    3.3905930294911502e-06
          12265.5000               0.0010    3.7640724363206194e-04    7.8375094685299665e-06
          12265.5000               0.0010    3.7518129010232588e-04    7.1907582972260109e-06
          12265.5000               0.0010    3.7594228126620400e-04    5.0240136234493506e-06
          12391.1000               0.0010    3.7518129010232588e-04    7.1907582972260109e-06
          12391.1000               0.0010    3.7640724363206194e-04    7.8375094685299665e-06
          12391.1000               0.0010    3.7497297844381138e-04    3.4536288611839695e-06
          12391.1000               0.0010    3.7246646090691106e-04    4.9790485728446144e-06
          12492.4000               0.0010    3.7246646090691106e-04    4.9790485728446144e-06
          12492.4000               0.0010    3.7288693957766730e-04    7.7678196627255836e-06
          12492.4000               0.0010    3.6812895017424328e-04    3.3905930294911502e-06
          12492.4000               0.0010    3.7168991051497898e-04    7.1269951453534094e-06
          12567.0000               0.0010    3.7421463869360895e-04    1.2467442659846274e-05
          12567.0000               0.0010    3.6783069887594521e-04    1.5359978963012444e-05
          12594.3000               0.0010    3.7168991051497898e-04    7.1269951453534094e-06
          12594.3000               0.0010    3.6475392362241715e-04    3.3595078852894975e-06
          12594.3000               0.0010    3.6561093143709899e-04    4.8903215534354564e-06
          12594.3000               0.0010    3.6594479323540997e-04    7.6302902948835530e-06
          12695.3000               0.0010    3.6902277667002559e-04    4.9344855216089746e-06
          12695.3000               0.0010    3.6812895017424328e-04    3.3905930294911502e-06
          12695.3000               0.0010    3.7168991051497898e-04    7.1269951453534094e-06
          12695.3000               0.0010    3.7288693957766730e-04    7.7678196627255836e-06
          12820.8000               0.0010    3.6223063083672466e-04    4.8465527582459261e-06
          12820.8000               0.0010    3.6823102117099812e-04    7.0637963619506732e-06
          12820.8000               0.0010    3.6475392362241715e-04    3.3595078852894975e-06
          12820.8000               0.0010    3.6594479323540997e-04    7.6302902948835530e-06
          12919.4000               0.0010    3.6823102117099812e-04    7.0637963619506732e-06
          12919.4000               0.0010    3.6223063083672466e-04    4.8465527582459261e-06
          12919.4000               0.0010    3.6140983950046842e-04    3.3287077314071571e-06
          12919.4000               0.0010    3.5913189088301168e-04    7.4951907449226011e-06
          12996.8000               0.0010    3.5350566028338450e-04    1.1805643692624430e-05
          12996.8000               0.0010    3.6087265283288127e-04    1.5078877332430981e-05
          13021.5000               0.0010    3.5804661492187231e-04    6.8775432541135755e-06
          13021.5000               0.0010    3.6594479323540997e-04    7.6302902948835530e-06
          13021.5000               0.0010    3.6140983950046842e-04    3.3287077314071571e-06
          13021.5000               0.0010    3.5888158321914254e-04    4.8031756009191371e-06
          13124.3000               0.0010    3.5888158321914254e-04    4.8031756009191371e-06
          13124.3000               0.0010    3.6252233800612574e-04    7.5624394873308074e-06
          13124.3000               0.0010    3.5809641412648183e-04    3.2981899550370549e-06
          13124.3000               0.0010    3.6140983950046842e-04    6.9390783948273796e-06
          13248.2000               0.0010    3.5888158321914254e-04    4.8031756009191371e-06
          13248.2000               0.0010    3.6252233800612574e-04    7.5624394873308074e-06
          13248.2000               0.0010    3.6140983950046842e-04    6.9390783948273796e-06
          13248.2000               0.0010    3.6140983950046842e-04    3.3287077314071571e-06
          13350.1000               0.0010    3.5471501470023839e-04    6.8165590758135988e-06
          13350.1000               0.0010    3.5577315251406115e-04    7.4285390654681533e-06
          13350.1000               0.0010    3.5227609379080883e-04    4.7175825416310383e-06
          13350.1000               0.0010    3.5156041787500842e-04    3.2379912031580273e-06
          13425.8000               0.0010    3.6027818995608592e-04    1.2022252873443159e-05
          13425.8000               0.0010    3.6087265283288127e-04    1.5078877332430981e-05
          13452.2000               0.0010    3.5556349963108231e-04    4.7601865779512422e-06
          13452.2000               0.0010    3.5471501470023839e-04    6.8165590758135988e-06
          13452.2000               0.0010    3.5156041787500842e-04    3.2379912031580273e-06
          13452.2000               0.0010    3.5244615096167710e-04    7.3624856134479886e-06
          13553.7000               0.0010    3.5141409113521903e-04    6.7561084360237628e-06
          13553.7000               0.0010    3.5227609379080883e-04    4.7175825416310383e-06
          13553.7000               0.0010    3.5481336641937704e-04    3.2679519673266945e-06
          13553.7000               0.0010    3.5244615096167710e-04    7.3624856134479886e-06
          13676.6000               0.0010    3.4833729254260071e-04    3.2083051209304130e-06
          13676.6000               0.0010    3.5227609379080883e-04    4.7175825416310383e-06
          13676.6000               0.0010    3.5141409113521903e-04    6.7561084360237628e-06
          13676.6000               0.0010    3.5577315251406115e-04    7.4285390654681533e-06
          13743.8000               0.0010    3.5085071991701700e-04    9.1296061562517099e-06
          13778.3000               0.0010    3.4833729254260071e-04    3.2083051209304130e-06
          13778.3000               0.0010    3.5141409113521903e-04    6.7561084360237628e-06
          13778.3000               0.0010    3.4901908206345716e-04    4.6753597203857623e-06
          13778.3000               0.0010    3.4914994018153374e-04    7.2970115302901290e-06
          13854.4000               0.0010    3.5016728748328969e-04    1.1698805726223163e-05
          13854.4000               0.0010    3.6087265283288127e-04    1.5078877332430981e-05
          13879.7000               0.0010    3.4901908206345716e-04    4.6753597203857623e-06
          13879.7000               0.0010    3.4914994018153374e-04    7.2970115302901290e-06
          13879.7000               0.0010    3.4490442948424655e-04    6.6368144884127936e-06
          13879.7000               0.0010    3.4514371700129922e-04    3.1788912023446427e-06
          13981.8000               0.0010    3.3851535404730792e-04    6.5196231064472512e-06
          13981.8000               0.0010    3.5244615096167710e-04    7.3624856134479886e-06
          13981.8000               0.0010    3.4259543503761580e-04    4.5920483420315008e-06
          13981.8000               0.0010    3.4514371700129922e-04    3.1788912023446427e-06
          14102.5000               0.0010    3.3884413411928429e-04    3.1208698981294981e-06
          14102.5000               0.0010    3.4588455682134226e-04    7.2321184680917475e-06
          14102.5000               0.0010    3.4259543503761580e-04    4.5920483420315008e-06
          14102.5000               0.0010    3.4169480172173070e-04    6.5779552743473569e-06
          14203.5000               0.0010    3.3884413411928429e-04    3.1208698981294981e-06
          14203.5000               0.0010    3.4264971257131792e-04    7.1678015984303786e-06
          14203.5000               0.0010    3.3851535404730792e-04    6.5196231064472512e-06
          14203.5000               0.0010    3.4259543503761580e-04    4.5920483420315008e-06
          14280.5000               0.0010    3.4034045239584020e-04    1.1384063068138294e-05
          14280.5000               0.0010    3.6087265283288127e-04    1.5078877332430981e-05
          14306.4000               0.0010    3.3573759237884028e-04    3.0922575904965681e-06
          14306.4000               0.0010    3.4259543503761580e-04    4.5920483420315008e-06
          14306.4000               0.0010    3.4169480172173070e-04    6.5779552743473569e-06
          14306.4000               0.0010    3.4914994018153374e-04    7.2970115302901290e-06
          14407.6000               0.0010    3.3573759237884028e-04    3.0922575904965681e-06
          14407.6000               0.0010    3.4169480172173070e-04    6.5779552743473569e-06
          14407.6000               0.0010    3.3628970459572381e-04    4.5102173007232155e-06
          14407.6000               0.0010    3.3944512181806720e-04    7.1040555012217860e-06
          14529.6000               0.0010    3.3851535404730792e-04    6.5196231064472512e-06
          14529.6000               0.0010    3.3265953158468536e-04    3.0639076020806298e-06
          14529.6000               0.0010    3.3628970459572381e-04    4.5102173007232155e-06
          14529.6000               0.0010    3.3944512181806720e-04    7.1040555012217860e-06
          14631.5000               0.0010    3.3628970459572381e-04    4.5102173007232155e-06
          14631.5000               0.0010    3.3573759237884028e-04    3.0922575904965681e-06
          14631.5000               0.0010    3.3536518204165444e-04    6.4618013186450160e-06
          14631.5000               0.0010    3.3944512181806720e-04    7.1040555012217860e-06
          14705.5000               0.0010    3.3078908565298759e-04    1.1077769270325657e-05
          14705.5000               0.0010    3.4404747263436686e-04    1.4398401667109041e-05
          14730.6000               0.0010    3.3265953158468536e-04    3.0639076020806298e-06
          14730.6000               0.0010    3.3312557167910193e-04    6.9782554548653646e-06
          14730.6000               0.0010    3.3318049698567118e-04    4.4698499669177722e-06
          14730.6000               0.0010    3.3536518204165444e-04    6.4618013186450160e-06
          14831.8000               0.0010    3.3265953158468536e-04    3.0639076020806298e-06
          14831.8000               0.0010    3.3001005432271754e-04    6.9161915322453416e-06
          14831.8000               0.0010    3.3224432505390376e-04    6.4044917128202123e-06
          14831.8000               0.0010    3.3318049698567118e-04    4.4698499669177722e-06
          14955.5000               0.0010    3.3224432505390376e-04    6.4044917128202123e-06
          14955.5000               0.0010    3.3312557167910193e-04    6.9782554548653646e-06
          14955.5000               0.0010    3.2960969062193049e-04    3.0358175279246067e-06
          14955.5000               0.0010    3.3010003593499429e-04    4.4298441431388864e-06
          15057.9000               0.0010    3.2704805566386650e-04    4.3901962884334708e-06
          15057.9000               0.0010    3.3001005432271754e-04    6.9161915322453416e-06
          15057.9000               0.0010    3.2658781076961327e-04    3.0079849851203069e-06
          15057.9000               0.0010    3.2305522640177720e-04    6.2355951327380272e-06
          15135.1000               0.0010    3.3712640680420971e-04    1.1281036277644909e-05
          15135.1000               0.0010    3.4404747263436686e-04    1.4398401667109041e-05
          15159.6000               0.0010    3.2915281344380600e-04    6.3476953012802544e-06
          15159.6000               0.0010    3.2359363567871247e-04    2.9804076126059233e-06
          15159.6000               0.0010    3.2402429284976122e-04    4.3509034989194237e-06
          15159.6000               0.0010    3.3001005432271754e-04    6.9161915322453416e-06
          15264.3000               0.0010    3.2402429284976122e-04    4.3509034989194237e-06
          15264.3000               0.0010    3.2658781076961327e-04    3.0079849851203069e-06
          15264.3000               0.0010    3.2608976780615150e-04    6.2913961571479546e-06
          15264.3000               0.0010    3.2692367447250173e-04    6.8546787354589972e-06
          15389.2000               0.0010    3.2402429284976122e-04    4.3509034989194237e-06
          15389.2000               0.0010    3.2608976780615150e-04    6.2913961571479546e-06
          15389.2000               0.0010    3.2062691135045551e-04    2.9530830709662371e-06
          15389.2000               0.0010    3.2692367447250173e-04    6.8546787354589972e-06
          15488.6000               0.0010    3.2004921875074298e-04    6.1802941144467840e-06
          15488.6000               0.0010    3.1806037845285738e-04    4.2733692443994161e-06
          15488.6000               0.0010    3.1477481060875994e-04    2.8991832296924627e-06
          15488.6000               0.0010    3.2386615962338224e-04    6.7937118804517749e-06
          15565.6000               0.0010    3.2766523953062015e-04    1.0977511991485290e-05
          15565.6000               0.0010    3.2800644070802562e-04    1.3748617534325038e-05
          15590.3000               0.0010    3.2608976780615150e-04    6.2913961571479546e-06
          15590.3000               0.0010    3.2692367447250173e-04    6.8546787354589972e-06
          15590.3000               0.0010    3.1768738611473408e-04    2.9260090422338247e-06
          15590.3000               0.0010    3.1511971230807482e-04    4.2351218127416352e-06
          15691.5000               0.0010    3.2102848660471632e-04    4.3119620012838247e-06
          15691.5000               0.0010    3.2386615962338224e-04    6.7937118804517749e-06
          15691.5000               0.0010    3.2062691135045551e-04    2.9530830709662371e-06
          15691.5000               0.0010    3.2608976780615150e-04    6.2913961571479546e-06
          15813.7000               0.0010    3.1806037845285738e-04    4.2733692443994161e-06
          15813.7000               0.0010    3.2083753532101601e-04    6.7332923346530987e-06
          15813.7000               0.0010    3.2004921875074298e-04    6.1802941144467840e-06
          15813.7000               0.0010    3.1477481060875994e-04    2.8991832296924627e-06
          15916.2000               0.0010    3.1412027666257732e-04    6.0711452122745872e-06
          15916.2000               0.0010    3.1783694036568717e-04    6.6734031410011551e-06
          15916.2000               0.0010    3.1511971230807482e-04    4.2351218127416352e-06
          15916.2000               0.0010    3.1477481060875994e-04    2.8991832296924627e-06
          15991.7000               0.0010    3.2150606605169140e-04    1.0779718505614890e-05
          15991.7000               0.0010    3.2180172771413361e-04    1.3497001368617740e-05
          16017.6000               0.0010    3.1806037845285738e-04    4.2733692443994161e-06
          16017.6000               0.0010    3.2004921875074298e-04    6.1802941144467840e-06
          16017.6000               0.0010    3.1477481060875994e-04    2.8991832296924627e-06
          16017.6000               0.0010    3.2386615962338224e-04    6.7937118804517749e-06
          16119.7000               0.0010    3.1707088977013504e-04    6.1254770020322451e-06
          16119.7000               0.0010    3.1220623445193458e-04    4.1972166171018090e-06
          16119.7000               0.0010    3.1477481060875994e-04    2.8991832296924627e-06
          16119.7000               0.0010    3.1783694036568717e-04    6.6734031410011551e-06
          16239.5000               0.0010    3.0619632300851849e-04    2.8201724367429060e-06
          16239.5000               0.0010    3.1220623445193458e-04    4.1972166171018090e-06
          16239.5000               0.0010    3.1412027666257732e-04    6.0711452122745872e-06
          16239.5000               0.0010    3.1486440811841324e-04    6.6140452193761236e-06
          16338.8000               0.0010    3.0619632300851849e-04    2.8201724367429060e-06
          16338.8000               0.0010    3.2004921875074298e-04    6.1802941144467840e-06
          16338.8000               0.0010    3.0931969351179005e-04    4.1596505959004958e-06
          16338.8000               0.0010    3.0900248438999861e-04    6.4969058606927155e-06
          16411.8000               0.0010    3.1546237694424618e-04    1.0585475658252794e-05
          16411.8000               0.0010    3.0679817448148964e-04    1.2887903064857571e-05
          16442.4000               0.0010    3.0645984043908337e-04    4.1224207149402837e-06
          16442.4000               0.0010    3.0324969382783509e-04    6.3818370821460387e-06
          16442.4000               0.0010    3.1707088977013504e-04    6.1254770020322451e-06
          16442.4000               0.0010    3.0619632300851849e-04    2.8201724367429060e-06
          16544.4000               0.0010    3.1119740813167682e-04    6.0173002856591984e-06
          16544.4000               0.0010    2.9760400466751776e-04    6.2688020873629550e-06
          16544.4000               0.0010    3.0362642848787841e-04    4.0855242468115043e-06
          16544.4000               0.0010    3.0338909820390301e-04    2.7943169400474170e-06
          16946.4000               0.0010    2.9785162301461431e-04    2.7433149072844528e-06
          16946.4000               0.0010    3.0324969382783509e-04    6.3818370821460387e-06
          16946.4000               0.0010    3.0081921319354118e-04    4.0489579265272320e-06
          16946.4000               0.0010    3.0543272798737000e-04    5.9110305360556167e-06
          17127.3000               0.0010    2.9241521813949819e-04    2.6932437665433187e-06
          17127.3000               0.0010    3.0324969382783509e-04    6.3818370821460387e-06
          17127.3000               0.0010    2.9698517521544425e-04    5.7551265509806229e-06
          17127.3000               0.0010    2.9803822685490843e-04    4.0127224965003051e-06
          17299.1000               0.0010    3.0371397164335074e-04    1.0207426630077512e-05
          17299.1000               0.0010    3.1271360145333820e-04    1.3128165849670106e-05
          17327.9000               0.0010    2.9241521813949819e-04    2.6932437665433187e-06
          17327.9000               0.0010    2.9528267796250483e-04    3.9768076049225576e-06
          17327.9000               0.0010    2.9698517521544425e-04    5.7551265509806229e-06
          17327.9000               0.0010    3.0041358707182976e-04    6.3250674798711481e-06
          17538.3000               0.0010    2.9241521813949819e-04    2.6932437665433187e-06
          17538.3000               0.0010    2.9422147668929985e-04    5.7040744254274154e-06
          17538.3000               0.0010    2.9255260583453690e-04    3.9412140801751985e-06
          17538.3000               0.0010    3.0041358707182976e-04    6.3250674798711481e-06
          17736.0000               0.0010    2.9148349671808728e-04    5.6534743478941800e-06
          17736.0000               0.0010    2.9241521813949819e-04    2.6932437665433187e-06
          17736.0000               0.0010    2.8716795185553250e-04    3.8709799217599522e-06
          17736.0000               0.0010    2.9482069854905405e-04    6.2130361622994737e-06
          17933.9000               0.0010    2.8716795185553250e-04    3.8709799217599522e-06
          17933.9000               0.0010    2.8973433926563695e-04    2.6685519589081910e-06
          17933.9000               0.0010    2.9148349671808728e-04    5.6534743478941800e-06
          17933.9000               0.0010    2.9482069854905405e-04    6.2130361622994737e-06
          18055.9000               0.0010    2.8690648890135556e-04    9.6654880747882097e-06
          18055.9000               0.0010    2.8971432581747142e-04    1.2193150972624811e-05
          18131.2000               0.0010    2.8444609151821520e-04    2.6198453957809393e-06
          18131.2000               0.0010    2.8933220096930126e-04    6.1029909467606828e-06
          18131.2000               0.0010    2.8451290542065626e-04    3.8363336103014376e-06
          18131.2000               0.0010    2.8342174696096271e-04    5.5043522227592794e-06
          18315.8000               0.0010    2.8444609151821520e-04    2.6198453957809393e-06
          18315.8000               0.0010    2.8394561788614987e-04    5.9948855548291291e-06
          18315.8000               0.0010    2.8877126193692235e-04    5.6033274844085117e-06
          18315.8000               0.0010    2.8188240654244327e-04    3.8019973145927579e-06
          18520.9000               0.0010    2.7817158846195843e-04    5.4071270731954000e-06
          18520.9000               0.0010    2.8394561788614987e-04    5.9948855548291291e-06
          18520.9000               0.0010    2.7925436517143112e-04    2.5720278276323333e-06
          18520.9000               0.0010    2.7927622826345947e-04    3.7679685184992265e-06
          18712.8000               0.0010    2.7413593614583821e-04    3.7008211646781984e-06
          18712.8000               0.0010    2.8129005020837274e-04    5.9415515921558741e-06
          18712.8000               0.0010    2.7415739851115227e-04    2.5250830284751080e-06
          18712.8000               0.0010    2.8608400082892838e-04    5.5536197713761448e-06
          18838.3000               0.0010    2.7622155795104089e-04    9.3202640008141200e-06
          18838.3000               0.0010    2.7885701264077577e-04    1.1750917048014889e-05
          18906.1000               0.0010    2.8078452623148570e-04    5.4555259732741310e-06
          18906.1000               0.0010    2.7669414572462905e-04    2.5484473344215005e-06
          18906.1000               0.0010    2.7669414572462905e-04    3.7342439566435599e-06
          18906.1000               0.0010    2.8129005020837274e-04    5.9415515921558741e-06
          19102.0000               0.0010    2.7160137880671614e-04    3.6676976931492295e-06
          19102.0000               0.0010    2.7415739851115227e-04    2.5250830284751080e-06
          19102.0000               0.0010    2.7817158846195843e-04    5.4071270731954000e-06
          19102.0000               0.0010    2.7347143553725444e-04    5.7843742218039618e-06
          19318.2000               0.0010    2.7160137880671614e-04    3.6676976931492295e-06
          19318.2000               0.0010    2.7047801486011677e-04    5.2644921857889605e-06
          19318.2000               0.0010    2.6915346197815116e-04    2.4789950684796246e-06
          19318.2000               0.0010    2.7865931841199594e-04    5.8886911303772183e-06
          19501.2000               0.0010    2.6796123470719589e-04    5.2177900855583995e-06
          19501.2000               0.0010    2.6909025502758259e-04    3.6348706118136911e-06
          19501.2000               0.0010    2.7164390833626223e-04    2.5019329277763098e-06
          19501.2000               0.0010    2.7091382640627204e-04    5.7329094928269074e-06
          19515.3000               0.0010    2.7327202208683076e-04    7.1610484300822175e-06
          19620.2000               0.0010    2.7102912957315412e-04    9.1522950966513654e-06
          19620.2000               0.0010    2.6332904865954723e-04    1.1117447750932946e-05
          19684.0000               0.0010    2.7047801486011677e-04    5.2644921857889605e-06
          19684.0000               0.0010    2.7347143553725444e-04    5.7843742218039618e-06
          19684.0000               0.0010    2.6424085758122761e-04    2.4337483085685319e-06
          19684.0000               0.0010    2.6909025502758259e-04    3.6348706118136911e-06
          19867.6000               0.0010    2.6660234815059381e-04    3.6023372692016855e-06
          19867.6000               0.0010    2.7347143553725444e-04    5.7843742218039618e-06
          19867.6000               0.0010    2.6181828280140489e-04    2.4114355696274622e-06
          19867.6000               0.0010    2.6796123470719589e-04    5.2177900855583995e-06
          20078.1000               0.0010    2.6413744352104466e-04    3.5700950375576196e-06
          20078.1000               0.0010    2.6092060093274024e-04    5.5315852593112411e-06
          20078.1000               0.0010    2.6546762852335806e-04    5.1714967774328364e-06
          20078.1000               0.0010    2.6424085758122761e-04    2.4337483085685319e-06
          20272.6000               0.0010    2.6796123470719589e-04    5.2177900855583995e-06
          20272.6000               0.0010    2.6338386727930990e-04    5.5812461774620973e-06
          20272.6000               0.0010    2.6169532846883334e-04    3.5381415536582631e-06
          20272.6000               0.0010    2.5941791832100080e-04    2.3893273951096904e-06
          20394.9000               0.0010    2.6846963371253608e-04    9.0694479874446318e-06
          20394.9000               0.0010    2.5105147067201771e-04    1.0615710027683259e-05
          20457.0000               0.0010    2.5927579229013855e-04    3.5064737522532229e-06
          20457.0000               0.0010    2.6546762852335806e-04    5.1714967774328364e-06
          20457.0000               0.0010    2.5703956051475058e-04    2.3674219095571661e-06
          20457.0000               0.0010    2.6338386727930990e-04    5.5812461774620973e-06
          20657.7000               0.0010    2.6299722745651630e-04    6.6639893944335101e-06
          20657.7000               0.0010    2.5687862622922249e-04    3.4750895553382977e-06
          20657.7000               0.0010    2.5468300762425828e-04    2.3457172547063365e-06
          20657.7000               0.0010    2.5606296500310546e-04    5.4335821566869327e-06
          20874.4000               0.0010    2.5468300762425828e-04    2.3457172547063365e-06
          20874.4000               0.0010    2.5450385786703690e-04    3.4439893589742655e-06
          20874.4000               0.0010    2.6055005553876143e-04    6.6036902764321163e-06
          20874.4000               0.0010    2.5848037199220554e-04    6.9103495209182326e-06
          21071.7000               0.0010    2.5703956051475058e-04    2.3674219095571661e-06
          21071.7000               0.0010    2.5812541665246833e-04    5.0350676493216787e-06
          21071.7000               0.0010    2.4981952013219754e-04    3.3826150246227288e-06
          21071.7000               0.0010    2.5606296500310546e-04    5.4335821566869327e-06
          21193.2000               0.0010    2.5603042077740378e-04    8.6663240184556597e-06
          21193.2000               0.0010    2.5589227179898601e-04    1.0813629439229628e-05
          21267.3000               0.0010    2.5215081130969253e-04    3.4131642784432570e-06
          21267.3000               0.0010    2.5848037199220554e-04    5.4823650617847943e-06
          21267.3000               0.0010    2.5572334108406552e-04    4.9903928528438951e-06
          21267.3000               0.0010    2.5003451878862810e-04    2.3029030890823203e-06
          21458.0000               0.0010    2.5098627313856187e-04    4.9022315372507757e-06
          21458.0000               0.0010    2.5606296500310546e-04    5.4335821566869327e-06
          21458.0000               0.0010    2.4750978319252969e-04    3.3523393579462578e-06
          21458.0000               0.0010    2.4547087443734748e-04    2.2608703700603449e-06
          92429.5000               0.0010    4.4668354963596839e-05    8.2282152982927474e-07
          92429.5000               0.0010    5.0393573892765677e-05    1.7684680224531323e-06
          92429.5000               0.0010    4.6936506197812758e-05    1.0097676109639361e-06
          92429.5000               0.0010    5.0739520589418501e-05    1.3457507740473824e-06
          92454.9000               0.0010    5.1023184367131068e-05    4.6313865474499979e-06
          92454.9000               0.0010    5.6061402724226401e-05    5.6812293086347783e-06
          93289.0000               0.0010    4.9336184474701929e-05    1.3095507357011892e-06
          93289.0000               0.0010    4.6502548986915643e-05    6.6438055918779455e-07
          93289.0000               0.0010    4.3052656927816893e-05    7.9305927127674804e-07
          93289.0000               0.0010    5.0393573892765677e-05    1.7684680224531323e-06
          93315.1000               0.0010    4.8659087369662235e-05    4.4181293916775727e-06
          93315.1000               0.0010    5.2436531844273792e-05    4.8473922892051775e-06
         100554.9000               0.0010    3.3622960997912084e-05    1.1814593146553486e-06
         107400.9000               0.0010    4.2606274233370643e-05    2.7634755483651044e-06
         107400.9000               0.0010    4.7207995368394069e-05    3.9522660490777325e-06
         108856.5000               0.0010    3.5156040581255167e-05    6.4759821841173832e-07
         108856.5000               0.0010    3.7557368692141466e-05    5.4022885384004343e-07
         108856.5000               0.0010    3.8690038130428947e-05    1.0339257993892066e-06
         108856.5000               0.0010    3.9843396923873155e-05    1.1279872981544860e-06
         110840.8000               0.0010    3.2982833065481240e-05    1.1593594778880598e-06
         179662.0000               0.0010    1.5922085510314806e-05    2.9329566240678995e-07
         179662.0000               0.0010    1.9552412602949564e-05    5.3250151695063977e-07
         179662.0000               0.0010    1.7698772736394501e-05    3.8606086573435307e-07
         179662.0000               0.0010    1.8266407958767267e-05    6.5399712987555294e-07
         179688.7000               0.0010    1.8840427505227432e-05    1.7212340082220311e-06
         179688.7000               0.0010    2.0569112506906300e-05    2.2827439927508059e-06
         189912.5000               0.0010    1.6584621038061488e-05    3.6209577539224742e-07
         189912.5000               0.0010    1.7428080311645090e-05    6.2456545508065317e-07
         189912.5000               0.0010    1.7641583014337755e-05    4.8183352240352071e-07
         189912.5000               0.0010    1.4927942431154618e-05    4.1247430440687475e-07
         189939.1000               0.0010    1.8840427505227432e-05    1.5554367248117519e-06
         189939.1000               0.0010    1.9798247695417683e-05    2.3773414951241013e-06
         277045.0000               0.0010    9.3239330949534463e-06    3.6351675510975752e-07
         277045.0000               0.0010    7.8342954787839337e-06    3.6078265005735150e-07
         277045.0000               0.0010    9.8810238805085316e-06    4.2144374443361662e-07
         277045.0000               0.0010    9.3738747976537511e-06    5.7021433698427566e-07
         277070.9000               0.0010    1.2293001944399586e-05    3.7547200896027526e-06
         277070.9000               0.0010    1.0952295417729997e-05    2.4393548465174835e-06
         363807.9000               0.0010    4.7327628589137194e-06    2.9246962526740813e-07
         363930.6000               0.0010    5.3703172830387570e-06    4.4516206355592802e-07
         363930.6000               0.0010    6.5591920383219834e-06    4.0001989890270022e-07
         363930.6000               0.0010    6.1386142869081975e-06    2.9455625991882878e-07
         363930.6000               0.0010    6.5486344167958923e-06    3.9209892846338822e-07
         363957.1000               0.0010    8.9033438896536285e-06    1.5499925644263637e-06
         363957.1000               0.0010    6.9918152914531103e-06    1.9542074122120395e-06
         532489.2000               0.0010    4.2579361380085880e-06    2.2562281681625183e-07
         533529.4000               0.0010    4.3808617054710216e-06    2.6294937405109897e-07
         533529.4000               0.0010    4.2336128765327186e-06    2.4161035506481816e-07
         533529.4000               0.0010    3.4833726863886634e-06    2.5666439206151018e-07
         533529.4000               0.0010    3.9120855452864570e-06    3.0852313750153584e-07
         533555.7000               0.0010    4.8051344532083696e-06    1.4685130197007297e-06
         793240.8000               0.0010    3.3484694571281263e-06    9.9309516464655883e-08
         795062.3000               0.0010    3.2532987154870083e-06    2.3091480225622540e-07
         959036.9000               0.0010    3.5486694052698459e-06    1.0822210040467843e-07
         959036.9000               0.0010    4.5905079508999460e-06    2.7545355182145458e-07
         959036.9000               0.0010    2.6364330080309025e-06    3.7707669004982194e-07
         959036.9000               0.0010    1.7458219024135650e-06    8.0398072064892570e-08
         960842.9000               0.0010    4.3400980752043527e-06    2.2306719687372403e-07
         960842.9000               0.0010    3.5158597480914027e-06    1.0722944043627943e-07
         960842.9000               0.0010    2.8156712135051646e-06    3.2473169069163582e-07
         960842.9000               0.0010    1.6982434080825834e-06    7.8207001365943813e-08
         968336.6000               0.0010    3.4464242868154767e-06    2.4455397935527059e-07
        1138734.7000               0.0010    3.5133121872155963e-06    2.4927698262364874e-07
        1560669.8000               0.0010    3.5133121872155963e-06    8.6067219981748666e-08
        1743120.0000               0.0010    3.3808067122764420e-06    2.3992025442809650e-07
        1913474.9000               0.0010    3.5472413820517106e-06    2.1960943788538518e-07
        2085264.0000               0.0010    3.4797075235118016e-06    2.4690418508515578e-07
        3985512.9000               0.0010    9.7723707228304427e-07    7.2005490551610678e-08
        3985512.9000               0.0010    2.0324840150457764e-06    9.7872780572544378e-08
        3985512.9000               0.0010    2.0844790702131082e-06    1.8357247898653449e-07
        3985512.9000               0.0010    2.8763937797598285e-06    1.7309921608087423e-07
        3985537.1000               0.0010    3.9370446753531375e-06    1.0550718238452906e-06
        4070512.1000               0.0010    2.0119516444103336e-06    6.0521853127807399e-08
        4244342.3000               0.0010    2.1933136384511314e-06    1.7103983001279358e-07
        4244342.3000               0.0010    1.9517866286731929e-06    3.1546467027562367e-07
        4244342.3000               0.0010    1.6263407248985954e-06    9.3018876152264397e-08
        4244342.3000               0.0010    9.2469803249706664e-07    9.3684622523526527e-08
        4673684.0000               0.0010    8.9949744357318599e-07    1.5740887929307185e-07
        4673684.0000               0.0010    1.7767435101996820e-06    3.2023846997425366e-07
        4673684.0000               0.0010    1.5381827508043436e-06    1.7259289018483327e-07
        4673684.0000               0.0010    1.9789642032910611e-06    2.4449254407085124e-07
        6576561.4000               0.0010    1.6923240933934080e-06    4.2694470982750293e-08
        8816327.6000               0.0010    1.3566828530855264e-06    7.2614259639775146e-08
       29225210.0000               0.0010    7.3451375328620707e-07    5.4120974963339760e-08
       29225210.0000               0.0010    1.0110651337605155e-06    1.7292467892280837e-07
       29225210.0000               0.0010    1.7689466607186206e-06    1.2230175916256453e-07
       29225210.0000               0.0010    1.3759426610383019e-06    6.6342889394109510e-08
