Time (s)     Err_Time (s)     Flux (erg/cm^2/s/A)    Err_Flux (Jy)
           3303.1000              17.5000    4.3092790293824295e+45    3.9689927761021655e+43
           3403.9000              17.5000    4.1153295213338391e+45    3.7903586725491773e+43
           3519.5000              17.5000    4.0775999529381955e+45    3.7556084548476269e+43
           3619.2000              17.5000    4.0031753651566191e+45    3.6870608743230507e+43
           3720.2000              17.5000    3.9301091792120342e+45    3.6197644281625530e+43
           3822.2000              17.5000    3.9301091792120342e+45    3.6197644281625530e+43
           3992.0000              57.5000    3.8583766014763106e+45    3.5536962805900636e+43
           4176.2000              57.5000    3.7532251258267361e+45    3.4568481896671959e+43
           4363.8000              57.5000    3.6847210459598637e+45    3.3937535986065390e+43
           4551.3000              57.5000    3.6174673064806051e+45    3.3318106136341111e+43
           4769.3000              57.5000    3.5188812780341145e+45    3.2410095232287871e+43
           4956.1000              57.5000    3.4546544554932508e+45    3.1818544318646474e+43
           5154.4000              57.5000    3.4229819925990515e+45    3.1526830146574276e+43
           5350.7000              57.5000    3.3605055293061609e+45    3.0951400637844065e+43
           5533.0000              17.5000    3.2689224227737684e+45    3.0107889030074830e+43
           5632.8000              17.5000    3.2991693899980125e+45    3.0386473901449994e+43
           5734.0000              17.5000    3.2092578635691626e+45    2.9558358115836627e+43
           5836.0000              17.5000    3.2092578635691626e+45    2.9558358115836627e+43
           5971.4000              17.5000    3.1506823053149231e+45    2.9018857271305447e+43
           6072.2000              17.5000    3.1506823053149231e+45    2.9018857271305447e+43
           6174.0000              17.5000    3.1506823053149231e+45    2.9018857271305447e+43
           6275.5000              17.5000    3.0931758715033097e+45    2.8489203427074358e+43
           6403.5000              17.5000    3.0648174642363969e+45    2.8228012836219824e+43
           6502.9000              17.5000    3.0367190484138668e+45    2.7969216855130812e+43
           6604.2000              17.5000    3.0367190484138668e+45    2.7969216855130812e+43
           6705.9000              17.5000    2.9539600225189819e+45    2.7206978035842458e+43
           6829.4000              17.5000    2.9812926784916006e+45    2.7458721107867564e+43
           6932.2000              17.5000    2.9268779538462397e+45    2.6957542958208557e+43
           7034.1000              17.5000    2.9000441750752612e+45    2.6710394715146651e+43
           7135.9000              17.5000    2.8734564098703690e+45    2.6465512340829761e+43
           7259.2000              17.5000    2.8471124027656930e+45    2.6222875061648901e+43
           7360.0000              17.5000    2.8471124027656930e+45    2.6222875061648901e+43
           7462.3000              17.5000    2.8210099189735017e+45    2.5982462294447859e+43
           7563.8000              17.5000    2.7951467441946807e+45    2.5744253644777466e+43
           7680.4000              17.5000    2.7695206844309736e+45    2.5508228905166467e+43
           7781.9000              17.5000    2.7441295657988917e+45    2.5274368053407401e+43
           7883.7000              17.5000    2.7189712343450938e+45    2.5042651250856282e+43
           7985.8000              17.5000    2.7189712343450938e+45    2.5042651250856282e+43
           8103.5000              17.5000    2.7189712343450938e+45    2.5042651250856282e+43
           8203.3000              17.5000    2.6693444157161117e+45    2.4585571346546648e+43
           8306.0000              17.5000    2.6448717186496235e+45    2.4360169470255186e+43
           8408.3000              17.5000    2.6448717186496235e+45    2.4360169470255186e+43
           8554.8000              17.5000    2.5727916205033363e+45    2.3696287213170636e+43
           8655.1000              17.5000    2.5965973686232747e+45    2.3915546262476809e+43
           8756.3000              17.5000    2.5492041247972883e+45    2.3479038342941271e+43
           8857.8000              17.5000    2.5492041247972883e+45    2.3479038342941271e+43
           8976.5000              17.5000    2.5258328805548810e+45    2.3263781222355304e+43
           9075.2000              17.5000    2.5026759051708531e+45    2.3050497590942946e+43
           9176.4000              17.5000    2.4797312342163504e+45    2.2839169355645275e+43
           9278.0000              17.5000    2.4797312342163504e+45    2.2839169355645275e+43
           9399.1000              17.5000    2.4797312342163504e+45    2.2839169355645275e+43
           9498.4000              17.5000    2.4569969212727159e+45    2.2629778589283456e+43
           9600.3000              17.5000    2.4344710377660858e+45    2.2422307529035241e+43
           9702.4000              17.5000    2.4344710377660858e+45    2.2422307529035241e+43
           9823.0000              17.5000    2.3900369330125149e+45    2.2013054288349274e+43
           9922.4000              17.5000    2.3900369330125149e+45    2.2013054288349274e+43
          10023.8000              17.5000    2.3681249423773392e+45    2.1811237390561854e+43
          10126.1000              17.5000    2.3681249423773392e+45    2.1811237390561854e+43
          10250.7000              17.5000    2.3249017903550855e+45    2.1413137437026766e+43
          10352.0000              17.5000    2.3249017903550855e+45    2.1413137437026766e+43
          10454.0000              17.5000    2.3035869623060859e+45    2.1216820610073779e+43
          10558.1000              17.5000    2.3035869623060859e+45    2.1216820610073779e+43
          10678.2000              17.5000    2.3035869623060859e+45    2.1216820610073779e+43
          10776.8000              17.5000    2.2824675497780838e+45    2.1022303626634966e+43
          10878.3000              17.5000    2.2824675497780838e+45    2.1022303626634966e+43
          10979.6000              17.5000    2.2202639714934928e+45    2.0449387481785949e+43
          11101.3000              17.5000    2.2408078213894318e+45    2.0638603337325467e+43
          11201.3000              17.5000    2.2202639714934928e+45    2.0449387481785949e+43
          11302.3000              17.5000    2.1999084687482913e+45    2.0261906367662758e+43
          11403.5000              17.5000    2.2202639714934928e+45    2.0449387481785949e+43
          11533.5000              17.5000    2.1797395863767965e+45    2.0076144090751235e+43
          11633.0000              17.5000    2.1597556134330608e+45    1.9892084892656380e+43
          11736.5000              17.5000    2.1399548546572335e+45    1.9709713159457518e+43
          11840.5000              17.5000    2.1597556134330608e+45    1.9892084892656380e+43
          11961.0000              17.5000    2.1399548546572335e+45    1.9709713159457518e+43
          12062.4000              17.5000    2.1203356303317735e+45    1.9529013420383908e+43
          12164.2000              17.5000    2.1008962761387064e+45    1.9349970346500076e+43
          12265.5000              17.5000    2.0625505970313835e+45    1.8996793579959829e+43
          12391.1000              17.5000    2.1008962761387064e+45    1.9349970346500076e+43
          12492.4000              17.5000    2.0625505970313835e+45    1.8996793579959829e+43
          12594.3000              17.5000    2.0436410192158622e+45    1.8822629926974702e+43
          12695.3000              17.5000    2.0625505970313835e+45    1.8996793579959829e+43
          12820.8000              17.5000    2.0436410192158622e+45    1.8822629926974702e+43
          12919.4000              17.5000    2.0249048054543971e+45    1.8650063015981666e+43
          13021.5000              17.5000    2.0249048054543971e+45    1.8650063015981666e+43
          13124.3000              17.5000    2.0063403663357127e+45    1.8479078207961457e+43
          13248.2000              17.5000    2.0249048054543971e+45    1.8650063015981666e+43
          13350.1000              17.5000    1.9697205271073917e+45    1.8141797014591953e+43
          13452.2000              17.5000    1.9697205271073917e+45    1.8141797014591953e+43
          13553.7000              17.5000    1.9879461270204770e+45    1.8309660998107382e+43
          13676.6000              17.5000    1.9516620205011660e+45    1.7975472017350883e+43
          13778.3000              17.5000    1.9516620205011660e+45    1.7975472017350883e+43
          13879.7000              17.5000    1.9337690752811324e+45    1.7810671896872995e+43
          13981.8000              17.5000    1.9337690752811324e+45    1.7810671896872995e+43
          14102.5000              17.5000    1.8984738114117772e+45    1.7485590493759108e+43
          14203.5000              17.5000    1.8984738114117772e+45    1.7485590493759108e+43
          14306.4000              17.5000    1.8810684986309623e+45    1.7325281634152128e+43
          14407.6000              17.5000    1.8810684986309623e+45    1.7325281634152128e+43
          14529.6000              17.5000    1.8638227587192325e+45    1.7166442495025888e+43
          14631.5000              17.5000    1.8810684986309623e+45    1.7325281634152128e+43
          14730.6000              17.5000    1.8638227587192325e+45    1.7166442495025888e+43
          14831.8000              17.5000    1.8638227587192325e+45    1.7166442495025888e+43
          14955.5000              17.5000    1.8467351287037082e+45    1.7009059601901780e+43
          15057.9000              17.5000    1.8298041590241875e+45    1.6853119603836597e+43
          15159.6000              17.5000    1.8130284134099649e+45    1.6698609272287895e+43
          15264.3000              17.5000    1.8298041590241875e+45    1.6853119603836597e+43
          15389.2000              17.5000    1.7964064687582945e+45    1.6545515499994604e+43
          15488.6000              17.5000    1.7636183550471639e+45    1.6243525803866386e+43
          15590.3000              17.5000    1.7799369150134543e+45    1.6393825299863232e+43
          15691.5000              17.5000    1.7964064687582945e+45    1.6545515499994604e+43
          15813.7000              17.5000    1.7636183550471639e+45    1.6243525803866386e+43
          15916.2000              17.5000    1.7636183550471639e+45    1.6243525803866386e+43
          16017.6000              17.5000    1.7636183550471639e+45    1.6243525803866386e+43
          16119.7000              17.5000    1.7636183550471639e+45    1.6243525803866386e+43
          16239.5000              17.5000    1.7155548579678671e+45    1.5800844623554712e+43
          16338.8000              17.5000    1.7155548579678671e+45    1.5800844623554712e+43
          16442.4000              17.5000    1.7155548579678671e+45    1.5800844623554712e+43
          16544.4000              17.5000    1.6998265562572292e+45    1.5655981607156293e+43
          16946.4000              57.5000    1.6688012246382196e+45    1.5370227734565519e+43
          17127.3000              57.5000    1.6383421691481042e+45    1.5089689458016537e+43
          17327.9000              57.5000    1.6383421691481042e+45    1.5089689458016537e+43
          17538.3000              57.5000    1.6383421691481042e+45    1.5089689458016537e+43
          17736.0000              57.5000    1.6383421691481042e+45    1.5089689458016537e+43
          17933.9000              57.5000    1.6233217576340568e+45    1.4951346351462401e+43
          18131.2000              57.5000    1.5936927959793651e+45    1.4678453521898437e+43
          18315.8000              57.5000    1.5936927959793651e+45    1.4678453521898437e+43
          18520.9000              57.5000    1.5646046238290503e+45    1.4410541547882773e+43
          18712.8000              57.5000    1.5360473706621060e+45    1.4147519518554673e+43
          18906.1000              57.5000    1.5502602422039877e+45    1.4278424906887063e+43
          19102.0000              57.5000    1.5360473706621060e+45    1.4147519518554673e+43
          19318.2000              57.5000    1.5080113461148286e+45    1.3889298182363510e+43
          19501.2000              57.5000    1.5219648035116603e+45    1.4017814278053912e+43
          19684.0000              57.5000    1.4804870366926612e+45    1.3635789916783777e+43
          19867.6000              57.5000    1.4669138497533792e+45    1.3510776241541650e+43
          20078.1000              57.5000    1.4804870366926612e+45    1.3635789916783777e+43
          20272.6000              57.5000    1.4534651025418192e+45    1.3386908698580628e+43
          20457.0000              57.5000    1.4401396541876114e+45    1.3264176780095986e+43
          20657.7000              57.5000    1.4269363742800673e+45    1.3142570074620231e+43
          20874.4000              57.5000    1.4269363742800673e+45    1.3142570074620231e+43
          21071.7000              57.5000    1.4401396541876114e+45    1.3264176780095986e+43
          21267.3000              57.5000    1.4008918498853282e+45    1.2902691133212829e+43
          21458.0000              57.5000    1.3753226916408664e+45    1.2667190475976846e+43
          92429.5000             350.5000    2.5026758193010620e+44    4.6100993600105820e+42
          93289.0000             339.5000    2.4121515900400097e+44    4.4433475625291279e+42
         108856.5000             343.0000    1.9697204595239343e+44    3.6283592784250565e+42
         179662.0000             847.5000    8.9208161867575540e+43    1.6432751168239010e+42
         189912.5000             857.0000    8.3638183194379820e+43    2.3110084724709271e+42
         277045.0000             854.0000    4.3893942080452634e+43    2.0213907923355147e+42
         363930.6000             848.5000    3.0088780339434799e+43    2.4941512465357938e+42
         533529.4000             853.5000    1.9516618865734711e+43    1.4380376627064953e+42
         959036.9000             854.5000    9.7814801183911410e+42    4.5045381912812826e+41
         960842.9000             854.5000    9.5149076256769119e+42    4.3817770181620350e+41
        3985512.9000            1961.0000    5.4752578028013465e+42    4.0343191551891522e+41
        4244342.3000             850.0000    5.1808923968023560e+42    5.2489562156711639e+41
        4673684.0000             948.0000    5.0396986936016411e+42    8.8192949185413440e+41
       29225210.2000            2453.0000    4.1153290977282819e+42    3.0322866259152232e+41
