Time (s)     Err_Time (s)     Flux (erg/cm^2/s/A)    Err_Flux (Jy)
           3303.1000              17.5000    3.5827085605152097e+45    3.2997966245880599e+43
           3403.9000              17.5000    3.4850698044082295e+45    3.2098680042750366e+43
           3519.5000              17.5000    3.4850698044082295e+45    3.2098680042750366e+43
           3619.2000              17.5000    3.4214601108197020e+45    3.1512813096977034e+43
           3720.2000              17.5000    3.3900919755112052e+45    3.1223901885634419e+43
           3822.2000              17.5000    3.3282158226931388e+45    3.0654001440865372e+43
           3992.0000              57.5000    3.2977025561693019e+45    3.0372963862229529e+43
           4176.2000              57.5000    3.2375127003223122e+45    2.9818594786979430e+43
           4363.8000              57.5000    3.1784214331700781e+45    2.9274344087828148e+43
           4551.3000              57.5000    3.0918006238363841e+45    2.8476536927601559e+43
           4769.3000              57.5000    3.0353689018461146e+45    2.7956781545331768e+43
           4956.1000              57.5000    3.0075404720704369e+45    2.7700472227701533e+43
           5154.4000              57.5000    2.9526466711940259e+45    2.7194881622763400e+43
           5350.7000              57.5000    2.8987547951138768e+45    2.6698519086491632e+43
           5533.0000              17.5000    2.8721788510157238e+45    2.6453745588594499e+43
           5632.8000              17.5000    2.8197556781962109e+45    2.5970910309648039e+43
           5734.0000              17.5000    2.8197556781962109e+45    2.5970910309648039e+43
           5836.0000              17.5000    2.7682893361281551e+45    2.5496887767854562e+43
           5971.4000              17.5000    2.7682893361281551e+45    2.5496887767854562e+43
           6072.2000              17.5000    2.7177623606819921e+45    2.5031517112631873e+43
           6174.0000              17.5000    2.7177623606819921e+45    2.5031517112631873e+43
           6275.5000              17.5000    2.6681576064842945e+45    2.4574640429250330e+43
           6403.5000              17.5000    2.6436957901504284e+45    2.4349338768212696e+43
           6502.9000              17.5000    2.6436957901504284e+45    2.4349338768212696e+43
           6604.2000              17.5000    2.6194582411000385e+45    2.4126102685249633e+43
           6705.9000              17.5000    2.5954429032383675e+45    2.3904913243028054e+43
           6829.4000              17.5000    2.5716477393208337e+45    2.3685751677831393e+43
           6932.2000              17.5000    2.5480707307806587e+45    2.3468599397972029e+43
           7034.1000              17.5000    2.5015631979266801e+45    2.3040249178194724e+43
           7135.9000              17.5000    2.5015631979266801e+45    2.3040249178194724e+43
           7259.2000              17.5000    2.4786287283337033e+45    2.2829014900911662e+43
           7360.0000              17.5000    2.4786287283337033e+45    2.2829014900911662e+43
           7462.3000              17.5000    2.4559045232248870e+45    2.2619717231151615e+43
           7563.8000              17.5000    2.4333886548839264e+45    2.2412338413990759e+43
           7680.4000              17.5000    2.4110792132677053e+45    2.2206860857281369e+43
           7781.9000              17.5000    2.4110792132677053e+45    2.2206860857281369e+43
           7883.7000              17.5000    2.3889743058446869e+45    2.2003267130163312e+43
           7985.8000              17.5000    2.3453706100468303e+45    2.1601662238827581e+43
           8103.5000              17.5000    2.3453706100468303e+45    2.1601662238827581e+43
           8203.3000              17.5000    2.3238681227280961e+45    2.1403617006076623e+43
           8306.0000              17.5000    2.3025627714009851e+45    2.1207387462960355e+43
           8408.3000              17.5000    2.3025627714009851e+45    2.1207387462960355e+43
           8554.8000              17.5000    2.2814527487117986e+45    2.1012956963135560e+43
           8655.1000              17.5000    2.2605362638767940e+45    2.0820309012873956e+43
           8756.3000              17.5000    2.2605362638767940e+45    2.0820309012873956e+43
           8857.8000              17.5000    2.2605362638767940e+45    2.0820309012873956e+43
           8976.5000              17.5000    2.2398115425303051e+45    2.0629427269663343e+43
           9075.2000              17.5000    2.2398115425303051e+45    2.0629427269663343e+43
           9176.4000              17.5000    2.1989303740279390e+45    2.0252897782112935e+43
           9278.0000              17.5000    2.1787704588828730e+45    2.0067218096411398e+43
           9399.1000              17.5000    2.1787704588828730e+45    2.0067218096411398e+43
           9498.4000              17.5000    2.1390034157338108e+45    1.9700950082877377e+43
           9600.3000              17.5000    2.1390034157338108e+45    1.9700950082877377e+43
           9702.4000              17.5000    2.1390034157338108e+45    1.9700950082877377e+43
           9823.0000              17.5000    2.1193929142529438e+45    1.9520330684173792e+43
           9922.4000              17.5000    2.0999622029329836e+45    1.9341367214095361e+43
          10023.8000              17.5000    2.0807096334478023e+45    1.9164044490996971e+43
          10126.1000              17.5000    2.0807096334478023e+45    1.9164044490996971e+43
          10250.7000              17.5000    2.0427324020985487e+45    1.8814261253815532e+43
          10352.0000              17.5000    2.0427324020985487e+45    1.8814261253815532e+43
          10454.0000              17.5000    2.0240045185890098e+45    1.8641771067280323e+43
          10558.1000              17.5000    2.0240045185890098e+45    1.8641771067280323e+43
          10678.2000              17.5000    2.0427324020985487e+45    1.8814261253815532e+43
          10776.8000              17.5000    2.0054483333500587e+45    1.8470862280304030e+43
          10878.3000              17.5000    1.9870622722424814e+45    1.8301520394528291e+43
          10979.6000              17.5000    1.9870622722424814e+45    1.8301520394528291e+43
          11101.3000              17.5000    2.0054483333500587e+45    1.8470862280304030e+43
          11201.3000              17.5000    1.9688447755588595e+45    1.8133731044516488e+43
          11302.3000              17.5000    1.9507942978911944e+45    1.7967479996534509e+43
          11403.5000              17.5000    1.9507942978911944e+45    1.7967479996534509e+43
          11533.5000              17.5000    1.9151882886841065e+45    1.7639536523008705e+43
          11633.0000              17.5000    1.9151882886841065e+45    1.7639536523008705e+43
          11736.5000              17.5000    1.8976297366522821e+45    1.7477816277700961e+43
          11840.5000              17.5000    1.9151882886841065e+45    1.7639536523008705e+43
          11961.0000              17.5000    1.8976297366522821e+45    1.7477816277700961e+43
          12062.4000              17.5000    1.8802321623954919e+45    1.7317578692536279e+43
          12164.2000              17.5000    1.8629940900605552e+45    1.7158810174404154e+43
          12265.5000              17.5000    1.8629940900605552e+45    1.7158810174404154e+43
          12391.1000              17.5000    1.8459140573250872e+45    1.7001497254817293e+43
          12492.4000              17.5000    1.8459140573250872e+45    1.7001497254817293e+43
          12594.3000              17.5000    1.8122223282731519e+45    1.6691184953595326e+43
          12695.3000              17.5000    1.8289906152733092e+45    1.6845626588767805e+43
          12820.8000              17.5000    1.7956077738545320e+45    1.6538159247865824e+43
          12919.4000              17.5000    1.7956077738545320e+45    1.6538159247865824e+43
          13021.5000              17.5000    1.7791455425887069e+45    1.6386536490260482e+43
          13124.3000              17.5000    1.7791455425887069e+45    1.6386536490260482e+43
          13248.2000              17.5000    1.7791455425887069e+45    1.6386536490260482e+43
          13350.1000              17.5000    1.7466724762901750e+45    1.6087448488119132e+43
          13452.2000              17.5000    1.7628342379685105e+45    1.6236303818472600e+43
          13553.7000              17.5000    1.7466724762901750e+45    1.6087448488119132e+43
          13676.6000              17.5000    1.7466724762901750e+45    1.6087448488119132e+43
          13778.3000              17.5000    1.7306588865357486e+45    1.5939957871657729e+43
          13879.7000              17.5000    1.7306588865357486e+45    1.5939957871657729e+43
          13981.8000              17.5000    1.6990708014593321e+45    1.5649020848029520e+43
          14102.5000              17.5000    1.6990708014593321e+45    1.5649020848029520e+43
          14203.5000              17.5000    1.6990708014593321e+45    1.5649020848029520e+43
          14306.4000              17.5000    1.6990708014593321e+45    1.5649020848029520e+43
          14407.6000              17.5000    1.6680592639201606e+45    1.5363394023612829e+43
          14529.6000              17.5000    1.6680592639201606e+45    1.5363394023612829e+43
          14631.5000              17.5000    1.6680592639201606e+45    1.5363394023612829e+43
          14730.6000              17.5000    1.6527664044395613e+45    1.5222541578480864e+43
          14831.8000              17.5000    1.6527664044395613e+45    1.5222541578480864e+43
          14955.5000              17.5000    1.6376137507395480e+45    1.5082980476347380e+43
          15057.9000              17.5000    1.6226000174056974e+45    1.4944698878107691e+43
          15159.6000              17.5000    1.6077239308084849e+45    1.4807685053200029e+43
          15264.3000              17.5000    1.6077239308084849e+45    1.4807685053200029e+43
          15389.2000              17.5000    1.6077239308084849e+45    1.4807685053200029e+43
          15488.6000              17.5000    1.5783796615819806e+45    1.4537414337876488e+43
          15590.3000              17.5000    1.5639089896498349e+45    1.4404134520133377e+43
          15691.5000              17.5000    1.5929842289949860e+45    1.4671927378608085e+43
          15813.7000              17.5000    1.5783796615819806e+45    1.4537414337876488e+43
          15916.2000              17.5000    1.5639089896498349e+45    1.4404134520133377e+43
          16017.6000              17.5000    1.5783796615819806e+45    1.4537414337876488e+43
          16119.7000              17.5000    1.5495709856373438e+45    1.4272076619121901e+43
          16239.5000              17.5000    1.5495709856373438e+45    1.4272076619121901e+43
          16338.8000              17.5000    1.5353644332377548e+45    1.4141229432242553e+43
          16442.4000              17.5000    1.5212881272953432e+45    1.4011581859600588e+43
          16544.4000              17.5000    1.5073408737034444e+45    1.3883122903066865e+43
          16946.4000              57.5000    1.4935214893029797e+45    1.3755841665343244e+43
          17127.3000              57.5000    1.4798288017821011e+45    1.3629727349038276e+43
          17327.9000              57.5000    1.4662616495768543e+45    1.3504769255752264e+43
          17538.3000              57.5000    1.4528188817725301e+45    1.3380956785168689e+43
          17736.0000              57.5000    1.4263019483692550e+45    1.3136726795872630e+43
          17933.9000              57.5000    1.4263019483692550e+45    1.3136726795872630e+43
          18131.2000              57.5000    1.4132255333131165e+45    1.3016288558893195e+43
          18315.8000              57.5000    1.4002690035525612e+45    1.2896954506323464e+43
          18520.9000              57.5000    1.3874312599726224e+45    1.2778714514940191e+43
          18712.8000              57.5000    1.3621077851858700e+45    1.2545476686038618e+43
          18906.1000              57.5000    1.3747112135350334e+45    1.2661558554329980e+43
          19102.0000              57.5000    1.3496199057640549e+45    1.2430459062728381e+43
          19318.2000              57.5000    1.3496199057640549e+45    1.2430459062728381e+43
          19501.2000              57.5000    1.3372465159106710e+45    1.2316495927342801e+43
          19684.0000              57.5000    1.3372465159106710e+45    1.2316495927342801e+43
          19867.6000              57.5000    1.3249865659789982e+45    1.2203577612278029e+43
          20078.1000              57.5000    1.3128390159455675e+45    1.2091694538563637e+43
          20272.6000              57.5000    1.3008028353219450e+45    1.1980837215050137e+43
          20457.0000              57.5000    1.2888770030671655e+45    1.1870996237602431e+43
          20657.7000              57.5000    1.2770605075013402e+45    1.1762162288304129e+43
          20874.4000              57.5000    1.2653523462196329e+45    1.1654326134665237e+43
          21071.7000              57.5000    1.2422570627556558e+45    1.1441610706851101e+43
          21267.3000              57.5000    1.2537515260073528e+45    1.1547478628840120e+43
          21458.0000              57.5000    1.2308679813780216e+45    1.1336713387819174e+43
          92429.5000             350.5000    2.3670719762170268e+44    4.3603078427092028e+42
          93289.0000             339.5000    2.3453705295743711e+44    2.1601661497648813e+42
         108856.5000             343.0000    1.8976296715423455e+44    1.7477815678016265e+42
         179662.0000             847.5000    8.9993565271655290e+43    1.6577427826021612e+42
         189912.5000             857.0000    8.4374547585449177e+43    1.5542366487302111e+42
         277045.0000             854.0000    4.7666301258479422e+43    1.7560914860092236e+42
         363930.6000             848.5000    3.1492812737733468e+43    1.4502976646782091e+42
         533529.4000             853.5000    2.1787703093704572e+43    1.2040330031610670e+42
         959036.9000             854.5000    1.8289904897636187e+43    5.0536876298342397e+41
         960842.9000             854.5000    1.8122222039141411e+43    5.0073551424619409e+41
        3985512.9000            1961.0000    1.0524741641530331e+43    4.8468227818102136e+41
        4244342.3000             850.0000    8.4374544690457934e+42    4.6627097862074999e+41
        4673684.0000             948.0000    7.9838329593685826e+42    8.8240585374806454e+41
       29225210.2000            2453.0000    7.1484427140790815e+42    3.2919796210813119e+41
