  3.109000E+002  3.065117E-010  5.646154E-013  5.646154E-013     R
  3.481000E+002  2.496017E-010  4.597833E-013  4.597833E-013     R
  3.829000E+002  2.493716E-010  4.593594E-013  4.593594E-013     R
  7.549000E+002  1.164253E-010  2.144633E-013  2.144633E-013     R
  1.047100E+003  7.530902E-011  1.387243E-013  1.387243E-013     R
  1.477900E+003  4.274124E-011  7.873228E-014  7.873228E-014     R
  2.073100E+003  3.496612E-011  6.440998E-014  6.440998E-014     R
  2.731900E+003  2.659787E-011  4.899509E-014  4.899509E-014     R
  3.328900E+003  2.220481E-011  4.090278E-014  4.090278E-014     R
  4.279300E+003  1.794928E-011  1.157233E-013  1.157233E-013     R
  4.699900E+003  1.689068E-011  1.088982E-013  1.088982E-013     R
  4.972900E+003  1.586526E-011  7.306224E-014  7.306224E-014     R
  5.373100E+003  1.463010E-011  6.737408E-014  6.737408E-014     R
  5.968900E+003  1.349109E-011  3.727726E-014  3.727726E-014     R
  6.625300E+003  1.249819E-011  5.755631E-014  5.755631E-014     R
  7.207900E+003  1.148279E-011  4.230416E-014  4.230416E-014     R
  7.786900E+003  1.043391E-011  2.594696E-013  2.594696E-013     R
  8.191300E+003  1.046279E-011  1.252756E-013  1.252756E-013     R
  8.466100E+003  1.041471E-011  7.673839E-014  7.673839E-014     R
  8.860300E+003  9.818543E-012  5.425927E-014  5.425927E-014     R
  9.453100E+003  9.029157E-012  4.158080E-014  4.158080E-014     R
  1.010710E+004  8.622778E-012  5.559311E-014  5.559311E-014     R
  1.068490E+004  8.211964E-012  4.538099E-014  4.538099E-014     R
  1.156330E+004  7.900364E-012  1.164241E-013  1.164241E-013     R
  1.196890E+004  7.600588E-012  1.190068E-013  1.190068E-013     R
  1.224190E+004  7.271882E-012  7.367416E-014  7.367416E-014     R
  1.263310E+004  7.080229E-012  5.869019E-014  5.869019E-014     R
  1.323130E+004  6.880930E-012  5.070057E-014  5.070057E-014     R
  1.388890E+004  6.541048E-012  6.024528E-014  6.024528E-014     R
  1.449310E+004  6.229413E-012  4.590001E-014  4.590001E-014     R
  1.538410E+004  5.889079E-012  2.223857E-013  2.223857E-013     R
  1.579330E+004  5.541755E-012  1.276036E-013  1.276036E-013     R
  1.606030E+004  5.949043E-012  9.314762E-014  9.314762E-014     R
  1.646890E+004  5.998564E-012  7.182346E-014  7.182346E-014     R
  1.703590E+004  5.475798E-012  5.547735E-014  5.547735E-014     R
  1.767130E+004  5.124451E-012  7.079690E-014  7.079690E-014     R
  1.392091E+005  4.980200E-013  4.586933E-015  4.586933E-015     R
  1.446181E+005  4.808915E-013  5.315009E-015  5.315009E-015     R
  1.496641E+005  4.389825E-013  4.851814E-015  4.851814E-015     R
  2.211055E+005  2.863169E-013  2.900783E-015  2.900783E-015     R
  3.929437E+005  1.540448E-013  6.810265E-015  6.810265E-015     R
  4.885969E+005  1.283651E-013  2.364572E-015  2.364572E-015     R
  5.772763E+005  1.101659E-013  2.130798E-015  2.130798E-015     R
  7.389145E+005  1.115956E-013  2.672368E-015  2.672368E-015     R
  8.287933E+005  1.012154E-013  1.025452E-014  1.025452E-014     R
  9.197167E+005  7.951472E-014  2.123837E-015  2.123837E-015     R
  1.259841E+006  7.165512E-014  1.847911E-015  1.847911E-015     R
  1.435036E+006  9.290666E-014  1.882544E-015  1.882544E-015     R
  1.610175E+006  7.021787E-014  2.134211E-015  2.134211E-015     R
  8.802700E+003  9.376636E-012  2.072688E-013  2.072688E-013     R
  9.330700E+003  9.454687E-012  1.044971E-013  1.044971E-013     R
  9.988900E+003  8.897081E-012  1.229177E-013  1.229177E-013     R
  1.097890E+004  8.418746E-012  1.240632E-013  1.240632E-013     R
  1.229710E+004  7.373054E-012  1.426075E-013  1.426075E-013     R
  1.361410E+004  6.774028E-012  1.060649E-013  1.060649E-013     R
  1.533130E+004  6.065228E-012  7.820795E-014  7.820795E-014     R
  1.731010E+004  5.440607E-012  7.015379E-014  7.015379E-014     R
  1.921990E+004  4.866839E-012  6.723787E-014  6.723787E-014     R
  2.166010E+004  4.467319E-012  6.583286E-014  6.583286E-014     R
  2.416210E+004  3.926877E-012  6.510217E-014  6.510217E-014     R
  2.614570E+004  3.926877E-012  6.510217E-014  6.510217E-014     R
  2.813050E+004  3.715759E-012  7.186915E-014  7.186915E-014     R
  3.010630E+004  3.317776E-012  7.028305E-014  7.028305E-014     R
  3.209170E+004  3.127858E-012  7.490247E-014  7.490247E-014     R
  3.473350E+004  3.122101E-012  3.910764E-013  3.910764E-013     R
  1.241650E+004  6.475109E-012  1.490949E-013  1.490949E-013     R
  1.447510E+004  6.048489E-012  1.504133E-013  1.504133E-013     R
  1.652530E+004  5.608506E-012  2.169563E-013  2.169563E-013     R
  1.857610E+004  4.808915E-012  1.151585E-013  1.151585E-013     R
  2.077030E+004  4.773611E-012  1.934530E-013  1.934530E-013     R
  2.542150E+004  3.869427E-012  1.425550E-013  1.425550E-013     R
  2.816590E+004  3.496612E-012  8.502117E-013  8.502117E-013     R
  3.021670E+004  2.987085E-012  1.568188E-013  1.568188E-013     R
  3.226990E+004  2.831702E-012  1.877828E-013  1.877828E-013     R
  3.495010E+004  2.721743E-012  1.604363E-013  1.604363E-013     R
  1.101721E+005  7.218498E-013  2.326969E-014  2.326969E-014     R
  1.123615E+005  6.445361E-013  2.315195E-014  2.315195E-014     R
  1.168075E+005  6.523003E-013  2.463242E-014  2.463242E-014     R
  2.000047E+005  3.470939E-013  1.886143E-014  1.886143E-014     R
  2.021203E+005  3.048226E-013  1.881038E-014  1.881038E-014     R
  2.050129E+005  3.023062E-013  1.754136E-014  1.754136E-014     R
  4.558801E+005  1.314762E-013  2.736725E-014  2.736725E-014     R
