71.00352000000001	1.948812373408711e-12	8.77860318741136e-13	9.204484488565212e-13	0.25773	1.452
90.99647999999999	5.269507517157285e-12	5.513761544959402e-13	5.618548311780618e-13	0.25773	1.452
91.99872	4.396052075144489e-12	2.563472556875517e-12	2.8326916510034184e-12	0.25773	1.452
94.46112000000001	5.583699380780296e-12	9.393805271188196e-13	1.1293837983271261e-12	0.25773	1.452
100.45728000000001	7.636986596554905e-12	1.284817825143832e-12	1.5446907761329424e-12	0.25773	1.452
106.46208	9.01409287410943e-12	1.5164969920704574e-12	1.823230398770595e-12	0.25773	1.452
106.99776	6.0126071419955555e-12	1.1924318924896313e-12	1.1498630633149588e-12	0.25773	1.452
108.	8.42888305591428e-12	5.262825418677491e-13	4.789081406902593e-13	0.25773	1.452
112.45824	8.220950408148664e-12	1.9847217831000743e-12	2.6163728647313594e-12	0.25773	1.452
118.90368	1.1003276549565375e-11	6.870225049943778e-13	7.327755390249203e-13	0.25773	1.452
121.84127999999998	8.960619342574945e-12	1.0622392683014943e-12	1.06561909207517e-12	0.25773	1.452
124.00128	1.1777763473982063e-11	1.2323690424015435e-12	1.1362973745708819e-12	0.25773	1.452
125.00352	1.0227512721919566e-11	5.498601160978633e-13	5.811017983104745e-13	0.25773	1.452
131.85504	1.0212640124111796e-11	1.1106150326748226e-12	1.1097477457987718e-12	0.25773	1.452
135.70847999999998	1.0732429105885703e-11	3.8820243964638177e-13	4.027710622230189e-13	0.25773	1.452
135.70847999999998	1.0353567718435473e-11	3.7449865335112954e-13	3.8855299453739916e-13	0.25773	1.452
135.70847999999998	9.821323773278378e-12	4.420323848814443e-13	4.628647293724022e-13	0.25773	1.452
135.70847999999998	8.670298077040959e-12	6.15882600107191e-13	6.629761946952843e-13	0.25773	1.452
141.86015999999998	1.099355183292663e-11	1.1412427390529745e-12	1.1386053510706264e-12	0.25773	1.452
142.60320000000002	9.266634387410207e-12	2.5254151330076184e-13	2.5961679162670625e-13	0.25773	1.452
145.99872000000002	1.0808614520230016e-11	3.9095814046882843e-13	3.028173667328823e-13	0.25773	1.452
145.99872000000002	9.100449172195248e-12	6.46437786626565e-13	6.958677900793672e-13	0.25773	1.452
151.86528	9.708184657867149e-12	1.0955102726656042e-12	1.094657445228534e-12	0.25773	1.452
161.8704	1.0822760013087435e-11	1.141363035157605e-12	1.1429377339423936e-12	0.25773	1.452
171.87552	1.0703801051379784e-11	1.146439216768516e-12	1.1521945193087762e-12	0.25773	1.452
172.99872	1.0417656379761188e-11	2.839100580861143e-13	2.9186416691453697e-13	0.25773	1.452
172.99872	8.771277040176519e-12	6.230555007179248e-13	6.706975726835635e-13	0.25773	1.452
181.88064	9.592637396921187e-12	1.113766386123653e-12	1.1111636544585972e-12	0.25773	1.452
183.09887999999998	1.0254678010533438e-11	2.794684450603355e-13	2.872981163340862e-13	0.25773	1.452
191.87712000000002	1.0763116184772716e-11	1.161639572318148e-12	1.1585794073760729e-12	0.25773	1.452
199.99872000000002	1.0133746321675073e-11	2.761727208056027e-13	2.839100580861143e-13	0.25773	1.452
199.99872000000002	8.934347255360624e-12	6.346389673110235e-13	5.949928729312096e-13	0.25773	1.452
201.88223999999997	9.619179485932646e-12	1.13249554890396e-12	1.1340280662819661e-12	0.25773	1.452
211.88736	9.779981390049219e-12	1.13551821865461e-12	1.1328646556985502e-12	0.25773	1.452
216.864	1.1311547625746046e-11	7.062703323138956e-13	7.533051969860328e-13	0.25773	1.452
223.69824000000003	9.883756294470665e-12	2.6935979853623283e-13	2.7690626295528956e-13	0.25773	1.452
226.72224	8.255398238817208e-12	7.678776709402896e-13	7.714892280051423e-13	0.25773	1.452
228.00096	9.269639154222297e-12	6.584559623705849e-13	6.173220128753438e-13	0.25773	1.452
228.00096	8.506874550584342e-12	3.0770195840301725e-13	3.1924952544599793e-13	0.25773	1.452
237.74688	9.442565985218588e-12	3.4154683118042326e-13	3.5436454268230397e-13	0.25773	1.452
237.74688	9.261856083809205e-12	3.3501037760563026e-13	3.4758278635978233e-13	0.25773	1.452
237.74688	8.995680628542267e-12	5.616722447819243e-13	5.99077437687093e-13	0.25773	1.452
237.74688	8.713046431635273e-12	3.921516877630682e-13	4.106332274230322e-13	0.25773	1.452
246.62879999999996	8.370242268127305e-12	7.715644945561283e-13	7.737958622404291e-13	0.25773	1.452
264.00384	9.703357411407379e-12	2.6444342814520215e-13	2.7185215406570477e-13	0.25773	1.452
264.99744	8.532235389810351e-12	3.840138503517582e-13	4.02111865550272e-13	0.25773	1.452
264.99744	7.975722376312559e-12	2.173605771386899e-13	2.2345021586875115e-13	0.25773	1.452
304.30080000000004	9.975209565473103e-12	2.7185215406570477e-13	2.794684450603355e-13	0.25773	1.452
313.00128	7.409177997882964e-12	2.0192066997293067e-13	2.0757773966079028e-13	0.25773	1.452
313.00128	7.0317403910055235e-12	4.3904775783261785e-13	3.995259744540115e-13	0.25773	1.452
313.2	8.660082481186239e-12	6.151569494224325e-13	6.621950569758977e-13	0.25773	1.452
333.72	7.882972806223305e-12	1.2959369367082657e-12	1.2938010266363048e-12	0.25773	1.452
339.96671999999995	7.801354775483838e-12	4.194229779225378e-13	4.4325354683507176e-13	0.25773	1.452
339.96671999999995	7.703676343679359e-12	3.4672255035685373e-13	3.6306308073168136e-13	0.25773	1.452
339.96671999999995	7.639941416361648e-12	3.4385400609817443e-13	3.6005934614706517e-13	0.25773	1.452
339.96671999999995	6.281075711577499e-12	4.996622627067391e-13	5.428458853590953e-13	0.25773	1.452
360.00288	7.363136105904487e-12	3.9586309830344576e-13	3.470139137724403e-13	0.25773	1.452
360.00288	7.273945258890527e-12	1.9823520239914253e-13	2.0378901892871794e-13	0.25773	1.452
363.74399999999997	7.625881078214123e-12	1.3237123208464333e-12	1.3172588998824991e-12	0.25773	1.452
374.69952	8.220950408148664e-12	6.539801255641604e-13	7.105007657492274e-13	0.25773	1.452
393.768	7.472914758162085e-12	1.3368486717635902e-12	1.331287852362317e-12	0.25773	1.452
406.99584	6.3353414758272985e-12	2.291554868562163e-13	2.3775532925394903e-13	0.25773	1.452
406.99584	6.29597258659827e-12	3.9310789275686544e-13	3.577214804480017e-13	0.25773	1.452
410.1408	6.6914775985400374e-12	5.323099085679274e-13	5.783151243734391e-13	0.25773	1.452
441.66816	7.156456377909886e-12	3.220935948201328e-13	3.372733982805001e-13	0.25773	1.452
441.66816	6.472767810369722e-12	2.9132254042844006e-13	3.050521487733323e-13	0.25773	1.452
441.66816	6.254174988210106e-12	3.904981345982023e-13	4.1650379571009373e-13	0.25773	1.452
441.66816	5.470588250541488e-12	4.813524683945783e-13	5.277924862543448e-13	0.25773	1.452
468.62496	6.302168757367704e-12	1.1559288487743617e-12	1.1569930539167742e-12	0.25773	1.452
469.29888000000005	4.863198857919966e-12	8.876338265990238e-14	9.041361715191723e-14	0.25773	1.452
473.99904000000004	5.8853192798163554e-12	1.0741918284078165e-13	1.0941625455344143e-13	0.25773	1.452
473.99904000000004	5.43328927956324e-12	1.9652737817520507e-13	2.039027393429999e-13	0.25773	1.452
508.66272	5.433629578836161e-12	1.1531736654654909e-12	1.1534062906788772e-12	0.25773	1.452
546.37632	5.237089891703984e-12	3.26993382386752e-13	3.4876987332168256e-13	0.25773	1.452
546.37632	5.136863533796242e-12	2.7617236525342094e-13	2.9186379116077317e-13	0.25773	1.452
546.37632	4.7881751500029076e-12	3.8090138370354993e-13	4.1382102332673275e-13	0.25773	1.452
546.37632	3.963090851455986e-12	4.794447567796933e-13	5.454294373575667e-13	0.25773	1.452
552.73536	5.464142645308722e-12	3.881377952461052e-13	4.1781683467742193e-13	0.25773	1.452
561.99744	4.632015760190861e-12	1.2623528897405724e-13	1.2977193446403477e-13	0.25773	1.452
561.99744	4.561028945378138e-12	2.0528011791285122e-13	2.1495467181380265e-13	0.25773	1.452
584.28864	4.597968888865358e-12	9.254331701623003e-13	9.24916469035263e-13	0.25773	1.452
608.7744	4.693945343906196e-12	7.644386911107771e-13	7.653680817914438e-13	0.25773	1.452
648.27648	4.247858371015831e-12	4.793452788833533e-13	5.403167789870579e-13	0.25773	1.452
648.27648	3.829041103540719e-12	2.7199062475263e-13	2.9278844597966087e-13	0.25773	1.452
648.27648	3.5867245746189057e-12	2.5477800616037643e-13	2.742596608296063e-13	0.25773	1.452
648.27648	3.4200623876580517e-12	4.413125726296215e-13	5.066946284768129e-13	0.25773	1.452
649.9958399999999	4.561028945378138e-12	2.0528011791285122e-13	2.1495467181380265e-13	0.25773	1.452
649.9958399999999	4.034317075228979e-12	1.4592518762152024e-13	1.1302662991634192e-13	0.25773	1.452
661.65984	4.1718629059932366e-12	3.6707871542056845e-13	4.024938077268928e-13	0.25773	1.452
661.65984	4.0742720852184264e-12	3.5849178101401663e-13	3.930784213784163e-13	0.25773	1.452
661.65984	4.016483880989547e-12	3.5340704542878806e-13	3.875031196760598e-13	0.25773	1.452
661.65984	3.940234128854358e-12	3.4669789373910057e-13	3.801466811336826e-13	0.25773	1.452
661.65984	3.793866357450971e-12	3.338191163879706e-13	3.660253825751865e-13	0.25773	1.452
661.65984	3.047796937894003e-12	2.681730943789278e-13	2.940459507787366e-13	0.25773	1.452
738.99648	3.690309815739358e-12	1.9840153113382537e-13	2.0967421195701728e-13	0.25773	1.452
738.99648	3.38664775758669e-12	1.2249835603360144e-13	1.2709552527584605e-13	0.25773	1.452
749.6496	3.838574981415332e-12	2.3967291810409634e-13	2.5563420481377464e-13	0.25773	1.452
749.6496	3.524439243979349e-12	1.894838583501218e-13	2.0024985921776869e-13	0.25773	1.452
749.6496	3.5158798751218154e-12	2.796897497303507e-13	3.0386211077008916e-13	0.25773	1.452
749.6496	2.9288560585524444e-12	1.8287189429898872e-13	1.9505045314133684e-13	0.25773	1.452
753.6758399999999	3.5676811057774933e-12	2.2275884817319983e-13	2.375937234312625e-13	0.25773	1.452
753.6758399999999	3.206520555984404e-12	3.6183656701953264e-13	4.078612578956961e-13	0.25773	1.452
783.5961599999999	3.1836258940770595e-12	5.810772122174079e-14	5.918802441592164e-14	0.25773	1.452
827.0035200000001	3.117238478149503e-12	1.1275355935158989e-13	1.1698502181190331e-13	0.25773	1.452
827.0035200000001	3.0413249753574097e-12	1.898942277475166e-13	2.0254044675950962e-13	0.25773	1.452
871.4736	3.041515460462217e-12	1.6352050490427025e-13	1.7281133269829002e-13	0.25773	1.452
871.4736	2.978749815028418e-12	2.6209769599309526e-13	2.873844089157947e-13	0.25773	1.452
871.4736	2.9659923625737286e-12	2.1068515429671975e-13	2.2679523962865856e-13	0.25773	1.452
871.4736	2.622394518194317e-12	1.1802719569549162e-13	1.2358964605913893e-13	0.25773	1.452
884.20032	3.0403391255094607e-12	2.15966273499266e-13	2.324801807392194e-13	0.25773	1.452
954.00288	2.7993862711299496e-12	1.5050295236956875e-13	1.3193101039197934e-13	0.25773	1.452
954.00288	2.6654468587889563e-12	7.264082677696965e-14	7.467595383610642e-14	0.25773	1.452
954.85824	2.5605309424550303e-12	1.5987441325107924e-13	1.7052142905755858e-13	0.25773	1.452
992.84832	2.698298726455454e-12	9.760009949008551e-14	1.0126287660763444e-13	0.25773	1.452
992.84832	2.5236785031583064e-12	1.57573420901501e-13	1.680671995425288e-13	0.25773	1.452
992.84832	2.4219770768619243e-12	1.3021236275907162e-13	1.3761070487987229e-13	0.25773	1.452
992.84832	2.3264730627514815e-12	8.415080219225241e-14	8.730884848833824e-14	0.25773	1.452
1097.40096	2.3709479962742272e-12	1.684170029322244e-13	1.8129504504033777e-13	0.25773	1.452
1120.9968	2.1630314218855737e-12	1.3505534093879685e-13	1.4404950279674656e-13	0.25773	1.452
1120.9968	2.0595390383905478e-12	7.449553790313054e-14	7.729123742615078e-14	0.25773	1.452
1144.7049599999998	2.3444125004731747e-12	1.4638041146742628e-13	1.5612877909524574e-13	0.25773	1.452
1144.7049599999998	1.972831657825117e-12	8.879205113375418e-14	9.297669158214473e-14	0.25773	1.452
1144.7049599999998	1.865082419470206e-12	8.394253655723945e-14	8.789862642489182e-14	0.25773	1.452
1144.7049599999998	1.7871871302921333e-12	2.5902290548343046e-13	3.0292713022307013e-13	0.25773	1.452
1287.99936	1.5913658292110482e-12	8.555634428386152e-14	9.041744266349637e-14	0.25773	1.452
1289.0016	1.7826366387466685e-12	1.568527015767251e-13	1.5406548318630838e-13	0.25773	1.452
1295.2137599999999	1.7325988762620226e-12	6.266979302240882e-14	6.502169107417897e-14	0.25773	1.452
1295.2137599999999	1.6983767205920902e-12	1.0604323391757702e-13	1.1310530197920049e-13	0.25773	1.452
1295.2137599999999	1.6149907097317579e-12	1.2847320257381265e-13	1.3957657922433274e-13	0.25773	1.452
1295.2137599999999	1.5527088500684626e-12	5.6162995134678147e-14	5.827070336967424e-14	0.25773	1.452
1350.5011200000001	1.8489366379794312e-12	1.3133665001063226e-13	1.4137933501112198e-13	0.25773	1.452
1456.0041600000002	1.4691387992097922e-12	1.6578348097259323e-13	1.716883315160897e-13	0.25773	1.452
1456.0041600000002	1.464771995999941e-12	9.145742374141034e-14	8.32246963786324e-14	0.25773	1.452
1509.5116799999998	1.5923334866745133e-12	9.942210721267058e-14	1.0604323391757702e-13	0.25773	1.452
1509.5116799999998	1.3264718208044611e-12	7.131489045473298e-14	7.536682490021297e-14	0.25773	1.452
1509.5116799999998	1.2947026245668464e-12	1.977950678740338e-13	2.334616002418566e-13	0.25773	1.452
1509.5116799999998	1.1887486271334896e-12	6.391050061721048e-14	6.754173607487836e-14	0.25773	1.452
1552.19328	1.571759262590713e-12	1.2503412244000937e-13	1.358402744452997e-13	0.25773	1.452
1622.9980800000003	1.1777763473982086e-12	1.706989975150947e-13	1.74491831180414e-13	0.25773	1.452
1622.9980800000003	1.0227512721919543e-12	8.999102598784757e-14	8.83919165043356e-14	0.25773	1.452
1721.1571199999998	1.3002714545423722e-12	1.1440979389465618e-13	1.2544784443072638e-13	0.25773	1.452
1721.1571199999998	1.0164593810492138e-12	7.220278252735323e-14	7.772378371797817e-14	0.25773	1.452
1751.99328	9.469564977191907e-13	8.3321907400779e-14	9.136065472601784e-14	0.25773	1.452
1824.05952	1.1767874506256147e-12	9.361394565276027e-14	1.0170458928505706e-13	0.25773	1.452
1932.8716800000002	1.207908474959317e-12	1.1638261725762135e-13	1.2879177229885346e-13	0.25773	1.452
1952.65728	1.0520443016889421e-12	8.369057473399016e-14	9.092358484624841e-14	0.25773	1.452
2034.00288	1.0639519830992568e-12	7.557635365219025e-14	8.135531567956888e-14	0.25773	1.452
2142.7459200000003	8.845003892835314e-13	9.981055128072908e-14	1.12506199503113e-13	0.25773	1.452
2142.7459200000003	8.831490953136072e-13	7.025488873799594e-14	7.632671130932676e-14	0.25773	1.452
2348.49888	6.315184285756533e-13	1.1106002125334172e-13	1.3475899152120846e-13	0.25773	1.452
2548.1952	8.323960839544857e-13	8.709795940017914e-14	9.727650981074178e-14	0.25773	1.452
3367.6646400000004	4.5330032286426503e-13	8.314327028214724e-14	1.0181859564739079e-13	0.25773	1.452
4387.54752	3.173145806018752e-13	1.650180435465812e-13	1.6517732108040843e-13	0.25773	1.452
4592.62656	2.621597585489435e-13	1.5827160477028734e-13	1.5834026880586182e-13	0.25773	1.452
4762.584	2.6444662480452443e-13	1.535960298512946e-13	1.5351655867339311e-13	0.25773	1.452
9391.21344	1.4058469026130763e-13	3.3940296836656235e-14	4.4742025013526486e-14	0.25773	1.452
85545.99648	3.55682770657402e-14	3.4523405698309764e-14	6.239489255700634e-14	0.25773	1.452
85631.99904000001	3.386647757586683e-14	1.5595153176516333e-14	1.6456928532827435e-14	0.25773	1.452