# t1(s) t2(s) dt(s) mag dmag(magnitude is an UL if dmag=999.0) band (01234567=griZYJHz)
2633.8 2713.8 80.0 19.846432 0.118396 1
585.5 22681.2 17040.0 21.431755 0.041875 1
2065.8 2145.8 80.0 20.190765 0.143289 2
2165.0 2245.0 80.0 20.332758 0.154817 2
2253.1 2333.1 80.0 20.296627 0.144225 2
2350.1 2430.1 80.0 20.469175 0.160424 2
2438.5 2518.5 80.0 20.303697 0.131087 2
2536.8 2616.8 80.0 20.260016 0.118558 2
2633.7 2713.7 80.0 20.096566 0.097766 2
2720.9 2800.9 80.0 20.611985 0.151344 2
2809.2 2889.2 80.0 20.742543 0.168906 2
2911.1 2991.1 80.0 20.310896 0.109895 2
3011.1 3091.1 80.0 20.512889 0.12647 2
3098.2 3178.3 80.0 20.183124 0.091942 2
3195.2 3275.2 80.0 20.40464 0.117605 2
3283.1 3363.1 80.0 20.532592 0.127947 2
3373.3 3453.3 80.0 20.315523 0.102855 2
3460.9 3540.9 80.0 20.64113 0.142062 2
3656.8 3736.8 80.0 20.571201 0.151627 2
3754.0 3834.0 80.0 20.451798 0.125598 2
3849.6 3929.6 80.0 20.309672 0.108511 2
3938.0 4018.0 80.0 20.630535 0.136408 2
4025.8 4105.8 80.0 20.575281 0.12933 2
4121.6 4201.6 80.0 20.456961 0.1137 2
4211.4 4291.4 80.0 20.600905 0.132887 2
4301.1 4381.1 80.0 20.612054 0.136914 2
4389.2 4469.2 80.0 20.418273 0.119413 2
4484.9 4564.9 80.0 20.429761 0.115726 2
4580.7 4660.7 80.0 20.533777 0.131723 2
4672.1 4752.1 80.0 20.594605 0.14122 2
4847.8 4927.8 80.0 20.649752 0.142209 2
4943.7 5023.7 80.0 20.847958 0.156722 2
5055.4 5135.4 80.0 20.578429 0.124225 2
5242.0 5322.0 80.0 20.596548 0.142225 2
5983.5 6063.5 80.0 20.651916 0.164424 2
6259.6 6339.6 80.0 20.671167 0.12196 2
6445.5 6525.5 80.0 20.971756 0.170796 2
6553.4 6633.4 80.0 20.904428 0.155798 2
6643.8 6723.8 80.0 20.892381 0.148601 2
6823.9 6903.9 80.0 20.658295 0.123354 2
7001.6 7081.6 80.0 21.11107 0.184893 2
7468.2 7548.2 80.0 20.935744 0.149413 2
7645.8 7725.8 80.0 21.188789 0.184894 2
8478.7 8558.7 80.0 20.835846 0.133123 2
8658.3 8738.3 80.0 20.914414 0.139815 2
8745.3 8825.3 80.0 21.045971 0.162794 2
10162.8 10242.8 80.0 21.233666 0.214271 2
11090.2 11170.2 80.0 20.783258 0.142512 2
13291.5 13371.5 80.0 21.230719 0.187323 2
13658.5 13738.5 80.0 20.949909 0.149679 2
585.5 22681.2 16800.0 21.060696 0.018561 2
585.5 22681.2 50640.0 20.363024 0.261581 7
