0.0002856	11.660012	0.0700027	0.0700027	0.46	1.6004
0.0005773	8.8200009	0.0200002	0.0200002	0.46	1.6004
0.00087		9.9300025	0.0300005	0.0300005	0.46	1.6004
0.0018475	11.820014	0.1300039	0.1300039	0.46	1.6004
0.003691	13.030043	0.0400083	0.0400083	0.46	1.6004
0.0056038	13.770085	0.0700189	0.0700189	0.46	1.6004
0.0075167	14.240131	0.1200353	0.1200353	0.46	1.6004
0.3484		19.071116	0.1533424	0.1533424	0.46	1.6004
0.5194		19.394952	0.1747955	0.1747955	0.46	1.6004
0.5504		19.669211	0.0641384	0.0641384	0.46	1.6004
0.5624		19.557346	0.1450638	0.1450638	0.46	1.6004
0.5924		19.587836	0.0333323	0.0333323	0.46	1.6004
0.629398	19.659034	0.4105768	0.4105768	0.46	1.6004
0.64478	19.648858	0.4104779	0.4104779	0.46	1.6004
0.649595	20.006118	0.4145751	0.4145751	0.46	1.6004
0.654248	19.771083	0.41173	0.41173	0.46	1.6004
0.6544	19.924242	0.1368661	0.1368661	0.46	1.6004
0.6589	19.689572	0.4108794	0.4108794	0.46	1.6004
0.663553	19.415232	0.4084452	0.4084452	0.46	1.6004
0.668206	20.397252	0.4209287	0.4209287	0.46	1.6004
0.672859	19.903794	0.41326	0.41326	0.46	1.6004
0.6734	20.067621	0.1173011	0.1173011	0.46	1.6004
0.677511	20.036859	0.4149952	0.4149952	0.46	1.6004
0.686817	20.242373	0.4181339	0.4181339	0.46	1.6004
0.6884	19.873139	0.0445536	0.0445536	0.46	1.6004
0.6914	19.862925	0.044511	0.044511	0.46	1.6004
0.69147	20.139485	0.4164877	0.4164877	0.46	1.6004
0.7024	20.129211	0.1485788	0.1485788	0.46	1.6004
0.705428	19.628511	0.4102829	0.4102829	0.46	1.6004
0.7084	20.006118	0.0963955	0.0963955	0.46	1.6004
0.710092	19.80168	0.4120662	0.4120662	0.46	1.6004
0.714734	20.211478	0.417623	0.417623	0.46	1.6004
0.719386	20.532084	0.4237123	0.4237123	0.46	1.6004
0.724039	20.314564	0.4193866	0.4193866	0.46	1.6004
0.728692	20.490533	0.4228169	0.4228169	0.46	1.6004
0.733345	20.139485	0.4164877	0.4164877	0.46	1.6004
0.7344	19.975398	0.07573	0.07573	0.46	1.6004
0.737998	19.965162	0.4140337	0.4140337	0.46	1.6004
0.74265	20.04711	0.415138	0.415138	0.46	1.6004
0.747303	20.438676	0.421747	0.421747	0.46	1.6004
0.751956	20.417957	0.4213338	0.4213338	0.46	1.6004
0.756609	20.016362	0.4147138	0.4147138	0.46	1.6004
0.7584	20.057364	0.0248763	0.0248763	0.46	1.6004
0.761261	20.098405	0.4158732	0.4158732	0.46	1.6004
0.7624	20.036859	0.1581404	0.1581404	0.46	1.6004
0.770567	20.221773	0.4177916	0.4177916	0.46	1.6004
0.77522	20.04711	0.415138	0.415138	0.46	1.6004
0.7904	20.108671	0.0662045	0.0662045	0.46	1.6004
0.793437	20.355882	0.4201423	0.4201423	0.46	1.6004
0.8024	20.129211	0.056044	0.056044	0.46	1.6004
0.8084	20.129211	0.1074454	0.1074454	0.46	1.6004
0.8144	20.149762	0.066444	0.066444	0.46	1.6004
1.0324	20.397252	0.2650697	0.2650697	0.46	1.6004
1.0484	20.604945	0.0698033	0.0698033	0.46	1.6004
1.0491	20.397252	0.2650697	0.2650697	0.46	1.6004
1.059	20.604945	0.2682574	0.2682574	0.46	1.6004
1.0694	20.552882	0.0485195	0.0485195	0.46	1.6004
1.0705	20.919648	0.2744243	0.2744243	0.46	1.6004
1.1074	20.573695	0.0486845	0.0486845	0.46	1.6004
1.1454	20.584108	0.0591921	0.0591921	0.46	1.6004
1.3894	20.856357	0.3259664	0.3259664	0.46	1.6004
1.5184	20.845827	0.093327	0.093327	0.46	1.6004
1.5324	20.845827	0.0617007	0.0617007	0.46	1.6004
1.6714	20.835302	0.1670047	0.1670047	0.46	1.6004
1.6974	20.972542	0.1799272	0.1799272	0.46	1.6004
1.7364	21.174924	0.173271	0.173271	0.46	1.6004
1.8914	21.217839	0.1310976	0.1310976	0.46	1.6004
2.4884	21.456118	0.290154	0.290154	0.46	1.6004
2.5324	21.390728	0.1784099	0.1784099	0.46	1.6004
2.7304	22.016552	0.2591006	0.2591006	0.46	1.6004
2.7754	21.981972	0.1411965	0.1411965	0.46	1.6004
4.1164	22.748501	0.1179342	0.1179342	0.46	1.6004
7.1124	23.477264	0.5064621	0.5064621	0.46	1.6004
11.1114	24.595422	0.8836163	0.8836163	0.46	1.6004
11.1324	24.542863	1.1690081	1.1690081	0.46	1.6004
14.1924	24.30077	0.475395	0.475395	0.46	1.6004
15.1054	24.649622	0.8495228	0.8495228	0.46	1.6004
16.0424	24.734308	0.5131113	0.5131113	0.46	1.6004
16.1924	24.211951	0.4426183	0.4426183	0.46	1.6004
22.0924	25.242221	1.4231228	1.4231228	0.46	1.6004