  1.524528E+004  2.416835E-013  4.229377E-015  4.229377E-015   R
  3.736368E+004  1.129397E-013  1.144234E-015  1.144234E-015   R
  3.926448E+004  1.121107E-013  9.293199E-016  9.293199E-016   R
  4.125168E+004  1.053044E-013  8.244056E-015  8.244056E-015   R
  5.455728E+004  8.606897E-014  7.927246E-015  7.927246E-015   R
  5.930928E+004  8.121695E-014  1.196857E-015  1.196857E-015   R
  6.034608E+004  8.686549E-014  4.560346E-015  4.560346E-015   R
  9.101808E+004  6.026250E-014  4.884335E-015  4.884335E-015   R
  1.235909E+005  5.440602E-014  1.252745E-015  1.252745E-015   R
  1.368101E+005  5.326560E-014  1.962377E-015  1.962377E-015   R
  1.716293E+005  3.363935E-014  8.365406E-015  8.365406E-015   R
  1.786277E+005  4.389824E-014  4.973109E-015  4.973109E-015   R
  3.202373E+005  3.587959E-014  1.652316E-015  1.652316E-015   R
  6.673925E+005  3.183072E-014  1.465859E-015  1.465859E-015   R
  1.800269E+006  3.084942E-014  1.022881E-015  1.022881E-015   R
  2.638263E+006  2.903002E-014  8.021292E-016  8.021292E-016   R
  2.991466E+006  2.647570E-014  1.463101E-015  1.463101E-015   R
  4.102661E+005  2.577787E-014  9.734340E-016  9.734340E-016   R
