19.74036908	0.000228476	1.6918E-26	3.38134E-11	1.24786E-11	1.97772E-11
31.44994422	0.000364004	3.88105E-27	7.75692E-12	2.93507E-12	4.72166E-12
46.87403092	0.000542524	1.75529E-26	3.50823E-11	6.43472E-12	7.88006E-12
48.3500596	0.000559607	1.51433E-26	3.02664E-11	8.75476E-12	1.23177E-11
54.02540367	0.000625294	1.55411E-26	3.10616E-11	7.40405E-12	9.72129E-12
64.70292908	0.000748876	7.78313E-27	1.55559E-11	4.40366E-12	6.14252E-12
70.22523155	0.000812792	1.40159E-26	2.8013E-11	4.49721E-12	5.35727E-12
80.50965418	0.000931825	3.07856E-27	6.15302E-12	1.88439E-12	2.71626E-12
90.89472765	0.001052022	8.44925E-27	1.68872E-11	3.74439E-12	4.81116E-12
92.47009912	0.001070256	1.51477E-26	3.02753E-11	1.28537E-11	2.23371E-11
101.9142043	0.001179563	1.23694E-26	2.47223E-11	4.15918E-12	5.00044E-12
109.8879949	0.001271852	1.47349E-26	2.94502E-11	9.81261E-12	1.47158E-11
112.7534457	0.001305017	1.51477E-26	3.02753E-11	2.6639E-12	2.92091E-12
114.2753938	0.001322632	1.33018E-26	2.65858E-11	4.88737E-12	5.9882E-12
117.8609594	0.001364131	1.58616E-26	3.17021E-11	9.56668E-12	1.37013E-11
125.8333731	0.001456405	1.43334E-26	2.86476E-11	9.36844E-12	1.39209E-11
133.0098741	0.001539466	1.83071E-26	3.65898E-11	4.12894E-12	4.65413E-12
133.805236	0.001548672	1.67629E-26	3.35034E-11	9.89378E-12	1.40398E-11
136.8607669	0.001584037	1.55411E-26	3.10616E-11	4.81827E-12	5.70291E-12
141.7766859	0.001640934	1.96042E-26	3.91822E-11	1.0002E-11	1.34303E-11
148.1536255	0.001714741	1.76449E-26	3.52663E-11	1.58725E-12	1.66205E-12
152.3682932	0.001763522	1.88951E-26	3.77649E-11	1.30426E-11	1.99235E-11
159.3625625	0.001844474	2.03399E-26	4.06526E-11	6.83924E-12	8.22258E-12
161.6515774	0.001870967	1.97969E-26	3.95675E-11	5.25946E-12	6.06574E-12
164.8920937	0.001908473	1.84765E-26	3.69284E-11	1.0064E-12	1.0346E-12
169.3503337	0.001960073	1.80446E-26	3.60652E-11	5.78991E-12	6.89718E-12
180.0938123	0.002084419	2.09477E-26	4.18675E-11	3.68388E-12	4.0393E-12
180.0938123	0.002084419	1.88606E-26	3.7696E-11	3.31684E-12	3.63684E-12
181.6295981	0.002102194	2.00733E-26	4.01199E-11	1.09338E-12	1.12401E-12
184.4243455	0.002134541	1.75404E-26	3.50575E-11	4.65997E-12	5.37435E-12
195.8108328	0.002266329	2.201E-26	4.39906E-11	4.60297E-12	5.14089E-12
207.5064325	0.002401695	2.09411E-26	4.18543E-11	4.77064E-12	5.38436E-12
230.2606814	0.002665054	2.16778E-26	4.33268E-11	6.5623E-12	7.73364E-12
235.0259684	0.002720208	2.24192E-26	4.48085E-11	2.01671E-12	2.11176E-12
252.5582151	0.002923127	2.34758E-26	4.69202E-11	1.69715E-12	1.76084E-12
255.5099971	0.002957292	2.41514E-26	4.82706E-11	5.31673E-12	5.97482E-12
262.6959987	0.003040463	2.2927E-26	4.58235E-11	9.42461E-12	1.18649E-11
270.0901176	0.003126043	2.2836E-26	4.56415E-11	1.24386E-12	1.27871E-12
277.6888427	0.003213991	2.0405E-26	4.07828E-11	5.87656E-12	6.8659E-12
281.9778626	0.003263633	2.34758E-26	4.69202E-11	4.90951E-12	5.48325E-12
289.3549769	0.003349016	2.20978E-26	4.4166E-11	8.43148E-12	1.04209E-11
301.7928593	0.003492973	2.41514E-26	4.82706E-11	6.05295E-12	6.92079E-12
341.9281033	0.003957501	2.303E-26	4.60294E-11	2.7026E-12	2.87118E-12
344.7331085	0.003989967	2.22136E-26	4.43977E-11	4.27774E-12	4.73385E-12
348.7992784	0.004037029	2.33982E-26	4.67651E-11	1.27448E-12	1.31019E-12
356.1708163	0.004122347	2.12596E-26	4.24908E-11	3.73873E-12	4.09944E-12
395.5471171	0.004578092	2.33306E-26	4.66301E-11	3.67622E-12	3.99086E-12
402.138852	0.004654385	2.33533E-26	4.66754E-11	2.5094E-12	2.65198E-12
407.0755621	0.004711523	2.18082E-26	4.35873E-11	4.91857E-12	5.5442E-12
409.0770129	0.004734688	2.37875E-26	4.75432E-11	7.2633E-12	8.57302E-12
416.5616625	0.004821316	2.1732E-26	4.34351E-11	1.57109E-12	1.63005E-12
444.7763914	0.005147875	2.20763E-26	4.41232E-11	3.88237E-12	4.25693E-12
444.7763914	0.005147875	2.17338E-26	4.34387E-11	3.82213E-12	4.19089E-12
451.2701603	0.005223034	2.323E-26	4.6429E-11	3.10221E-12	3.32433E-12
470.3660749	0.005444052	2.201E-26	4.39906E-11	4.96408E-12	5.5955E-12
485.1117667	0.00561472	2.26266E-26	4.52231E-11	1.63576E-12	1.69715E-12
504.2400382	0.005836112	2.17717E-26	4.35144E-11	4.11762E-12	4.54798E-12
528.6298288	0.006118401	2.18082E-26	4.35873E-11	3.09616E-12	3.33291E-12
530.9362614	0.006145096	2.18552E-26	4.36812E-11	3.84348E-12	4.21429E-12
536.2401887	0.006206484	2.26333E-26	4.52364E-11	8.63582E-12	1.06734E-11
553.6558814	0.006408054	2.21402E-26	4.42509E-11	1.6006E-12	1.66067E-12
563.4274805	0.006521151	2.00553E-26	4.00838E-11	3.6358E-12	3.99848E-12
583.7023592	0.006755814	2.06357E-26	4.12439E-11	3.28097E-12	3.56453E-12
611.485157	0.007077375	2.13372E-26	4.26459E-11	3.75237E-12	4.11439E-12
611.485157	0.007077375	2.12778E-26	4.25273E-11	3.74194E-12	4.10295E-12
611.485157	0.007077375	2.06802E-26	4.13328E-11	3.63684E-12	3.98772E-12
616.5965947	0.007136535	2.1866E-26	4.37029E-11	3.96407E-12	4.3595E-12
620.6020437	0.007182894	2.21361E-26	4.42426E-11	1.99125E-12	2.08509E-12
639.4899098	0.007401504	2.08267E-26	4.16256E-11	3.6626E-12	4.01596E-12
674.783105	0.00780999	2.05822E-26	4.11369E-11	3.73132E-12	4.10353E-12
675.6854515	0.007820433	2.23022E-26	4.45747E-11	5.75176E-12	6.6039E-12
688.3424663	0.007966927	2.16083E-26	4.31877E-11	1.56214E-12	1.62077E-12
693.612109	0.008027918	2.19349E-26	4.38406E-11	3.8575E-12	4.22967E-12
693.612109	0.008027918	2.14747E-26	4.29208E-11	3.77656E-12	4.14092E-12
693.612109	0.008027918	2.12596E-26	4.24908E-11	3.73873E-12	4.09944E-12
694.558516	0.008038872	2.22136E-26	4.43977E-11	3.53185E-12	3.8371E-12
723.2519904	0.008370972	2.14913E-26	4.29539E-11	3.55704E-12	3.8782E-12
753.779761	0.008724303	2.14165E-26	4.28044E-11	1.54828E-12	1.60638E-12
753.779761	0.008724303	2.07562E-26	4.14848E-11	1.50054E-12	1.55686E-12
766.9582738	0.008876832	2.19372E-26	4.38452E-11	1.1949E-12	1.22838E-12
773.4155551	0.008951569	2.12139E-26	4.23994E-11	1.90829E-12	1.99822E-12
774.1329849	0.008959873	2.05654E-26	4.11033E-11	3.61665E-12	3.96557E-12
774.1329849	0.008959873	2.03027E-26	4.05784E-11	3.57046E-12	3.91493E-12
786.0319516	0.009097592	2.09411E-26	4.18543E-11	3.46599E-12	3.77892E-12
842.491701	0.009751061	2.13986E-26	4.27686E-11	3.71088E-12	4.06345E-12
860.2257313	0.009956316	2.0946E-26	4.1864E-11	1.51426E-12	1.57109E-12
876.0882894	0.010139911	2.02591E-26	4.04912E-11	2.17692E-12	2.30061E-12
890.5657625	0.010307474	2.06713E-26	4.13151E-11	3.2572E-12	3.53597E-12
899.1282435	0.010406577	2.03768E-26	4.07265E-11	3.58349E-12	3.92922E-12
899.1282435	0.010406577	2.03027E-26	4.05784E-11	3.57046E-12	3.91493E-12
947.9357068	0.010971478	2.01422E-26	4.02575E-11	4.43413E-12	4.98298E-12
959.0647152	0.011100286	2.14102E-26	4.27918E-11	1.92595E-12	2.01671E-12
986.1645055	0.011413941	1.97855E-26	3.95447E-11	7.21772E-13	7.35191E-13
1009.001506	0.011678258	2.07609E-26	4.1494E-11	4.72958E-12	5.33801E-12
1048.312817	0.01213325	2.03027E-26	4.05784E-11	3.57046E-12	3.91493E-12
1053.912226	0.012198058	2.05675E-26	4.11076E-11	1.4869E-12	1.5427E-12
1066.576882	0.01234464	1.98827E-26	3.97388E-11	3.91551E-12	4.34348E-12
1111.904319	0.012869263	1.91241E-26	3.82227E-11	4.79299E-12	5.48018E-12
1117.944057	0.012939167	1.76449E-26	3.52663E-11	3.39793E-12	3.76023E-12
1136.247983	0.013151018	1.84649E-26	3.69053E-11	8.65072E-12	1.12993E-11
1146.364356	0.013268106	1.87543E-26	3.74836E-11	1.02153E-12	1.05015E-12
1172.369379	0.01356909	1.89941E-26	3.7963E-11	3.34033E-12	3.6626E-12
1175.351522	0.013603606	1.99688E-26	3.9911E-11	4.08764E-12	4.55406E-12
1197.452367	0.013859402	1.95684E-26	3.91106E-11	3.44131E-12	3.77332E-12
1197.452367	0.013859402	1.91045E-26	3.81836E-11	3.35974E-12	3.68388E-12
1220.729903	0.014128818	1.76827E-26	3.53418E-11	9.08792E-13	9.32778E-13
1225.301737	0.014181733	1.83945E-26	3.67645E-11	3.62244E-12	4.01838E-12
1227.431858	0.014206387	1.81393E-26	3.62544E-11	3.49313E-12	3.86558E-12
1242.001033	0.014375012	1.882E-26	3.76149E-11	1.02511E-12	1.05383E-12
1276.488333	0.014774171	1.75529E-26	3.50823E-11	3.21637E-13	3.24613E-13
1277.374707	0.014784429	1.87963E-26	3.75676E-11	2.66132E-12	2.86423E-12
1307.112142	0.015128613	1.882E-26	3.76149E-11	2.02228E-12	2.13719E-12
1331.660757	0.01541274	1.83152E-26	3.66059E-11	4.8658E-12	5.61173E-12
1336.041133	0.015463439	1.77493E-26	3.5475E-11	9.66792E-13	9.93878E-13
1345.76461	0.015575979	1.76829E-26	3.53423E-11	3.10974E-12	3.40976E-12
1388.253789	0.016067752	1.75404E-26	3.50575E-11	3.31737E-12	3.66409E-12
1409.757476	0.016316637	1.63915E-26	3.27612E-11	2.04555E-12	2.18177E-12
1433.266812	0.016588736	1.67919E-26	3.35615E-11	1.21395E-12	1.25951E-12
1447.251909	0.016750601	1.64393E-26	3.28568E-11	5.45437E-12	6.54004E-12
1508.757349	0.017462469	1.75404E-26	3.50575E-11	4.9216E-12	5.72537E-12
1522.699625	0.017623838	1.61268E-26	3.22321E-11	8.28828E-13	8.50704E-13
1528.099865	0.017686341	1.65432E-26	3.30644E-11	1.19597E-12	1.24085E-12
1535.272098	0.017769353	1.52879E-26	3.05554E-11	2.80134E-13	2.82726E-13
1549.181052	0.017930336	1.72802E-26	3.45373E-11	6.64712E-13	6.77756E-13
1551.206392	0.017953778	1.67985E-26	3.35745E-11	3.95519E-12	4.48334E-12
1617.129661	0.018716778	1.58806E-26	3.17401E-11	4.09981E-12	4.70793E-12
1622.134665	0.018774707	1.63374E-26	3.26529E-11	8.89883E-13	9.14814E-13
1662.627764	0.019243377	1.45656E-26	2.91117E-11	3.09428E-12	3.46229E-12
1716.965102	0.019872281	1.47605E-26	2.95013E-11	1.32778E-12	1.39035E-12
1721.304654	0.019922508	1.44402E-26	2.88611E-11	4.79107E-12	5.74472E-12
1731.470939	0.020040173	1.55721E-26	3.11235E-11	1.25593E-12	1.30874E-12
1731.470939	0.020040173	1.55721E-26	3.11235E-11	1.01659E-12	1.05091E-12
1731.470939	0.020040173	1.48987E-26	2.97775E-11	1.93118E-12	2.06511E-12
1731.470939	0.020040173	1.48166E-26	2.96134E-11	1.19499E-12	1.24524E-12
1731.470939	0.020040173	1.47078E-26	2.9396E-11	7.559E-13	7.75851E-13
1731.470939	0.020040173	1.44128E-26	2.88064E-11	1.8682E-12	1.99776E-12
1782.052391	0.020625606	1.43159E-26	2.86127E-11	4.54267E-12	5.39999E-12
1807.013179	0.020914504	1.45419E-26	2.90643E-11	1.05128E-12	1.09074E-12
1832.190621	0.02120591	1.31873E-26	2.6357E-11	4.47017E-12	5.38316E-12
1883.739477	0.02180254	1.37103E-26	2.74024E-11	3.94852E-12	4.61326E-12
1900.248073	0.021993612	1.35888E-26	2.71595E-11	1.22238E-12	1.27999E-12
1991.228925	0.023046631	1.35923E-26	2.71666E-11	2.24968E-12	2.4528E-12
1994.279017	0.023081933	1.33383E-26	2.66588E-11	7.26527E-13	7.46882E-13
2072.509983	0.023987384	1.30481E-26	2.60789E-11	6.70602E-13	6.88301E-13
2089.106287	0.024179471	1.30203E-26	2.60232E-11	7.09204E-13	7.29073E-13
2164.072091	0.025047131	1.26294E-26	2.52421E-11	2.58526E-12	2.88026E-12
2180.745501	0.02524011	1.25078E-26	2.4999E-11	9.04237E-13	9.38172E-13
2226.440292	0.025768985	1.27404E-26	2.54637E-11	4.64766E-13	4.73406E-13
2226.440292	0.025768985	1.22073E-26	2.43983E-11	4.4532E-13	4.53599E-13
2226.440292	0.025768985	1.21431E-26	2.427E-11	4.42978E-13	4.51214E-13
2226.440292	0.025768985	1.20532E-26	2.40902E-11	4.39696E-13	4.47871E-13
2243.015116	0.025960823	1.16828E-26	2.33501E-11	7.62684E-13	7.88437E-13
2270.790548	0.026282298	1.18332E-26	2.36505E-11	8.55463E-13	8.87567E-13
2277.044944	0.026354687	1.23468E-26	2.46771E-11	2.17132E-12	2.38081E-12
2277.044944	0.026354687	1.22782E-26	2.45401E-11	2.15927E-12	2.36759E-12
2277.044944	0.026354687	1.20206E-26	2.40252E-11	2.11396E-12	2.31791E-12
2319.514985	0.026846238	1.08564E-26	2.16984E-11	2.30632E-12	2.58062E-12
2364.02255	0.027361372	1.16579E-26	2.33002E-11	6.34996E-13	6.52786E-13
2454.863717	0.028412775	1.09947E-26	2.19747E-11	9.89023E-13	1.03563E-12
2486.123099	0.028774573	1.04875E-26	2.0961E-11	2.54902E-12	2.90192E-12
2545.70447	0.029464172	1.0792E-26	2.15695E-11	9.7079E-13	1.01654E-12
2638.935578	0.030543236	1.04381E-26	2.08622E-11	9.38954E-13	9.83205E-13
2664.698475	0.030841418	1.06243E-26	2.12345E-11	2.5015E-12	2.83553E-12
2729.77585	0.031594628	1.03082E-26	2.06026E-11	9.2727E-13	9.70971E-13
2816.75084	0.032601283	9.91446E-27	1.98157E-11	2.18259E-12	2.45274E-12
2820.615846	0.032646017	9.48638E-27	1.89601E-11	8.53346E-13	8.93563E-13
2915.43988	0.033743517	9.26019E-27	1.8508E-11	5.04395E-13	5.18526E-13
2998.205091	0.034701448	1.00005E-26	1.99877E-11	2.35462E-12	2.66904E-12
3053.012156	0.035335789	8.6533E-27	1.72951E-11	4.71339E-13	4.84544E-13
3373.452476	0.039044589	7.26309E-27	1.45165E-11	1.92959E-12	2.2254E-12
3565.947545	0.041272541	7.58389E-27	1.51577E-11	1.43432E-12	1.58423E-12
3648.586013	0.042229005	7.02457E-27	1.40398E-11	5.07832E-13	5.26891E-13
3701.60064	0.0428426	7.13018E-27	1.42509E-11	2.60107E-13	2.64943E-13
3701.60064	0.0428426	7.11755E-27	1.42256E-11	2.59646E-13	2.64474E-13
3701.60064	0.0428426	7.02457E-27	1.40398E-11	2.56255E-13	2.61019E-13
3717.493559	0.043026546	7.64973E-27	1.52893E-11	1.68403E-12	1.89247E-12
3735.43908	0.043234249	7.02457E-27	1.40398E-11	5.07832E-13	5.26891E-13
3743.298382	0.043325213	7.31016E-27	1.46106E-11	1.28557E-12	1.4096E-12
3910.73869	0.045263179	6.32558E-27	1.26427E-11	5.69017E-13	5.95834E-13
3929.620222	0.045481716	7.20058E-27	1.43916E-11	1.58515E-12	1.78135E-12
3942.41176	0.045629766	6.42966E-27	1.28508E-11	5.71595E-13	5.98203E-13
4040.180416	0.046761347	6.4631E-27	1.29176E-11	1.47237E-12	1.66179E-12
4181.559111	0.048397675	6.12672E-27	1.22453E-11	5.45742E-13	5.71198E-13
4211.880348	0.048748615	5.34381E-27	1.06805E-11	1.37958E-12	1.58421E-12
4390.877259	0.050820339	5.57983E-27	1.11522E-11	1.44051E-12	1.65418E-12
4420.69531	0.051165455	5.32682E-27	1.06465E-11	5.98335E-13	6.33964E-13
4545.838723	0.052613874	4.55407E-27	9.10207E-12	1.34515E-12	1.57842E-12
4706.268996	0.054470706	4.94383E-27	9.88107E-12	1.56876E-12	1.86483E-12
4782.162206	0.0553491	5.34971E-27	1.06923E-11	1.95156E-13	1.98784E-13
4782.162206	0.0553491	5.26238E-27	1.05177E-11	1.9197E-13	1.95539E-13
4782.162206	0.0553491	5.21316E-27	1.04194E-11	1.90175E-13	1.9371E-13
4782.162206	0.0553491	5.13594E-27	1.0265E-11	1.87358E-13	1.90841E-13
4872.361121	0.056393069	5.29781E-27	1.05886E-11	1.68108E-12	1.99835E-12
5258.688704	0.060864453	5.13993E-27	1.0273E-11	8.09904E-13	8.7922E-13
5404.078149	0.062547201	4.49087E-27	8.97575E-12	2.44614E-13	2.51467E-13
5404.078149	0.062547201	4.41673E-27	8.82757E-12	1.61121E-13	1.64117E-13
5404.078149	0.062547201	4.37705E-27	8.74827E-12	1.59674E-13	1.62642E-13
5404.078149	0.062547201	4.31141E-27	8.61708E-12	1.57279E-13	1.60203E-13
5794.995327	0.067071705	3.94873E-27	7.89219E-12	8.99568E-13	1.01529E-12
6341.853009	0.073401076	3.71688E-27	7.4288E-12	7.89607E-13	8.83516E-13
6892.340248	0.079772457	3.48355E-27	6.96246E-12	8.73066E-13	9.98242E-13
7438.831125	0.086097582	3.08649E-27	6.16887E-12	1.00177E-12	1.19599E-12
7918.038433	0.091643963	2.95593E-27	5.90792E-12	8.73104E-13	1.02451E-12
8724.280894	0.100975473	2.75035E-27	5.49703E-12	3.99403E-13	4.30696E-13
8847.454111	0.102401089	2.74653E-27	5.4894E-12	6.67555E-13	7.59973E-13
9954.778059	0.115217339	2.8309E-27	5.65802E-12	4.90926E-13	5.37569E-13
10039.61116	0.116199203	2.37875E-27	4.75432E-12	2.1398E-13	2.24064E-13
10397.71947	0.120343975	2.32846E-27	4.65381E-12	3.69818E-13	4.01743E-13
11046.37425	0.127851554	2.02076E-27	4.03882E-12	5.96878E-13	7.00384E-13
11114.89523	0.128644621	2.11694E-27	4.23105E-12	4.02026E-13	4.44236E-13
11593.00942	0.13417835	2.04319E-27	4.08365E-12	4.12446E-13	4.58783E-13
11832.06569	0.136945205	1.77512E-27	3.54788E-12	4.46686E-13	5.11025E-13
12257.67003	0.141871181	2.01204E-27	4.0214E-12	6.6757E-13	8.00447E-13
13696.46974	0.158523955	2.11001E-27	4.2172E-12	7.15243E-13	8.61325E-13
15304.15509	0.177131425	2.02076E-27	4.03882E-12	7.13854E-13	8.67115E-13
24209.43063	0.280201743	9.87688E-28	1.97406E-12	1.06131E-13	1.12161E-13
24386.324	0.28224912	8.92524E-28	1.78386E-12	9.59052E-14	1.01354E-13
24564.01417	0.28430572	8.84341E-28	1.7675E-12	9.5026E-14	1.00425E-13
24740.90753	0.286353096	8.76233E-28	1.7513E-12	9.41548E-14	9.95044E-14
24917.00409	0.288391251	8.682E-28	1.73524E-12	9.32916E-14	9.85922E-14
25094.69419	0.290447849	9.34587E-28	1.86793E-12	1.00425E-13	1.06131E-13
25272.38436	0.292504449	8.92524E-28	1.78386E-12	9.59052E-14	1.01354E-13
25450.07446	0.294561047	9.78633E-28	1.95596E-12	1.05158E-13	1.11133E-13
25627.76456	0.296617645	9.17529E-28	1.83383E-12	1.14501E-13	1.22126E-13
25804.65786	0.298665022	1.05346E-27	2.10552E-12	1.31465E-13	1.4022E-13
26964.14345	0.312084994	1.17044E-27	2.33931E-12	3.93557E-13	4.7316E-13
39585.65737	0.458167331	6.43203E-28	1.28555E-12	1.13114E-13	1.24027E-13
45024.38247	0.521115538	5.20413E-28	1.04013E-12	9.15203E-14	1.0035E-13
53297.21118	0.61686587	4.28892E-28	8.57212E-13	1.94861E-13	2.52188E-13
68246.5888	0.789891074	2.70602E-28	5.40842E-13	1.95628E-14	2.0297E-14
68246.5888	0.789891074	2.66134E-28	5.31914E-13	1.44961E-14	1.49022E-14
68246.5888	0.789891074	2.45821E-28	4.91315E-13	8.96751E-15	9.13423E-15
68305.55243	0.790573524	2.73613E-28	5.46861E-13	5.26903E-14	5.83084E-14
92860.43009	1.074773496	9.69661E-29	1.93803E-13	3.26047E-14	3.91994E-14