Skip Single 
log on
read serr 1,2
skip on
! this is NONE
   60.5490     3.1260  3.16372e+00   8.50000e-01 
   68.6760     5.0000  2.39000e+00   6.00000e-01 
   78.6760     5.0000  9.70000e-01   4.70000e-01 
   88.6760     5.0000  2.32000e+00   6.00000e-01 
  103.6760    10.0000  1.72540e+00   3.81053e-01 
  121.9050     8.2290  2.39105e+00   4.72562e-01 
 1579.6430   148.9850  3.65604e-01   1.12199e-01 
 1838.6280    34.0000 -1.02954e-01   2.69396e-01 
 5603.6280   425.0000  1.15324e+00   1.43113e-01 
11550.6280   454.0000  5.68647e-01   3.97745e-02 
17142.6280   454.0000  2.10090e-01   7.49449e-02 
23835.1280   444.5000  3.36308e-01   7.95408e-02 
32060.6280  2885.0000  2.21563e-01   2.63665e-02 
36226.6280   361.0000  1.74722e-01   3.77554e-02 
75137.6280  5830.0000  7.23097e-02   2.26627e-02 
95342.1280  9004.5000  6.38165e-02   1.79231e-02 
121381.6280 12004.0000  2.78696e-02   1.51761e-02 
153038.6280 14622.0000  3.18837e-02   1.39621e-02 
190892.1280 17853.5000  2.35590e-02   1.42974e-02 
237073.1280 23236.5000  1.32338e-02   9.34989e-03 
295171.6280 29495.0000  1.35999e-02   6.67202e-03 
364861.6280 35045.0000  1.78859e-02   8.53093e-03 
449156.1280 44469.5000 -2.19191e-02   1.10558e-02 
528151.1280 29135.5000 -5.05235e-02   2.94131e-02 
718507.6280 40910.0000  1.87484e-02   5.70224e-03 
941631.1280 90315.5000  7.86351e-03   4.62105e-03 
1158811.1280 115715.5000  6.98943e-03   3.46417e-03 
1427392.1280 142333.5000 -4.15475e-03   3.66140e-03 
1745110.1280 171416.5000  1.99261e-03   3.55643e-03 
1991929.6280 63617.0000  4.85766e-03   3.71015e-03 
no no no no ! that was NONE
