Skip Single 
log on
read serr 1,2
skip on
! this is NONE
   84.6527     4.9980  1.20087e+00   1.53770e-01 
   94.6596     4.9979  1.11725e+00   1.49580e-01 
  109.6700    10.0013  7.16789e-01   9.06292e-02 
  129.6836    10.0013  7.01805e-01   8.97706e-02 
  154.7008    15.0047  5.44055e-01   6.84984e-02 
  187.6676    17.9511  5.70026e-01   1.10910e-01 
  225.6376    20.0078  1.29909e+00   2.49307e-01 
  270.6680    25.0117  1.11638e+00   2.15234e-01 
  325.7057    30.0150  1.53792e+00   2.12184e-01 
  390.7502    35.0185  1.39117e+00   1.92745e-01 
  470.8053    45.0256  1.29725e+00   1.62505e-01 
  571.3597    55.5178  1.20964e+00   1.72521e-01 
  683.4104    56.5218  1.02866e+00   1.03973e-01 
  818.4917    48.9925  7.20959e-01   9.38011e-02 
  968.8151    93.2013  6.30075e-01   3.87274e-02 
 1177.1011   115.0736  6.25633e-01   7.92586e-02 
 1430.7715   138.5858  4.33943e-01   5.92811e-02 
 1616.3097    41.8928  5.37956e-01   8.19207e-02 
 5554.3392   509.6051  1.31166e-01   2.44720e-02 
 6682.0858   613.4083  1.58226e-01   1.59890e-02 
 7374.3244    73.0710  1.12767e-01   3.58393e-02 
12032.0650  1199.5709  6.99557e-02   8.05157e-03 
16726.3191    18.8608  2.65000e-03   1.72800e-01 
44232.7094  3469.3124  1.14925e-02   1.11085e-02 
56065.3446  3196.2810  2.30143e-02   1.40070e-02 
70675.1812  5926.3991  3.87488e-02   1.44471e-02 
87432.7185  6568.8457 -6.17090e-05   1.05366e-02 
104779.5889   742.0189  6.57725e-03   1.57930e-02 
140044.9343 11676.6684  1.19110e-02   1.08485e-02 
179737.3479 17914.8616  9.44121e-03   7.82577e-03 
218129.7454 20471.8208  6.17024e-03   4.29110e-03 
270153.3122 26289.2799  1.69118e-02   2.46603e-03 
333803.0513 32118.5248  1.35773e-02   2.18917e-03 
411724.9858 40656.4509  9.90903e-03   1.75890e-03 
506978.5810 49622.8530  1.23287e-02   1.65567e-03 
622613.4504 61068.1351  1.10397e-02   1.57468e-03 
764603.2308 75738.3697  1.14706e-02   1.30661e-03 
932304.4297 87257.1718  9.06303e-03   1.31341e-03 
1131892.5744 90288.9906  7.77176e-03   1.29430e-03 
no no no no ! that was NONE
