    050319         b    2.43e+02    5.00e+00   2.053e-04   7.184e-05
    050319         b    3.33e+02    5.00e+00   2.189e-04   7.259e-05
    050319         b    4.28e+02    5.00e+00   1.307e-04   6.260e-05
    050319         b    5.22e+02    5.00e+00   8.557e-05   6.778e-05
    050319         b    7.56e+02    2.00e+01   6.923e-05   3.061e-05
    050319         b    1.04e+03    5.00e+01   1.271e-04   1.991e-05
    050319         b    5.37e+03    4.50e+02   2.271e-05   5.230e-06
    050319         b    1.70e+04    4.50e+02   9.825e-06   5.429e-06
    050319         b    2.85e+04    4.48e+02   1.260e-05   5.454e-06
    050319         v    2.59e+02    2.50e+01   4.769e-04   6.431e-05
    050319         v    3.04e+02    1.99e+01   4.825e-04   7.277e-05
    050319         v    3.91e+02    1.90e+01   4.430e-04   9.307e-05
    050319         v    4.83e+02    2.05e+01   5.305e-04   9.761e-05
    050319         v    6.08e+02    5.15e+01   2.040e-04   6.223e-05
    050319         v    7.34e+02    5.15e+01   1.497e-04   5.409e-05
    050319         v    9.05e+02    6.75e+01   1.202e-04   4.481e-05
    050319         v    1.12e+03    9.70e+01   2.164e-04   3.029e-05
    050319         v    1.38e+03    4.99e+01   9.966e-05   3.196e-05
    050319         v    1.77e+03    1.35e+01   7.717e-05   3.892e-05
    050319         v    5.50e+03    4.50e+02   4.602e-05   6.895e-06
    050319         v    7.22e+03    3.50e+02   4.136e-05   7.768e-06
    050319         v    1.79e+04    1.25e+03   2.616e-05   4.887e-06
    050319         v    2.94e+04    1.27e+03   2.591e-05   4.735e-06
    050319         v    4.10e+04    1.27e+03   2.004e-05   4.779e-06
    050319         v    5.26e+04    1.27e+03   1.924e-05   4.756e-06
    050319         v    6.96e+04    6.67e+03   1.390e-05   3.733e-06
    050319         v    8.73e+04    7.05e+03   1.898e-05   3.707e-06
    050319         v    3.88e+05    2.95e+04   1.874e-06   1.334e-06
    050319         v    6.63e+05    5.55e+04   1.919e-06   1.380e-06
    050319         v    7.67e+05    1.52e+04   2.455e-06   2.382e-06
    050319        RC    4.03e+01    5.00e+00   8.929e-04   3.783e-05
    050319        RC    6.53e+01    5.00e+00   7.366e-04   3.392e-05
    050319        RC    9.03e+01    5.00e+00   6.183e-04   3.189e-05
    050319        RC    1.15e+02    5.00e+00   5.660e-04   2.867e-05
    050319        RC    1.40e+02    5.00e+00   6.571e-04   3.026e-05
    050319        RC    1.65e+02    5.00e+00   5.395e-04   2.932e-05
    050319        RC    1.90e+02    5.00e+00   4.131e-04   3.043e-05
    050319        RC    2.15e+02    5.00e+00   4.695e-04   3.329e-05
    050319        RC    2.40e+02    5.00e+00   4.430e-04   3.917e-05
    050319        RC    2.66e+02    5.00e+00   4.756e-04   3.811e-05
    050319        RC    3.00e+02    1.50e+01   4.258e-04   2.196e-05
    050319        RC    3.45e+02    1.50e+01   3.601e-04   2.255e-05
    050319        RC    3.90e+02    1.50e+01   4.074e-04   1.989e-05
    050319        RC    4.36e+02    1.50e+01   3.423e-04   1.797e-05
    050319        RC    4.80e+02    1.50e+01   4.215e-04   1.825e-05
    050319        RC    5.25e+02    1.50e+01   2.940e-04   1.760e-05
    050319        RC    5.70e+02    1.50e+01   2.500e-04   1.658e-05
    050319        RC    6.15e+02    1.50e+01   2.650e-04   1.806e-05
    050319        RC    6.60e+02    1.50e+01   2.570e-04   1.752e-05
    050319        RC    7.05e+02    1.50e+01   1.993e-04   1.671e-05
    050319        RC    7.50e+02    1.50e+01   2.051e-04   1.681e-05
    050319        RC    7.95e+02    1.50e+01   1.999e-04   1.602e-05
    050319        RC    8.40e+02    1.50e+01   1.997e-04   1.711e-05
    050319        RC    8.85e+02    1.50e+01   2.066e-04   1.618e-05
    050319        RC    9.30e+02    1.50e+01   1.722e-04   1.649e-05
    050319        RC    9.75e+02    1.50e+01   2.140e-04   1.675e-05
    050319        RC    1.02e+03    1.50e+01   1.526e-04   1.687e-05
    050319        RC    1.07e+03    1.50e+01   2.084e-04   1.708e-05
    050319        RC    1.11e+03    1.50e+01   1.878e-04   1.626e-05
    050319        RC    1.16e+03    1.50e+01   1.483e-04   1.612e-05
    050319        RC    2.52e+03    7.50e+01   7.579e-05   5.305e-06
    050319        RC    2.76e+03    9.00e+01   6.861e-05   6.067e-06
    050319        RC    4.70e+03    1.00e-03   7.516e-05   5.538e-06
    050319        RC    7.11e+03    1.00e-03   6.081e-05   1.680e-06
    050319        RC    7.30e+03    1.00e-03   6.252e-05   2.303e-06
    050319        RC    7.63e+03    1.00e-03   5.546e-05   2.043e-06
    050319        RC    8.68e+03    1.00e-03   5.105e-05   2.351e-06
    050319        RC    1.15e+04    1.00e-03   4.488e-05   2.480e-06
    050319        RC    1.43e+04    1.00e-03   4.207e-05   1.938e-06
    050319        RC    1.46e+04    1.00e-03   4.488e-05   2.067e-06
    050319        RC    1.57e+04    1.00e-03   3.373e-05   2.485e-06
    050319        RC    1.85e+04    1.00e-03   3.837e-05   2.474e-06
    050319        RC    1.92e+04    1.00e-03   4.018e-05   3.331e-06
    050319        RC    2.29e+04    1.00e-03   3.020e-05   2.503e-06
    050319        RC    2.36e+04    1.00e-03   3.532e-05   3.578e-06
    050319        RC    2.36e+04    1.00e-03   3.500e-05   1.934e-06
    050319        RC    2.59e+04    1.50e+02   4.966e-05   7.318e-06
    050319        RC    2.63e+04    1.50e+02   6.026e-05   5.550e-06
    050319        RC    2.75e+04    1.00e-03   2.911e-05   2.413e-06
    050319        RC    2.82e+04    1.00e-03   2.884e-05   3.188e-06
    050319        RC    2.82e+04    1.50e+02   3.076e-05   3.117e-06
    050319        RC    2.91e+04    1.00e-03   3.133e-05   8.658e-07
    050319        RC    3.10e+04    1.50e+02   2.858e-05   3.422e-06
    050319        RC    3.20e+04    1.00e-03   2.911e-05   1.609e-06
    050319        RC    3.23e+04    1.00e-03   3.076e-05   1.417e-06
    050319        RC    3.28e+04    1.00e-03   2.780e-05   1.024e-06
    050319        RC    3.39e+04    1.50e+02   2.938e-05   4.329e-06
    050319        RC    3.50e+04    1.00e-03   2.884e-05   1.328e-06
    050319        RC    3.54e+04    1.00e-03   2.679e-05   1.234e-06
    050319        RC    3.57e+04    1.00e-03   2.512e-05   1.619e-06
    050319        RC    3.86e+04    1.00e-03   2.559e-05   1.414e-06
    050319        RC    5.58e+04    1.00e-03   2.032e-05   9.359e-07
    050319        RC    1.28e+05    1.00e-03   1.318e-05   1.578e-06
    050319        RC    1.31e+05    1.00e-03   9.818e-06   8.138e-07
    050319        RC    2.14e+05    1.00e-03   9.037e-06   7.491e-07
    050319        RC    2.92e+05    1.00e-03   5.916e-06   7.083e-07
    050319        RC    3.16e+05    1.00e-03   5.598e-06   1.031e-06
    050319        RC    4.08e+05    1.00e-03   3.373e-06   3.728e-07
    050319        RC    4.87e+05    1.00e-03   3.565e-06   8.208e-07
    050319        RC    6.57e+05    1.00e-03   1.306e-06   1.805e-07
    050319        RC    9.94e+05    1.00e-03   5.754e-07   1.590e-07
    050319        IC    9.02e+03    1.00e-03   5.503e-05   3.548e-06
    050319        IC    1.19e+04    1.00e-03   5.762e-05   3.184e-06
    050319        IC    1.33e+04    1.00e-03   5.255e-05   2.904e-06
    050319        IC    1.47e+04    1.00e-03   5.255e-05   2.904e-06
    050319        IC    1.61e+04    1.00e-03   4.837e-05   2.673e-06
    050319        IC    1.75e+04    1.00e-03   4.136e-05   2.667e-06
    050319        IC    1.89e+04    1.00e-03   4.493e-05   2.069e-06
    050319        IC    2.40e+04    1.00e-03   5.353e-05   2.958e-06
    050319        IC    2.46e+04    1.00e-03   3.807e-05   2.805e-06
    050319        IC    2.75e+04    1.50e+02   3.472e-05   6.076e-06
    050319        IC    2.89e+04    1.00e-03   2.586e-05   2.143e-06
    050319        IC    3.14e+04    1.50e+02   3.255e-05   7.495e-06
    050319        IC    3.30e+04    1.00e-03   2.538e-05   1.870e-06
    050319        IC    5.79e+04    1.00e-03   1.998e-05   9.201e-07
    050319        IC    3.18e+05    1.00e-03   5.402e-06   5.473e-07
    050319        IC    4.05e+05    1.00e-03   4.023e-06   1.853e-07
    050319        CR    1.67e+02    2.50e+00   1.236e-03   1.594e-04
    050319        CR    1.81e+02    2.50e+00   9.037e-04   1.581e-04
    050319        CR    1.95e+02    2.50e+00   1.019e-03   1.407e-04
    050319        CR    2.10e+02    2.50e+00   9.037e-04   1.332e-04
    050319        CR    2.25e+02    2.50e+00   5.445e-04   1.454e-04
    050319        CR    2.39e+02    2.50e+00   9.818e-04   1.356e-04
    050319        CR    2.56e+02    5.00e+00   6.486e-04   2.151e-04
    050319        CR    2.82e+02    2.50e+00   8.091e-04   1.341e-04
    050319        CR    2.97e+02    2.50e+00   6.792e-04   1.501e-04
    050319        CR    3.18e+02    1.00e+01   5.297e-04   6.342e-05
    050319        CR    3.48e+02    1.00e+01   6.486e-04   5.974e-05
    050319        CR    3.78e+02    1.00e+01   5.808e-04   8.024e-05
    050319        CR    4.17e+02    2.00e+01   5.012e-04   6.924e-05
    050319        CR    4.66e+02    1.00e+01   4.966e-04   1.006e-04
    050319        CR    5.06e+02    2.00e+01   4.365e-04   5.629e-05
    050319        CR    5.55e+02    1.00e+01   4.571e-04   7.578e-05
    050319        CR    5.84e+02    1.00e+01   4.488e-04   8.266e-05
    050319        CR    6.34e+02    3.00e+01   3.192e-04   4.703e-05
    050319        CR    7.03e+02    3.00e+01   3.133e-04   5.772e-05
    050319        CR    7.72e+02    3.00e+01   3.162e-04   5.825e-05
    050319        CR    8.42e+02    3.00e+01   2.333e-04   5.158e-05
    050319        CR    9.11e+02    3.00e+01   3.251e-04   4.791e-05
    050319        CR    1.01e+03    6.00e+01   1.905e-04   3.510e-05
    050319        CR    1.12e+03    3.00e+01   2.032e-04   5.241e-05
    050319        CR    1.19e+03    3.00e+01   1.722e-04   5.392e-05
    050319        CR    1.26e+03    3.00e+01   1.923e-04   5.491e-05
    050319        CR    1.36e+03    6.00e+01   1.459e-04   3.762e-05
    050319        CR    1.59e+03    1.50e+02   1.419e-04   2.745e-05
    050319        CR    1.90e+03    1.20e+02   1.459e-04   3.897e-05
    050319        CR    2.36e+03    3.00e+02   4.786e-05   1.278e-05
    050319        CR    2.94e+03    1.80e+02   8.790e-05   2.024e-05
    050319        CR    3.41e+03    2.40e+02   1.000e-04   1.382e-05
    050319        CR    3.94e+03    2.10e+02   9.818e-05   1.266e-05
    050319        CR    4.60e+03    2.40e+02   1.028e-04   2.935e-05
