# t(s)		fluxdens(microJy)	pos err	neg err		beta	z
39.2705056	20499.85157	2480.020448	2821.338931	0.74	3.2425
42.02720019	17805.35826	738.6125958	770.5781841	0.74	3.2425
42.66948262	14988.24269	2406.212683	2866.381628	0.74	3.2425
46.04402121	16894.70903	2180.032602	2503.012327	0.74	3.2425
47.91991439	14687.59594	661.0507109	692.2050711	0.74	3.2425
49.49187507	14988.24269	2053.710779	2379.793547	0.74	3.2425
53.81262859	12329.64909	619.8156844	652.6232803	0.74	3.2425
56.312231	16283.61091	2101.178694	2412.475927	0.74	3.2425
56.57042291	14011.05108	2569.873765	3147.109042	0.74	3.2425
59.70534279	11286.2773	557.487996	586.456117	0.74	3.2425
61.40560519	10758.47504	3036.103073	4229.76765	0.74	3.2425
62.46317784	14536.86364	2556.480241	3102.00462	0.74	3.2425
65.59805699	13102.39586	589.7049545	617.4968928	0.74	3.2425
66.50916205	13419.9444	2050.199608	2419.892905	0.74	3.2425
69.93257749	11265.50634	2234.197035	2786.900549	0.74	3.2425
71.4907712	10758.47504	569.0256482	600.8026536	0.74	3.2425
74.24866734	11129.37347	2370.046939	3011.320269	0.74	3.2425
75.04224396	8785.181058	991.3548655	1117.452683	0.74	3.2425
77.43073301	8236.651984	585.0791512	629.8173535	0.74	3.2425
82.03366883	10758.47504	946.6291883	1037.958265	0.74	3.2425
83.27640325	9361.613704	640.9263567	688.0311982	0.74	3.2425
89.00065527	9632.759479	1242.976702	1427.128202	0.74	3.2425
89.16911745	8833.864155	747.5480125	816.6558759	0.74	3.2425
89.80553466	9795.592646	2892.706402	4104.916778	0.74	3.2425
95.10907927	9483.108434	730.2336324	791.1554632	0.74	3.2425
99.27090159	8312.864786	1072.662229	1231.581023	0.74	3.2425
103.3116315	8490.84116	426.8374944	449.4305206	0.74	3.2425
109.8058975	8236.651984	1510.747175	1850.085463	0.74	3.2425
113.9187208	7180.434361	435.9194911	464.0943572	0.74	3.2425
120.1861167	7240.202557	875.901483	996.4494267	0.74	3.2425
124.5256063	8123.640882	387.0306729	406.3922198	0.74	3.2425
130.7292587	7581.422791	1158.233564	1367.086977	0.74	3.2425
133.4119049	6237.789522	2373.846474	3832.239368	0.74	3.2425
135.1797395	6825.755324	349.1010259	367.9180756	0.74	3.2425
137.6229299	7443.04623	1252.190029	1505.463538	0.74	3.2425
149.2271067	5293.595062	725.3360829	840.5030285	0.74	3.2425
156.3228429	5863.416118	340.7254764	361.7467245	0.74	3.2425
165.5438256	5196.976063	874.3196545	1051.163425	0.74	3.2425
166.9299321	4985.982117	319.9178463	341.8522694	0.74	3.2425
177.5368176	5283.852875	348.1305792	372.6852225	0.74	3.2425
181.8809098	5245.063091	882.4096347	1060.889721	0.74	3.2425
188.1437032	5125.670878	337.7086407	361.5281949	0.74	3.2425
198.2383595	3870.354242	767.5761486	957.4618337	0.74	3.2425
198.7507924	3975.124329	319.591264	347.5320799	0.74	3.2425
209.4049256	4090.25813	321.9126092	349.4121385	0.74	3.2425
214.6670878	5392.010342	738.8210875	856.1291464	0.74	3.2425
219.9645635	3986.123192	306.9458962	332.5537361	0.74	3.2425
230.5716528	3982.453527	326.920462	356.1575081	0.74	3.2425
238.8387225	3160.463045	531.7043842	639.2492709	0.74	3.2425
241.1785383	4120.507572	310.2817444	335.5492129	0.74	3.2425
251.7854239	3433.608034	313.6358906	345.1642079	0.74	3.2425
262.4395571	4267.275836	321.3336628	347.5011326	0.74	3.2425
263.7536924	3370.937625	766.2795686	991.715831	0.74	3.2425
272.9993987	3043.341698	318.4407721	355.654795	0.74	3.2425
280.1315074	2855.950767	767.8535408	1050.215422	0.74	3.2425
283.6062842	4154.805678	326.992648	354.9261419	0.74	3.2425
294.2133734	3744.12825	310.5202158	338.6022809	0.74	3.2425
296.5806011	3189.706449	792.2500568	1054.052588	0.74	3.2425
304.8675066	2957.676812	304.594547	339.5643778	0.74	3.2425
320.7766741	2419.639783	550.0310998	711.8479621	0.74	3.2425
376.3903736	2353.697882	413.9257462	502.2528853	0.74	3.2425
451.1189912	2419.639783	567.1717753	740.8232614	0.74	3.2425
633.5768921	1511.300119	102.1712367	109.5793324	0.74	3.2425
691.9032563	1368.203561	115.7814785	126.4850192	0.74	3.2425
696.0652823	1457.977146	299.8647334	377.507333	0.74	3.2425
809.7304137	1658.634584	214.0242523	245.7327203	0.74	3.2425
948.8420507	1628.361091	196.9950265	224.1069173	0.74	3.2425
1089.106367	1705.103385	423.5086441	563.4589466	0.74	3.2425
1108.486034	1498.824269	106.4669034	114.6079179	0.74	3.2425
1226.605068	1315.317858	148.4257125	167.3050856	0.74	3.2425
1298.291102	1084.00358	222.9489299	280.6760733	0.74	3.2425
1360.812728	1145.593963	91.13249039	99.0086727	0.74	3.2425
1466.305245	1114.373347	79.15796535	85.21079608	0.74	3.2425
1568.539305	1291.310601	135.1165875	150.9067508	0.74	3.2425
1636.763229	1144.117732	71.43641502	76.19380318	0.74	3.2425
1675.457395	1212.692569	33.04923922	33.97515656	0.74	3.2425
1703.241008	1254.500147	294.0590911	384.0914241	0.74	3.2425
1719.039246	1104.156711	87.83613923	95.42743234	0.74	3.2425
1720.057513	1246.667726	45.09318886	46.78546481	0.74	3.2425
1798.87142	1105.988768	40.0046936	41.50600638	0.74	3.2425
1963.83076	1242.99882	66.827145	70.62409693	0.74	3.2425
2045.088509	1018.006888	45.81785744	47.97718654	0.74	3.2425
2125.938951	987.1944759	61.63844185	65.743323	0.74	3.2425
2385.861921	870.4638034	321.2382735	509.1283529	0.74	3.2425
2630.999646	942.9110309	66.97837747	72.09989342	0.74	3.2425
2711.850088	894.8509768	48.10972867	50.84320362	0.74	3.2425
2713.68297	845.3386316	88.45220591	98.78901796	0.74	3.2425
2794.126105	1033.719518	55.57569565	58.73336825	0.74	3.2425
2959.492752	900.4730438	63.96385391	68.85486366	0.74	3.2425
3124.655745	942.7634055	50.68563684	53.56546848	0.74	3.2425
3290.429699	844.2493142	67.16039449	72.96477346	0.74	3.2425
3373.316676	838.9782777	37.76024266	39.53982807	0.74	3.2425
3439.70772	894.8509768	40.27492836	42.17302726	0.74	3.2425
3455.796346	942.7634055	50.68563684	53.56546848	0.74	3.2425
3552.124455	743.0716915	101.8167623	117.9829586	0.74	3.2425
3621.162994	784.2792349	75.56571703	83.62281972	0.74	3.2425
3785.511373	867.7661728	46.65357272	49.30431252	0.74	3.2425
3951.488981	791.5360813	62.96703424	68.40899944	0.74	3.2425
4116.041014	741.997969	46.32886405	49.41418669	0.74	3.2425
4281.814968	702.2159933	49.88093926	53.69509594	0.74	3.2425
4364.701945	765.1572833	47.77488515	50.9565072	0.74	3.2425
4431.820866	658.371036	268.90399	454.5663114	0.74	3.2425
4446.570654	806.1256061	36.28162887	37.99152936	0.74	3.2425
4456.753329	709.6279563	44.30774542	47.25846941	0.74	3.2425
4516.220153	801.218035	63.73723781	69.24576833	0.74	3.2425
5241.022982	617.2636698	59.47367944	65.81498818	0.74	3.2425
5404.14944	602.2138182	47.90636714	52.04670479	0.74	3.2425
5559.129758	704.2886937	67.85858629	75.09392553	0.74	3.2425
5564.628403	697.8317361	37.51741502	39.6490611	0.74	3.2425
5646.90442	960.2906858	51.62795318	54.56132489	0.74	3.2425
5665.844196	829.9094627	86.83777121	96.98591518	0.74	3.2425
5808.605303	682.9717128	48.51394848	52.22357792	0.74	3.2425
6070.911019	770.957995	67.83594687	74.38063666	0.74	3.2425
6104.513848	990.263374	135.6873256	157.2314004	0.74	3.2425
6206.340601	1201.574537	105.725535	115.9257439	0.74	3.2425
6471.090159	622.877605	99.99677911	119.1203639	0.74	3.2425
6478.218032	580.4311565	46.17354706	50.16412466	0.74	3.2425
6644.195639	575.1097316	60.1767416	67.20919107	0.74	3.2425
6646.232174	613.409809	59.10235792	65.40407497	0.74	3.2425
6740.931055	709.6279563	50.40743778	54.26185328	0.74	3.2425
6748.14379	601.2162584	211.2466912	325.6791195	0.74	3.2425
6863.123159	624.8139488	17.02791473	17.50497386	0.74	3.2425
7134.593282	605.9973381	43.04618053	46.33771592	0.74	3.2425
7139.073659	735.3104135	123.705851	148.7271451	0.74	3.2425
7215.036417	652.335054	51.89353291	56.37846385	0.74	3.2425
7251.083088	756.8864257	91.56621483	104.1682244	0.74	3.2425
7295.479552	547.6091757	48.18367173	52.83234546	0.74	3.2425
7306.069534	569.8370939	64.30269017	72.48182878	0.74	3.2425
7376.533648	646.3544103	45.91288918	49.42362806	0.74	3.2425
7403.823217	583.9863774	120.1095091	151.2089133	0.74	3.2425
7539.456453	580.4311565	31.2056266	32.97865258	0.74	3.2425
7619.695934	613.409809	27.60798921	28.90911366	0.74	3.2425
7728.732021	554.3074511	20.04984172	20.80228052	0.74	3.2425
7787.30277	455.4101613	32.34942925	34.82303527	0.74	3.2425
7988.30878	585.8018198	80.26741607	93.01206418	0.74	3.2425
8005.008368	513.4175577	27.60278531	29.17110682	0.74	3.2425
8085.247849	617.2636698	33.18584707	35.07138425	0.74	3.2425
8165.894638	485.8147724	50.83334261	56.77389213	0.74	3.2425
8259.57525	575.1097316	25.88420177	27.10408662	0.74	3.2425
8339.814732	534.2576094	24.0455534	25.17878542	0.74	3.2425
8420.257867	500.8996365	31.27516803	33.35797291	0.74	3.2425
9103.311727	510.212056	27.43044844	28.98897819	0.74	3.2425
9381.298763	522.9627028	91.96920669	111.59441	0.74	3.2425
10141.94461	523.6374708	32.69487277	34.87222448	0.74	3.2425
13156.0165	405.2758418	18.24041759	19.10006198	0.74	3.2425
13481.86211	365.6206501	50.09787244	58.05228018	0.74	3.2425
13644.78491	358.42865	16.13194663	16.89222185	0.74	3.2425
30181.44962	262.8758661	29.66396106	33.43714145	0.74	3.2425
30792.41014	195.7720626	15.57375142	16.9197226	0.74	3.2425
50465.33883	180.1983112	14.33485283	15.57375142	0.74	3.2425
68895.98114	117.964333	13.31156578	15.00476308	0.74	3.2425
74537.18326	111.6222356	18.77890398	22.57720838	0.74	3.2425
74842.66352	96.91761461	9.338063173	10.3337228	0.74	3.2425
94413.76547	57.8722965	6.055481313	6.763144526	0.74	3.2425
95411.66765	72.17764643	3.248529213	3.401627678	0.74	3.2425
96063.35887	67.25904809	7.037666266	7.860110802	0.74	3.2425
114779.1161	71.08053967	14.61926007	18.40455801	0.74	3.2425
133291.2198	38.31693096	8.436234455	10.81804144	0.74	3.2425
154776.6647	26.04658056	3.36095725	3.858895238	0.74	3.2425
234323.7242	11.47494774	2.770309711	3.651979444	0.74	3.2425