37.01078394	4.308307734	1.084963289	1.085639784	2.8767	1.02
39.59176119	4.118193194	1.048416981	1.047239613	2.8767	1.02
42.17255933	2.920832931	0.962408959	0.961624624	2.8767	1.02
44.75320935	3.717977151	1.007119479	1.005988341	2.8767	1.02
47.33373546	3.132612788	0.969362768	0.970436335	2.8767	1.02
49.91415689	3.126847614	0.983430389	0.983766571	2.8767	1.02
53.7382131	2.9020622	0.680253227	0.681432087	2.8767	1.02
58.90265968	2.363233947	0.644903377	0.644966119	2.8767	1.02
63.44292355	2.522032719	0.28459623	0.320796146	2.8767	1.02
67.65315047	1.954819743	0.386239586	0.386747945	2.8767	1.02
72.98883766	2.430808333	0.333072888	0.38595732	2.8767	1.02
73.10510423	1.645533456	0.828374177	0.829076276	2.8767	1.02
80.00684224	2.121166289	1.418782117	1.564998246	2.8767	1.02
83.30830294	2.790941391	0.490820214	0.595555775	2.8767	1.02
94.24118487	3.220317681	1.591401578	1.591384251	2.8767	1.02
106.5261002	2.670045834	0.587863696	0.753835596	2.8767	1.02
121.48824	2.796241755	0.675075465	0.889922781	2.8767	1.02
141.0934938	2.101041915	0.353471369	0.424966055	2.8767	1.02
148.3213924	2.039382632	1.119147697	1.119247081	2.8767	1.02
158.8554212	3.139920964	1.138590914	1.138846812	2.8767	1.02
165.1113655	2.100422764	0.643264524	0.643088303	2.8767	1.02
167.3657062	2.795881217	0.554484578	0.691654921	2.8767	1.02
177.9453712	3.166465179	1.426363137	1.427362673	2.8767	1.02
188.2647288	2.453300326	0.468345093	0.578849915	2.8767	1.02
203.2995182	2.90080621	1.105581917	1.103421037	2.8767	1.02
209.5807545	3.690682763	0.75095769	0.750582536	2.8767	1.02
210.4527358	2.368289102	0.538358093	0.696740805	2.8767	1.02
217.6725798	3.788948624	0.637438428	0.766369551	2.8767	1.02
237.7052135	3.42388143	0.358258636	0.400125904	2.8767	1.02
245.4602476	3.783613066	0.307397367	0.308114562	2.8767	1.02
258.2060805	3.417832038	0.385681797	0.434739541	2.8767	1.02
267.125531	3.612024742	0.225527576	0.240546838	2.8767	1.02
268.5242583	3.48137428	0.392852157	0.442821952	2.8767	1.02
279.1003811	3.782254223	0.488048507	0.560354661	2.8767	1.02
297.5752537	4.471309337	0.20124207	0.210726317	2.8767	1.02
319.0832138	5.477403267	0.75052175	0.869687609	2.8767	1.02
337.3979012	5.786749949	0.411053758	0.442485071	2.8767	1.02
352.331637	6.910456166	1.093353663	1.09722396	2.8767	1.02
381.1959812	7.616417049	0.605889238	0.658253593	2.8767	1.02
386.9076787	8.123640882	0.365624068	0.3828554	2.8767	1.02
409.8664326	7.987938573	0.359516458	0.376459947	2.8767	1.02
428.4356835	8.36439852	0.522256257	0.557036498	2.8767	1.02
436.1270834	8.600401307	0.970503582	1.093949168	2.8767	1.02
465.7958608	8.989814212	0.483317931	0.510778852	2.8767	1.02
482.8430365	8.366016494	2.524592685	3.615691094	2.8767	1.02
498.3019235	9.428328734	0.341031856	0.353830241	2.8767	1.02
536.3155352	10.43563106	0.74128058	0.797962758	2.8767	1.02
542.7492569	9.677222277	0.263731173	0.271119944	2.8767	1.02
576.1763429	9.241675528	1.90075172	2.392904642	2.8767	1.02
579.9260974	9.948342221	0.271119944	0.278715722	2.8767	1.02
606.2572369	9.428328734	0.424344694	0.444343444	2.8767	1.02
627.1467371	9.515567986	0.428271108	0.448454903	2.8767	1.02
661.9802142	9.517408638	0.917007331	1.014782123	2.8767	1.02
677.4985044	9.965950288	0.622253935	0.663693634	2.8767	1.02
705.327156	9.500593064	0.674861453	0.726464878	2.8767	1.02
736.6012529	9.766764512	0.266171448	0.273628586	2.8767	1.02
752.5429035	9.256242341	0.497641863	0.525916634	2.8767	1.02
757.7604664	9.259226682	0.814711584	0.893313488	2.8767	1.02
757.7604664	8.647502903	0.760886522	0.834295481	2.8767	1.02
797.5056915	9.087296878	0.328696401	0.341031856	2.8767	1.02
850.3247618	8.600401307	0.756742092	0.829751204	2.8767	1.02
894.9573682	8.664643855	0.2361356	0.242751245	2.8767	1.02
939.5893075	7.914704712	0.286282597	0.29702633	2.8767	1.02
994.9054842	7.7004963	0.546994076	0.588820095	2.8767	1.02
1028.960662	7.686890888	0.278042349	0.288476838	2.8767	1.02
1054.765564	7.616417049	0.207568509	0.213383811	2.8767	1.02
1065.596248	7.022936094	0.676663589	0.748812021	2.8767	1.02
1081.07334	7.630881624	0.607039901	0.659503703	2.8767	1.02
1097.84019	7.285086563	0.391666933	0.413920473	2.8767	1.02
1116.946057	7.218296488	0.196718619	0.202229946	2.8767	1.02
1144.265648	6.946254906	0.251252822	0.260681942	2.8767	1.02
1167.4814	7.086547729	0.318947187	0.333978705	2.8767	1.02
1246.153977	6.794769309	0.597866048	0.655547086	2.8767	1.02
1246.599647	7.128115309	0.639160995	0.644634997	2.8767	1.02
1276.853322	6.219431895	0.279920546	0.293112795	2.8767	1.02
1326.90112	6.76978251	0.70835778	0.791138771	2.8767	1.02
1346.24748	5.840294087	0.364656242	0.388940933	2.8767	1.02
1392.416013	5.467020678	0.246056463	0.257652747	2.8767	1.02
1405.182166	5.611755185	0.760001811	0.760581539	2.8767	1.02
1414.599914	5.577437553	0.251026041	0.262856534	2.8767	1.02
1457.71282	5.47669703	0.481889975	0.52838185	2.8767	1.02
1458.102776	5.558002228	0.465646703	0.463692244	2.8767	1.02
1469.786423	5.078678445	0.228578183	0.239350741	2.8767	1.02
1498.677367	5.086683505	0.22893847	0.239728008	2.8767	1.02
1507.289216	4.631809792	1.118222752	1.474104678	2.8767	1.02
1510.930246	4.789682398	0.311449083	0.314271189	2.8767	1.02
1523.13735	4.967646875	2.461821998	2.461701377	2.8767	1.02
1535.764355	4.858684696	0.468136828	0.518051347	2.8767	1.02
1578.844358	4.6746674	0.169087284	0.175432862	2.8767	1.02
1590.730771	4.6746674	0.210394691	0.220310287	2.8767	1.02
1617.006356	3.906382057	0.504065517	0.500939285	2.8767	1.02
1623.472027	4.430316126	0.16024886	0.166262746	2.8767	1.02
1678.844831	4.041277906	0.389379253	0.430896342	2.8767	1.02
1684.909306	4.185532481	0.151394796	0.157076403	2.8767	1.02
1737.921145	4.071465101	0.147268868	0.152795635	2.8767	1.02
1763.346271	4.034137684	0.181566105	0.190123052	2.8767	1.02
1775.638384	3.650049183	0.663987901	0.666122553	2.8767	1.02
1797.77102	3.858644038	0.139570922	0.144808798	2.8767	1.02
1841.781554	4.185532481	0.261336248	0.278740228	2.8767	1.02
1874.250042	3.256167344	0.412317142	0.414176203	2.8767	1.02
1919.957357	3.386497166	0.211446087	0.225527576	2.8767	1.02
1961.658965	3.269781381	0.421920851	0.484429953	2.8767	1.02
2006.801825	3.324686627	0.149635547	0.156687653	2.8767	1.02
2014.127824	3.386497166	0.122492909	0.127089874	2.8767	1.02
2052.202583	3.150900699	0.113971155	0.118248312	2.8767	1.02
2092.558961	2.869133237	0.300212429	0.335296228	2.8767	1.02
2108.108559	2.982076062	0.312030228	0.348495094	2.8767	1.02
2208.671305	2.895681	0.15568003	0.164525382	2.8767	1.02
2248.558592	2.816765654	0.175873194	0.187585667	2.8767	1.02
2310.469885	2.795340498	0.245959664	0.269689409	2.8767	1.02
2344.226392	2.457642544	0.413464514	0.49709368	2.8767	1.02
2356.124457	2.522032719	0.179149097	0.192847771	2.8767	1.02
2378.050351	2.645055058	0.187887818	0.2022547	2.8767	1.02
2381.080886	2.430808333	0.130687156	0.138112475	2.8767	1.02
2431.953019	2.568920808	0.138112475	0.145959682	2.8767	1.02
2463.939147	2.620805047	0.117955658	0.123514737	2.8767	1.02
2537.992995	2.453300326	0.174266786	0.187592134	2.8767	1.02
2546.706653	2.300121177	0.103522506	0.108401371	2.8767	1.02
2595.202386	2.261698534	0.101793202	0.106590568	2.8767	1.02
2648.026798	1.970238115	0.269964888	0.312829199	2.8767	1.02
2710.379484	2.321403936	0.164897709	0.177506648	2.8767	1.02
2711.485211	2.003321798	0.090164333	0.094413648	2.8767	1.02
2773.911675	2.101041915	0.094562463	0.099019055	2.8767	1.02
2867.016275	1.760964969	0.140085517	0.152192496	2.8767	1.02
3052.624996	1.452695919	0.190941843	0.190823033	2.8767	1.02
3092.539129	1.446021388	0.220912427	0.260747496	2.8767	1.02
3255.085791	1.562250659	0.150523673	0.166573077	2.8767	1.02
3324.734705	1.593803281	0.205658654	0.236127728	2.8767	1.02
3371.937832	1.45127835	0.139831433	0.154740789	2.8767	1.02
3392.316002	1.564713093	0.124473597	0.135231305	2.8767	1.02
3444.157737	1.547927859	0.123138324	0.133780631	2.8767	1.02
3475.369928	1.550367717	0.110128221	0.118549199	2.8767	1.02
3554.535913	1.348188805	0.084178203	0.089784145	2.8767	1.02
3602.773267	1.313514032	0.070618243	0.074630596	2.8767	1.02
3698.405861	1.338365449	0.568216519	0.596161199	2.8767	1.02
3732.225885	1.287510313	0.05794751	0.060678492	2.8767	1.02
3794.393343	1.301471663	0.058575874	0.06133647	2.8767	1.02
3832.640296	1.254800597	0.345777922	0.477306402	2.8767	1.02
3892.971014	1.131750556	0.080392331	0.086539548	2.8767	1.02
3940.434433	1.15460841	0.072091432	0.076892442	2.8767	1.02
4055.960593	1.121374604	0.07001638	0.074679199	2.8767	1.02
4118.643782	1.01492679	0.04567923	0.047832026	2.8767	1.02
4304.948348	0.882573161	0.113884072	0.13075641	2.8767	1.02
4377.692177	0.942832873	0.136647868	0.159809598	2.8767	1.02
4430.828656	0.985713527	0.127192935	0.146037029	2.8767	1.02
4451.20682	0.93418893	0.105417604	0.118826455	2.8767	1.02
4539.421268	0.951556799	0.099566369	0.111202018	2.8767	1.02
4622.204336	0.850649628	0.060424717	0.065045106	2.8767	1.02
4670.957411	0.836439852	0.052225626	0.05570365	2.8767	1.02
4784.683277	0.761641705	0.047555379	0.050722383	2.8767	1.02
4848.398	0.806185006	0.050336574	0.053688794	2.8767	1.02
4947.740645	0.734092381	0.045835255	0.048887705	2.8767	1.02
4998.815259	0.769900704	0.048071055	0.051272401	2.8767	1.02
5113.574871	0.694625491	0.031263297	0.032736691	2.8767	1.02
5172.646332	0.652280982	0.035068477	0.037060981	2.8767	1.02
6361.261387	0.396050637	0.051104952	0.058676336	2.8767	1.02
6543.196211	0.49304972	0.071459317	0.083571627	2.8767	1.02
6841.009875	0.422426074	0.07106737	0.085441771	2.8767	1.02
14777.51645	0.153373637	0.037027835	0.048812194	2.8767	1.02
18052.81498	0.059669269	0.003207989	0.003390259	2.8767	1.02
