read serr 1
read terr 2
log x
ma 17 on 2
ma 31 on 3
    259.0740    25.0000  6.82091e+01   1.57273e-01 -1.37348e-01 no
    303.9500    19.8760  6.81962e+01   1.77494e-01 -1.52514e-01 no
    391.2120    19.0000  6.82891e+01   2.56055e-01 -2.07043e-01 no
    482.7120    20.5000  6.80934e+01   2.20772e-01 -1.83377e-01 no
    607.7120    51.5000  6.91311e+01   3.95149e-01 -2.89086e-01 no
    733.7120    51.5000  6.94670e+01   4.86817e-01 -3.34912e-01 no
    904.7120    67.5000  6.97052e+01   5.06469e-01 -3.44011e-01 no
   1122.2120    97.0000  6.90672e+01   1.63782e-01 -1.42283e-01 no
   1382.7980    49.8820  6.99087e+01   4.19862e-01 -3.02019e-01 no
   1769.7120    13.5000 no         no         no          6.91860e+01
   5502.7120   449.5000  7.07478e+01   1.76244e-01 -1.51590e-01 no
   7220.7120   349.5000  7.08635e+01   2.25853e-01 -1.86866e-01 no
  17887.7120  1253.5000  7.13609e+01   2.24487e-01 -1.85931e-01 no
  29443.7120  1268.5000  7.13713e+01   2.19107e-01 -1.82228e-01 no
  41014.7120  1267.5000  7.16504e+01   2.95817e-01 -2.32235e-01 no
  52587.2120  1266.0000  7.16946e+01   3.08291e-01 -2.39834e-01 no
  69613.7120  6671.5000  7.20472e+01   3.39385e-01 -2.58180e-01 no
  87300.7120  7051.5000  7.17095e+01   2.35980e-01 -1.93736e-01 no
 388434.7120 29492.5000 no         no         no          7.29823e+01
 663090.2120 55468.0000 no         no         no          7.29491e+01
 767337.7120 15181.5000 no         no         no          7.24494e+01
1854741.7120 147162.5000 no         no         no          7.41636e+01
2291515.2120 144628.0000 no         no         no          7.39028e+01
