133.93006993006992	2.252402643569283e-12	1.981870180401958e-13	2.1730774403970584e-13	0.36	0.716
567.4405594405595	1.7086221353481089e-12	5.265444245166405e-13	7.610882522608747e-13	0.36	0.716
1228.5314685314688	1.2185575037992607e-12	2.2241180992769787e-14	2.265467541938811e-14	0.36	0.716
1248.1124475524477	1.2973167588751e-12	4.692521383749834e-14	4.8686242774741235e-14	0.36	0.716
1359.4405594405594	1.0780676852393198e-12	9.485827074172717e-14	1.0401002559214865e-13	0.36	0.716
1429.9300699300702	1.121620732528644e-12	4.057011701915841e-14	4.20926492404365e-14	0.36	0.716
1493.4511888111888	1.0900490189609636e-12	6.14501832824751e-14	6.512131812578501e-14	0.36	0.716
1681.678321678322	1.0323953229254674e-12	1.884333825993739e-14	1.9193662073762728e-14	0.36	0.716
1739.3689510489512	9.372296694116777e-13	6.657480983535546e-14	7.166546689178146e-14	0.36	0.716
1883.0769230769233	9.502678328667244e-13	2.5897436601066158e-14	2.6622986905593115e-14	0.36	0.716
2008.0195804195805	8.843944904781478e-13	4.36848483464146e-14	4.595479492417955e-14	0.36	0.716
2134.825174825175	8.666545638657043e-13	2.36187428917047e-14	2.4280452633931516e-14	0.36	0.716
2253.3583216783218	8.33001969803485e-13	4.333126222369934e-14	4.5708960000605706e-14	0.36	0.716
2498.118041958042	8.925776919453904e-13	5.573075974779931e-14	5.944221218021995e-14	0.36	0.716
3022.4895104895104	6.802147238485097e-13	2.0962111101503811e-13	3.029946906490829e-13	0.36	0.716
3494.265734265735	6.289933130286082e-13	3.9273080122547384e-14	4.188851492747546e-14	0.36	0.716
3695.6643356643367	5.951768470382572e-13	3.199839678613282e-14	3.38164659903511e-14	0.36	0.716
3897.0629370629376	5.683894762931493e-13	3.548909818419372e-14	3.7852534469222016e-14	0.36	0.716
4148.811188811189	5.418087673982592e-13	1.4765793093583614e-14	1.517947595496743e-14	0.36	0.716
4652.307692307692	4.860109211322312e-13	3.034554652760134e-14	3.2366442222950856e-14	0.36	0.716
4745.318601398602	4.412106920946498e-13	8.422893044721246e-14	1.0410253040800947e-13	0.36	0.716
5004.755244755245	5.042501410725759e-13	2.710991896576011e-14	2.8650237036379657e-14	0.36	0.716
5008.033006993007	5.028587695789924e-13	5.137096023919596e-14	5.721602515856994e-14	0.36	0.716
5407.552447552448	4.72765774256663e-13	2.5417230033136904e-14	2.686137373472929e-14	0.36	0.716
5483.076923076923	4.705936128334717e-13	4.140713699768807e-14	4.540202288267773e-14	0.36	0.716
5499.878601398602	4.2800222663232423e-13	5.350722256782438e-14	6.115224542754074e-14	0.36	0.716
5760.			3.6529693506586016e-13	1.9639400173515538e-14	2.0755261973825796e-14	0.36	0.716
6004.543216783217	4.2486017962698785e-13	2.7992229142657516e-14	2.9966600949246624e-14	0.36	0.716
6162.797202797203	3.7900595034205817e-13	2.366437090250729e-14	2.524032621596924e-14	0.36	0.716
7444.0145454545445	3.5338330519790153e-13	2.1147810863899513e-14	2.24939340565225e-14	0.36	0.716
7444.195804195804	3.472530175815546e-13	1.5628960317598963e-14	1.6365530524911805e-14	0.36	0.716
7632.825734265734	3.469333329756439e-13	2.315630788628987e-14	2.48124309381847e-14	0.36	0.716
7633.006993006993	3.472530175815546e-13	1.5628960317598963e-14	1.6365530524911805e-14	0.36	0.716
7763.4125874125875	3.2407537212271876e-13	2.0234615840090752e-14	2.158216276962586e-14	0.36	0.716
7955.637482517483	3.406010860139043e-13	1.741993126033661e-14	1.8358890728274193e-14	0.36	0.716
8160.671328671328	3.424885275642212e-13	9.333763200664838e-15	9.595260693136484e-15	0.36	0.716
8160.726713286715	3.2199270193395354e-13	2.1214728814340768e-14	2.2711064180917827e-14	0.36	0.716
8349.986013986012	2.896316566599131e-13	1.3035571872590327e-14	1.3649919447958703e-14	0.36	0.716
8350.162237762239	3.0693472737009787e-13	2.1276966017043525e-14	2.2861762035698542e-14	0.36	0.716
8816.903496503497	2.869762976708557e-13	1.98934313675013e-14	2.1375176029938796e-14	0.36	0.716
8817.23076923077	2.9829503748610647e-13	8.129367905051019e-15	8.357122699858632e-15	0.36	0.716
9015.039440559442	2.8644815438209557e-13	1.8872849844376522e-14	2.0204005803869492e-14	0.36	0.716
9015.104895104894	2.869762976708557e-13	1.2916061031308106e-14	1.3524776234250517e-14	0.36	0.716
9225.99944055944	2.600435153797169e-13	1.7580206090696058e-14	1.8854888215169404e-14	0.36	0.716
9226.069930069929	2.6585573200013326e-13	1.4293158819502166e-14	1.5105260502420916e-14	0.36	0.716
9469.76223776224	2.86184447342239e-13	2.757402211391678e-14	3.051406869118642e-14	0.36	0.716
9939.02097902098	2.4697103876089836e-13	2.1730774403971036e-14	2.3827320319260093e-14	0.36	0.716
12316.027972027972	2.0542156255290873e-13	1.0326612334681299e-14	1.0873212450120018e-14	0.36	0.716
12789.314685314686	2.1709310407594318e-13	6.692962174283046e-15	6.9058695528689455e-15	0.36	0.716
13277.706293706293	1.85629086892149e-13	7.208062552001165e-15	7.499262347236666e-15	0.36	0.716
13801.342657342657	1.8224097422104522e-13	8.682418130724282e-15	9.116763669745137e-15	0.36	0.716
15231.27272727273	1.6774362667764193e-13	7.10646260745688e-15	7.420846959816743e-15	0.36	0.716
16006.657342657343	1.6167617591985545e-13	8.551201772145478e-15	9.028740149898647e-15	0.36	0.716
16449.23076923077	1.5582819078009126e-13	3.76204196969449e-14	4.9593371772817474e-14	0.36	0.716
16847.496503496506	1.6468196044548716e-13	6.9767550470192554e-15	7.28540123826652e-15	0.36	0.716
17018.18181818182	1.5582819078009126e-13	3.76204196969449e-14	4.9593371772817474e-14	0.36	0.716
17280.			1.4950166464240523e-13	2.0484935200557772e-14	2.3737479052711412e-14	0.36	0.716
17481.398601398603	1.6362363192332672e-13	1.4397106034471433e-14	1.578611285435939e-14	0.36	0.716
17592.656223776226	1.4475915134743624e-13	1.0282765566878181e-14	1.1069039432655001e-14	0.36	0.716
17612.811188811193	1.6167617591985545e-13	8.551201772145478e-15	9.028740149898647e-15	0.36	0.716
17677.762237762243	1.4211699906866411e-13	3.431023054473237e-14	4.5229692617017054e-14	0.36	0.716
18357.986013986014	1.3824391629555642e-13	7.673127309251037e-15	8.124046562792116e-15	0.36	0.716
19037.202797202797	1.3385852291182117e-13	9.508454542727368e-15	1.0235520550625948e-14	0.36	0.716
19354.405594405598	1.3760874319648825e-13	1.2108077811147457e-14	1.3276243317127965e-14	0.36	0.716
20014.48951048951	1.3952307150383433e-13	6.6472298606672925e-15	6.979763331568422e-15	0.36	0.716
20275.804195804198	1.3361217336625585e-13	7.183369716255441e-15	7.591510891293885e-15	0.36	0.716
20663.637482517483	1.1605023610985682e-13	6.239190117435629e-15	6.593685359418787e-15	0.36	0.716
22526.433566433567	1.0780676852393175e-13	9.485827074172296e-15	1.0401002559215078e-14	0.36	0.716
23584.264615384618	1.0201077062410451e-13	5.484388600014623e-15	5.795997899827251e-15	0.36	0.716
23956.36363636364	9.520199041256103e-14	5.118329248205652e-15	5.409139967424106e-15	0.36	0.716
25245.803076923075	9.303492854023254e-14	5.001821850453323e-15	5.286012909526915e-15	0.36	0.716
28064.895104895106	8.484886326739474e-14	3.069066228777568e-15	3.1842434223844855e-15	0.36	0.716
29626.22265734266	8.028714752325373e-14	5.0129683609975195e-15	5.3468126096902815e-15	0.36	0.716
31342.657342657345	7.248464702503065e-14	1.5193494215757984e-15	1.5518783158776657e-15	0.36	0.716
31775.664335664336	7.335775439663492e-14	1.1396593715229425e-15	1.1576441090412556e-15	0.36	0.716
32208.671328671335	6.973423298130128e-14	1.3358194809789028e-15	1.3619080054703974e-15	0.36	0.716
32314.405594405598	7.288632083105445e-14	1.3962004470474118e-15	1.4234682104511408e-15	0.36	0.716
32410.06993006993	7.096529760345485e-14	1.2952626554618775e-15	1.3193433861215788e-15	0.36	0.716
32500.6993006993	7.109614098677168e-14	1.810055012801393e-15	1.857341550975551e-15	0.36	0.716
32591.328671328672	6.820968256105446e-14	1.675315717867038e-15	1.717499673132266e-15	0.36	0.716
32686.99300699301	6.833544523580693e-14	2.045749081838012e-15	2.1088824124862423e-15	0.36	0.716
32777.62237762238	6.659567548903429e-14	1.814917041524571e-15	1.865764298434732e-15	0.36	0.716
32868.25174825176	6.871412623241493e-14	1.4403156010300347e-15	1.4711524008351773e-15	0.36	0.716
32963.91608391608	6.96058960160368e-14	2.208048238485433e-15	2.2803870027669163e-15	0.36	0.716
33054.545454545456	6.770894210810812e-14	1.3581627621344029e-15	1.3859635823600735e-15	0.36	0.716
33145.17482517482	6.865086731959655e-14	1.1909152345075188e-15	1.2119392502668693e-15	0.36	0.716
33235.804195804194	6.739784777755164e-14	1.6553760330295683e-15	1.6970579129168296e-15	0.36	0.716
33331.468531468534	7.044432764829317e-14	1.9198034975811564e-15	1.9735892847136316e-15	0.36	0.716
33427.132867132874	6.827253494050672e-14	2.348158839062401e-15	2.4317978548489424e-15	0.36	0.716
33517.76223776224	6.490019898951189e-14	1.884896055530455e-15	1.9412765373295817e-15	0.36	0.716
33608.391608391605	6.85876666435666e-14	1.313856012181713e-15	1.3395155906201154e-15	0.36	0.716
33699.020979020985	6.659567548903429e-14	1.2756977005978633e-15	1.3006120480671775e-15	0.36	0.716
33794.68531468532	6.377434816319416e-14	1.3367729991106034e-15	1.365392977488275e-15	0.36	0.716
33885.31468531469	6.677994059501825e-14	1.5801758979448342e-15	1.6184729053041247e-15	0.36	0.716
33980.97902097902	6.574247174452207e-14	1.5556268603473802e-15	1.5933288993397023e-15	0.36	0.716
34071.608391608395	6.454253640423387e-14	1.4691674951208336e-15	1.5033888022440712e-15	0.36	0.716
34162.23776223777	6.628969615396921e-14	1.1499550132864998e-15	1.1702559311195586e-15	0.36	0.716
34257.9020979021	6.628969615396921e-14	1.6876864926170723e-15	1.7317762308817733e-15	0.36	0.716
34348.53146853147	6.359837635311727e-14	1.6762261672553034e-15	1.7216014353191518e-15	0.36	0.716
34439.160839160846	6.460200966135187e-14	1.7605841128592332e-15	1.809909162241816e-15	0.36	0.716
34534.82517482517	6.490019898951189e-14	1.7687105998916847e-15	1.8182633233576794e-15	0.36	0.716
34625.454545454544	6.5803050692042e-14	1.6752968601336038e-15	1.7190629271147166e-15	0.36	0.716
34716.08391608392	6.48404512163116e-14	1.47594886416241e-15	1.51032812966213e-15	0.36	0.716
34806.71328671329	6.592437610144432e-14	1.5599311600811194e-15	1.5977375177126815e-15	0.36	0.716
34897.34265734266	6.336450235214918e-14	1.4423521662869523e-15	1.47594886416241e-15	0.36	0.716
35315.24475524476	6.324788806401947e-14	1.382744029802125e-15	1.4136496565782017e-15	0.36	0.716
35405.87412587413	6.49600018177946e-14	1.1268882509276738e-15	1.1467819559203077e-15	0.36	0.716
35501.53846153846	6.531997778843643e-14	1.3691709147170703e-15	1.3984845244328798e-15	0.36	0.716
35592.167832167834	6.513974114068243e-14	1.2478080202728974e-15	1.2721776829112516e-15	0.36	0.716
35682.79720279721	6.48404512163116e-14	1.1834716102101725e-15	1.2054739901663462e-15	0.36	0.716
35773.42657342658	6.5803050692042e-14	1.3199327932499839e-15	1.3469510677296864e-15	0.36	0.716
35869.09090909091	6.284142554849291e-14	1.4304454845821974e-15	1.463764840212599e-15	0.36	0.716
38638.82517482518	6.006839505993843e-14	4.266875141437662e-15	4.5931426606592375e-15	0.36	0.716
72704.89510489511	2.562394705985244e-14	4.891716572961892e-15	6.045904543490231e-15	0.36	0.716
79925.03496503497	2.4246330928902076e-14	1.7223044932092956e-15	1.854000874218174e-15	0.36	0.716
87527.83216783218	1.8648591182681262e-14	1.0026011985097526e-15	1.0595665013437869e-15	0.36	0.716
87643.63636363635	1.9982325467726837e-14	7.227802224312027e-16	7.499050191637138e-16	0.36	0.716
89879.16083916083	1.9599546759280902e-14	3.577320442328377e-16	3.6438277948663936e-16	0.36	0.716
90281.95804195805	1.9312834923938526e-14	3.8739304452662677e-16	3.953227600865239e-16	0.36	0.716
137660.97902097905	1.1082711509095006e-14	4.988041848948245e-16	5.2231210189067705e-16	0.36	0.716
138748.5314685315	1.206274170083721e-14	6.485272355482068e-16	6.85374937729327e-16	0.36	0.716
146446.993006993	1.0981104599242076e-14	7.80027536831625e-16	8.396725090725592e-16	0.36	0.716
146900.13986013987	1.0088951363034633e-14	6.299338753302987e-16	6.718850280588418e-16	0.36	0.716
187633.006993007	7.955107053035845e-15	5.65079997529549e-16	6.082889602585574e-16	0.36	0.716
194002.23776223778	6.5621481106897104e-15	4.0972735828659854e-16	4.370136111104066e-16	0.36	0.716
194415.10489510492	6.389193312040954e-15	3.9892840776643205e-16	4.254954923722389e-16	0.36	0.716
232031.32867132867	6.261033512665632e-15	3.3661093442479324e-16	3.557363292928903e-16	0.36	0.716
235001.95804195805	6.203632012393265e-15	5.458523737153042e-16	5.985152260918326e-16	0.36	0.716