#tstart(s) tend(s) Exposure (s) Magnitude Telescope
60.28 65.28 5 16.88 0.15 
64.87 145.19 20 16.64 0.19 
68.48 73.48 5 16.84 0.19 
76.78 81.78 5 17.01 0.19 
80.38 105.38 25 16.66 0.05 
84.98 89.98 5 16.95 0.19 
93.28 98.28 5 16.74 0.15 
101.59 106.59 5 16.70 0.14 
108.59 133.59 25 16.59 0.06 
109.79 114.79 5 16.63 0.13 
118.09 123.09 5 16.60 0.13 
126.29 131.29 5 16.42 0.12 
134.49 139.49 5 16.41 0.11 
136.90 161.90 25 16.52 0.06 
142.80 147.80 5 16.51 0.09 
149.49 226.41 19 16.55 0.18 
151.10 156.10 5 16.67 0.12 
159.30 164.30 5 16.53 0.12 
165.20 190.20 25 16.68 0.07 
167.50 172.50 5 16.50 0.12 
175.80 180.80 5 16.86 0.20 
184.00 189.00 5 16.59 0.14 
192.20 197.20 5 16.48 0.13 
193.51 218.51 25 16.68 0.08 
200.41 205.41 5 16.67 0.14 
208.61 213.61 5 16.65 0.12 
216.91 221.91 5 16.88 0.17 
225.11 230.11 5 16.57 0.15 
1500 1500 0 17.538 0 