  6.100000E+001  3.212533E-011  1.183541E-012  1.183541E-012   R
  8.000000E+001  2.202151E-011  1.216954E-012  1.216954E-012   R
  1.000000E+002  1.523517E-011  8.419265E-013  8.419265E-013   R
  1.190000E+002  1.302709E-011  9.598713E-013  9.598713E-013   R
  1.380000E+002  9.180090E-012  8.455176E-013  8.455176E-013   R
  1.570000E+002  8.372352E-012  9.253465E-013  9.253465E-013   R
  1.760000E+002  7.496303E-012  8.285220E-013  8.285220E-013   R
  1.950000E+002  6.650397E-012  7.350290E-013  7.350290E-013   R
  2.140000E+002  6.589423E-012  7.889808E-013  7.889808E-013   R
  2.330000E+002  6.774028E-012  8.734754E-013  8.734754E-013   R
  2.480000E+002  4.558769E-012  5.878293E-013  5.878293E-013   R
  2.770000E+002  4.119527E-012  5.691338E-013  5.691338E-013   R
  3.060000E+002  3.862313E-012  5.691715E-013  5.691715E-013   R
  3.360000E+002  3.757050E-012  5.536593E-013  5.536593E-013   R
  3.650000E+002  2.903003E-012  5.614905E-013  5.614905E-013   R
  3.940000E+002  2.797996E-012  5.154100E-013  5.154100E-013   R
  4.230000E+002  2.903003E-012  4.812776E-013  4.812776E-013   R
  4.520000E+002  3.039817E-012  5.599550E-013  5.599550E-013   R
  4.810000E+002  2.647570E-012  5.120854E-013  5.120854E-013   R
  5.100000E+002  2.202151E-012  5.273465E-013  5.273465E-013   R
  5.420000E+002  1.865722E-012  4.295984E-013  4.295984E-013   R
  5.710000E+002  2.161955E-012  4.579839E-013  4.579839E-013   R
  6.010000E+002  1.509548E-012  4.727175E-013  4.727175E-013   R
  6.950000E+002  1.917993E-012  4.946304E-013  4.946304E-013   R
  7.240000E+002  1.326928E-012  4.399725E-013  4.399725E-013   R
  7.530000E+002  1.481996E-012  4.504398E-013  4.504398E-013   R
  8.250000E+002  1.134612E-012  2.821545E-013  2.821545E-013   R
  8.940000E+002  1.314762E-012  2.906257E-013  2.906257E-013   R
  9.640000E+002  1.145111E-012  2.847653E-013  2.847653E-013   R
  1.211000E+003  5.899933E-013  1.956254E-013  1.956254E-013   R
  1.420000E+003  5.845839E-013  1.830633E-013  1.830633E-013   R
  2.177000E+003  5.899933E-013  3.803827E-014  3.803827E-014   R
  2.461000E+003  4.907357E-013  2.711905E-014  2.711905E-014   R
  2.522000E+003  4.313670E-013  3.973037E-014  3.973037E-014   R
  2.652000E+003  4.234942E-013  2.340315E-014  2.340315E-014   R
  2.864000E+003  6.292850E-013  2.318372E-013  2.318372E-013   R
  2.874000E+003  3.970522E-013  2.194191E-014  2.194191E-014   R
  3.100000E+003  4.044334E-013  1.489988E-013  1.489988E-013   R
  3.125000E+003  3.722603E-013  2.057187E-014  2.057187E-014   R
  3.402000E+003  3.272254E-013  1.808314E-014  1.808314E-014   R
  3.683000E+003  3.096330E-013  1.711095E-014  1.711095E-014   R
  3.787000E+003  3.183075E-013  1.260640E-013  1.260640E-013   R
  4.018000E+003  3.212529E-013  1.479425E-014  1.479425E-014   R
  8.274700E+004  9.612734E-015  1.416585E-015  1.416585E-015   R
  1.113290E+006  1.302707E-015  2.399676E-016  2.399676E-016   R
