Time (s)     Err_Time (s)     Flux (erg/cm^2/s/A)    Err_Flux (Jy)
           2204.5000              30.0000    1.5982133485916488e+46    1.1776071481060488e+45
           2569.4000              30.0000    1.4984241131617724e+46    1.3800996501098414e+45
           2934.7000              30.0000    1.4048655174124206e+46    1.4233218961187626e+45
           3299.1000              30.0000    9.3677383118842253e+45    1.2942009127781771e+45
           3670.8000              30.0000    9.7192946958626871e+45    1.2532522086206528e+45
           4031.1000              30.0000    8.9461206294993713e+45    1.2359522756771962e+45
           4400.4000              30.0000    7.1719086374663218e+45    1.1890029882489723e+45
           6092.8000             270.0000    6.2464712808652396e+45    5.1778915449095679e+44
           9322.4000             270.0000    4.0145303423388606e+45    4.0672711146106265e+44
