read serr 1
read terr 2
log x
ma 17 on 2
ma 31 on 3
    123.9990    10.0000  4.84918e+01   6.30478e-02 -5.95867e-02 no
    143.9990    10.0000  4.85530e+01   6.42379e-02 -6.06486e-02 no
    168.9990    15.0000  4.86772e+01   5.46327e-02 -5.20149e-02 no
    198.8800    14.8810  4.88071e+01   5.71429e-02 -5.42853e-02 no
    242.7500    23.4530  4.89155e+01   1.32845e-01 -1.18348e-01 no
    291.2030    25.0000  4.90126e+01   1.33402e-01 -1.18790e-01 no
    351.2030    35.0000  4.94002e+01   1.42899e-01 -1.26260e-01 no
    418.8900    32.6870  4.95048e+01   1.60767e-01 -1.40003e-01 no
   4085.1800   406.5000  5.15275e+01   1.12495e-01 -1.01925e-01 no
   4903.1800   406.5000  5.17080e+01   1.15023e-01 -1.03997e-01 no
   5775.1800   459.5000  5.19070e+01   9.41883e-02 -8.66657e-02 no
  10368.6800   900.0000  5.23380e+01   3.08034e-01 -2.39679e-01 no
  16236.1800   983.5000  5.27803e+01   1.48194e-01 -1.30375e-01 no
  22119.6800  1083.0000  5.28971e+01   2.75498e-01 -2.19550e-01 no
  28021.6800  1201.0000 no         no         no          5.23443e+01
  35944.6800  3341.0000  5.42981e+01   4.95564e-01 -3.38992e-01 no
  43007.6800  3713.0000  5.41195e+01   5.54904e-01 -3.65441e-01 no
  54118.1800  4168.5000  5.44677e+01   4.44080e-01 -3.14268e-01 no
  68210.1800  6687.5000  5.41779e+01   4.00545e-01 -2.91948e-01 no
  83123.6800  8218.0000  5.47405e+01   5.94360e-01 -3.81915e-01 no
 100649.6800  9300.0000 no         no         no          5.37907e+01
 126017.6800 12502.0000  5.50335e+01   4.59345e-01 -3.21780e-01 no
 141783.1800  3257.5000 no         no         no          5.37495e+01
 246789.6800 17596.0000 no         no         no          5.53142e+01
