12666.240000000002	2.0110368488702915e-12	3.6707741264867255e-14	3.739023045249891e-14	0.17	1.6187
13357.44	1.885464797706912e-12	3.4415827265726995e-14	3.505570723935198e-14	0.17	1.6187
13962.24	1.9029125413281053e-12	3.473430498611407e-14	3.5380106291038344e-14	0.17	1.6187
30499.2	8.305833642636144e-13	2.0054686693918627e-13	2.6438292407226217e-13	0.17	1.6187
31363.2	9.023778539907068e-13	1.647253666855198e-14	1.677882726077573e-14	0.17	1.6187
33955.200000000004	8.538571675642299e-13	1.5586888696999036e-14	1.5876712999946347e-14	0.17	1.6187
35216.64	8.753594577109089e-13	4.7068141237351663e-14	4.974281604738271e-14	0.17	1.6187
35216.64	8.079446851190579e-13	5.045370050827552e-14	5.381423673470737e-14	0.17	1.6187
35907.84	8.282915453389375e-13	5.88447620744246e-14	6.334501615165227e-14	0.17	1.6187
35907.84	7.505451594756025e-13	4.686979232699114e-14	4.999165438914766e-14	0.17	1.6187
36547.2	7.931958410054334e-13	1.447975080660318e-14	1.4748992942551717e-14	0.17	1.6187
36599.03999999999	7.694464997898928e-13	3.4636143774107406e-14	3.6268758836919734e-14	0.17	1.6187
36599.03999999999	7.931958410054334e-13	2.869496323974955e-14	2.97720070199193e-14	0.17	1.6187
51926.4	5.751162361697555e-13	3.591640395475723e-14	3.830881581390551e-14	0.17	1.6187
52151.04	5.896007514820556e-13	2.6541746673398822e-14	2.77928843169825e-14	0.17	1.6187
52704.	5.337629543015942e-13	3.7923377316764744e-14	4.08238770224461e-14	0.17	1.6187
52842.240000000005	6.111683114910459e-13	2.2110894908155383e-14	2.2940850800189572e-14	0.17	1.6187
53395.2	5.362276799240073e-13	7.773337201197357e-14	9.091232978763063e-14	0.17	1.6187
53827.200000000004	5.693178864310878e-13	5.2209405497949726e-15	5.26926242145687e-15	0.17	1.6187
53965.44	5.74586778402639e-13	2.0787700380857015e-14	2.1567998695306874e-14	0.17	1.6187
54064.8	5.492261771984451e-13	1.101936752107678e-14	1.1244980535222618e-14	0.17	1.6187
54540.	5.426877624369164e-13	7.447828547509303e-15	7.551464592879437e-15	0.17	1.6187
54570.24	5.809736405429122e-13	2.1018716039308092e-14	2.1807683873341053e-14	0.17	1.6187
54673.056	5.382068592480494e-13	7.87510916712422e-15	7.992049826221414e-15	0.17	1.6187
55607.04	5.274091115105955e-13	2.374265502649981e-14	2.4861875217660476e-14	0.17	1.6187
55689.119999999995	5.15875886728618e-13	9.418128408726575e-15	9.59326866724994e-15	0.17	1.6187
55702.944	5.322901484489942e-13	7.788535124723574e-15	7.904190211091158e-15	0.17	1.6187
56147.04	5.206501866104299e-13	8.562670688417276e-15	8.705848030255723e-15	0.17	1.6187
56484.	5.154009662205211e-13	8.476341427954898e-15	8.618075248900433e-15	0.17	1.6187
56950.56	5.092652330279931e-13	7.91383722972725e-15	8.03875723637919e-15	0.17	1.6187
57217.536	5.211304240349615e-13	8.098124427484542e-15	8.225951894281025e-15	0.17	1.6187
57589.91999999999	4.867872878642595e-13	1.1521504627506322e-14	1.1800811645944889e-14	0.17	1.6187
57591.648	4.787813537730693e-13	2.1554058873908345e-14	2.2570134377543408e-14	0.17	1.6187
58358.880000000005	4.967538347542071e-13	8.619643948709788e-15	8.77185263066958e-15	0.17	1.6187
58688.064	5.018136013064636e-13	5.974298332634279e-15	6.046281816705134e-15	0.17	1.6187
58717.439999999995	5.436888522878542e-13	9.925799663481723e-15	1.0110378754287213e-14	0.17	1.6187
58816.799999999996	4.827679477179191e-13	9.686335271647862e-15	9.884662766367339e-15	0.17	1.6187
59309.28	5.059915082351363e-13	6.944348284406895e-15	7.0409803804594415e-15	0.17	1.6187
59784.479999999996	4.940157878220961e-13	7.676909971351673e-15	7.798090796888772e-15	0.17	1.6187
59806.08	4.832127982596322e-13	8.384768129408239e-15	8.532830863961102e-15	0.17	1.6187
60371.99999999999	4.739542569830058e-13	9.081443813743268e-15	9.258852815531038e-15	0.17	1.6187
60698.592000000004	4.78340582863534e-13	6.130138717538757e-15	6.209718915652847e-15	0.17	1.6187
60791.04	4.91292380175621e-13	1.777488635442987e-14	1.8442119538072824e-14	0.17	1.6187
60812.64	4.796645562096403e-13	6.5831180530438205e-15	6.6747247824669294e-15	0.17	1.6187
61244.64	4.713414444386174e-13	6.4689309838381615e-15	6.5589493584721294e-15	0.17	1.6187
61633.44	4.885844361192355e-13	7.14924945876225e-15	7.255414876746483e-15	0.17	1.6187
61685.27999999999	4.691753950897872e-13	8.565791778813516e-15	8.725086739818708e-15	0.17	1.6187
62134.56	4.635899669795522e-13	5.941187581686291e-15	6.018315963688718e-15	0.17	1.6187
62534.592	4.730815688738468e-13	5.201539623705721e-15	5.259366444183373e-15	0.17	1.6187
62778.240000000005	4.3583974157311164e-13	1.5769120981464396e-14	1.6361081390830347e-14	0.17	1.6187
62825.759999999995	4.657302299954945e-13	7.65970413268444e-15	7.78778717686042e-15	0.17	1.6187
63283.68000000001	4.670192998195479e-13	7.257516796447636e-15	7.372079493904597e-15	0.17	1.6187
63437.472	4.614591145213761e-13	7.589458572612842e-15	7.716366993720208e-15	0.17	1.6187
63732.96	4.4846652184923807e-13	6.15510606528144e-15	6.240759135319738e-15	0.17	1.6187
64234.08000000001	4.5136806455785963e-13	9.056485820326411e-15	9.241920566683034e-15	0.17	1.6187
64400.832	4.580706102425264e-13	6.2868784915024025e-15	6.374364689851615e-15	0.17	1.6187
64683.36000000001	4.4887976505672254e-13	6.160777738971495e-15	6.246509734743627e-15	0.17	1.6187
65364.192	4.492938028652915e-13	7.796364187625505e-15	7.934039492669394e-15	0.17	1.6187
65383.200000000004	4.1813991670076846e-13	9.144286074610238e-15	9.348733167812595e-15	0.17	1.6187
65823.84	4.480536590775901e-13	5.334508656107399e-15	5.3987863874288674e-15	0.17	1.6187
66264.48000000001	4.1583479715902244e-13	7.215955453118027e-15	7.343384753450884e-15	0.17	1.6187
66310.272	4.419045043708701e-13	5.663355538524471e-15	5.736878167101744e-15	0.17	1.6187
66407.04	4.779002177321114e-13	8.725038705529216e-15	8.887294306029947e-15	0.17	1.6187
66713.76	4.3583974157311164e-13	6.3776959758065056e-15	6.472407502417032e-15	0.17	1.6187
67035.50495999999	4.3211568271399565e-13	1.945376852026632e-14	2.0370860930840538e-14	0.17	1.6187
67203.648	4.40279057774157e-13	8.436391745326216e-15	8.601203403088249e-15	0.17	1.6187
67404.95999999999	4.1968362879097597e-13	6.522145052433334e-15	6.6251032848893375e-15	0.17	1.6187
67459.80672	4.260008134458874e-13	1.9178553170478097e-14	2.0082675038007854e-14	0.17	1.6187
67801.18176	4.305785871545592e-13	1.938456876102908e-14	2.029839894639682e-14	0.17	1.6187
67845.6	4.2552396924423977e-13	8.153739515684198e-15	8.31303086747251e-15	0.17	1.6187
68112.576	4.374487988565378e-13	6.401201805891459e-15	6.496261805855546e-15	0.17	1.6187
68286.24	4.2007073666146536e-13	8.049284553846423e-15	8.206536030674493e-15	0.17	1.6187
68718.24	4.127813132313531e-13	6.789133351143417e-15	6.9026634483811945e-15	0.17	1.6187
69036.192	4.3664332794979154e-13	8.761119793200147e-15	8.940508462717076e-15	0.17	1.6187
69400.8	4.0042024625692055e-13	8.756883490299451e-15	8.95267154645399e-15	0.17	1.6187
69841.44	4.162183549434128e-13	7.222611307569769e-15	7.350158146166434e-15	0.17	1.6187
69928.704	4.1430524213265194e-13	4.93285219388411e-15	4.99229203732431e-15	0.17	1.6187
70282.08	3.9528872631559027e-13	7.217227124958916e-15	7.351450760246592e-15	0.17	1.6187
70740.	4.139238285772538e-13	7.182794533799718e-15	7.309638232852854e-15	0.17	1.6187
70801.344	4.08243076713828e-13	9.662998189062746e-15	9.897263620359348e-15	0.17	1.6187
71418.24	4.2007073666146536e-13	1.5198731656050453e-14	1.576928590800264e-14	0.17	1.6187
71422.56	3.895044541553863e-13	7.463792641740228e-15	7.609610106242166e-15	0.17	1.6187
71540.928	4.067410715056893e-13	7.793975262442247e-15	7.946241191843849e-15	0.17	1.6187
71863.2	4.0226924314351286e-13	7.708322396435799e-15	7.858915704193877e-15	0.17	1.6187
72303.84	3.938347454021722e-13	8.96764455339238e-15	9.176596289350888e-15	0.17	1.6187
72523.296	4.0636662160153127e-13	5.208094219356264e-15	5.27570899891575e-15	0.17	1.6187
73314.72	3.880717493896531e-13	6.734360618898445e-15	6.853288409042183e-15	0.17	1.6187
73400.256	3.9711402768607417e-13	7.609573530687908e-15	7.758238350053889e-15	0.17	1.6187
74213.28	3.7958516277672623e-13	7.27378500484761e-15	7.415891723728167e-15	0.17	1.6187
74280.67199999999	3.82745442764071e-13	5.601038530653078e-15	5.68422054865466e-15	0.17	1.6187
74688.48000000001	3.771447168600971e-13	5.176572305252579e-15	5.2486131539750434e-15	0.17	1.6187
75159.36	3.880717493896531e-13	7.786860602605886e-15	7.946307374834447e-15	0.17	1.6187
75828.96	3.771447168600971e-13	6.203212958941481e-15	6.306948590056529e-15	0.17	1.6187
76040.64	3.8133759950564124e-13	5.580436366774545e-15	5.663312418381306e-15	0.17	1.6187
76321.44	3.43316303953466e-13	8.126693790856152e-15	8.323726007750706e-15	0.17	1.6187
76770.71999999999	3.5686210129046573e-13	6.838516469433796e-15	6.9721226306490216e-15	0.17	1.6187
76921.056	3.6551367372493817e-13	7.004239736876243e-15	7.141082368173813e-15	0.17	1.6187
77309.5968	3.6031374398903116e-13	1.622214582881255e-14	1.6986936415673872e-14	0.17	1.6187
77513.76	3.5489479376841876e-13	6.47999886063531e-15	6.6005172365698655e-15	0.17	1.6187
77700.816	3.628908587172369e-13	1.6338141487861194e-14	1.7108399096606766e-14	0.17	1.6187
77800.608	3.614947782862043e-13	5.945903639587345e-15	6.045337986346808e-15	0.17	1.6187
78094.01376	3.5775526046735644e-13	1.6107020004392867e-14	1.6866386108753143e-14	0.17	1.6187
78213.59999999999	3.6618793257960973e-13	7.347915738418698e-15	7.498377958809211e-15	0.17	1.6187
78588.30816	3.501879745894048e-13	1.576641462293356e-14	1.6509727434724684e-14	0.17	1.6187
78662.87999999999	3.471334210698282e-13	7.278980845465759e-15	7.434881595544068e-15	0.17	1.6187
78681.024	3.6618793257960973e-13	8.008512977600175e-15	8.187574857212486e-15	0.17	1.6187
78848.64	3.7958516277672623e-13	1.7089521921326287e-14	1.7895191635893335e-14	0.17	1.6187
78985.99872	3.46464569034356e-13	1.5598837730269564e-14	1.6334253083127233e-14	0.17	1.6187
79085.73023999999	3.5143808873062627e-13	1.5822698160081252e-14	1.656866447777364e-14	0.17	1.6187
79285.58208	3.5395139505554745e-13	1.5935822911018753e-14	1.6687120995424045e-14	0.17	1.6187
79457.76	3.5131608012584915e-13	6.7322703001662785e-15	6.863801330069934e-15	0.17	1.6187
79558.848	3.5099265502386637e-13	5.455058253625451e-15	5.541178145725099e-15	0.17	1.6187
79586.30592	3.6031374398903116e-13	1.622214582881255e-14	1.6986936415673872e-14	0.17	1.6187
79989.04224	3.46464569034356e-13	1.5598837730269564e-14	1.6334253083127233e-14	0.17	1.6187
80148.95999999999	3.278593914114513e-13	7.465912321246269e-15	7.63988542128125e-15	0.17	1.6187
80393.8176	3.4523214639415014e-13	1.5543380861253443e-14	1.6276183170144588e-14	0.17	1.6187
80435.80799999999	3.5066920469184816e-13	7.669245489590908e-15	7.84072459564211e-15	0.17	1.6187
80580.95999999999	3.5489479376841876e-13	6.47999886063531e-15	6.6005172365698655e-15	0.17	1.6187
80596.97856	3.4156143413405015e-13	1.5378174532844066e-14	1.610319105347107e-14	0.17	1.6187
81004.82976000001	3.489423072779826e-13	1.5710361985949252e-14	1.6451033692898783e-14	0.17	1.6187
81030.24	3.29373024966636e-13	1.0158335430245114e-14	1.0481603068282817e-14	0.17	1.6187
81312.06816000001	3.307815122754049e-13	1.489300297056815e-14	1.5595154302281464e-14	0.17	1.6187
81342.144	3.552218145286122e-13	5.8427896385161665e-15	5.9405006867693875e-15	0.17	1.6187
81620.4816	3.307815122754049e-13	1.489300297056815e-14	1.5595154302281464e-14	0.17	1.6187
81825.12	3.30589327016215e-13	7.528047812652387e-15	7.703468104460494e-15	0.17	1.6187
82033.50816	3.379294398119345e-13	1.5214710123634743e-14	1.5932022916792955e-14	0.17	1.6187
82221.69600000001	3.2098447567890704e-13	8.463315136603573e-15	8.692508267006043e-15	0.17	1.6187
82326.24	3.471334210698282e-13	6.33831589557037e-15	6.456199772955482e-15	0.17	1.6187
82344.66047999999	3.3314709327993284e-13	1.499948084464151e-14	1.570665077713548e-14	0.17	1.6187
82656.9792	3.355299007500165e-13	1.510670438645826e-14	1.5818926597613898e-14	0.17	1.6187
82818.72	3.401678212398854e-13	8.968903944698631e-15	9.211782872643664e-15	0.17	1.6187
82970.49024	3.237844804166996e-13	1.457808472051967e-14	1.5265394417463017e-14	0.17	1.6187
83103.84	3.330351155716845e-13	5.7796501153778225e-15	5.881724363121188e-15	0.17	1.6187
83390.35104000001	3.226327340048659e-13	1.4526256824068526e-14	1.5211124403775316e-14	0.17	1.6187
83427.84	3.6249534037178444e-13	1.949512843772377e-14	2.0603174495946408e-14	0.17	1.6187
83613.59999999999	3.1892078792240557e-13	7.549453151960555e-15	7.732495829719215e-15	0.17	1.6187
83706.64416000001	3.3314709327993284e-13	1.499948084464151e-14	1.570665077713548e-14	0.17	1.6187
84024.13824	3.3314709327993284e-13	1.499948084464151e-14	1.570665077713548e-14	0.17	1.6187
84114.72	3.2009849216227963e-13	5.555257669352946e-15	5.65337101082372e-15	0.17	1.6187
84342.83328	3.180668650547179e-13	1.432073851788337e-14	1.4995919314542886e-14	0.17	1.6187
84615.84000000001	3.2098447567890704e-13	9.32596685847046e-15	9.605034027772134e-15	0.17	1.6187
85091.16096000001	3.226327340048659e-13	1.4526256824068526e-14	1.5211124403775316e-14	0.17	1.6187
85402.08	3.162872086054115e-13	1.0037200839045476e-14	1.036616540436295e-14	0.17	1.6187
85413.90816	3.19202018060588e-13	1.437184798938412e-14	1.504943844764394e-14	0.17	1.6187
85737.87359999999	3.146847002887781e-13	1.4168541946492054e-14	1.4836551220925355e-14	0.17	1.6187
85818.52799999999	3.361175802815182e-13	1.513316373013086e-14	1.5846633396176344e-14	0.17	1.6187
85894.56	3.145435821391475e-13	5.743513365805403e-15	5.850339591312533e-15	0.17	1.6187
86063.06592000001	3.19202018060588e-13	1.437184798938412e-14	1.504943844764394e-14	0.17	1.6187
86387.04	2.8712091436824867e-13	1.013475506384496e-14	1.0505579586131221e-14	0.17	1.6187
86389.49376	3.1244992761161034e-13	1.4067949759377969e-14	1.4731217735067893e-14	0.17	1.6187
86717.16575999999	3.0584066434683593e-13	1.3770477572956081e-14	1.4419725805655415e-14	0.17	1.6187
86888.16	3.302846789671623e-13	6.0308237098495356e-15	6.1429914883642336e-15	0.17	1.6187
86974.56	3.1804050061065363e-13	1.0092840597806805e-14	1.0423628730207923e-14	0.17	1.6187
87492.96	2.9246131499710393e-13	6.923397095207784e-15	7.091267715300296e-15	0.17	1.6187
87609.6	3.186271862508802e-13	2.5356140102177697e-14	2.7548425530024834e-14	0.17	1.6187
87704.63999999998	3.113717649461384e-13	7.93050820431279e-15	8.137773890772116e-15	0.17	1.6187
88473.59999999999	3.0851595482940087e-13	4.7149703869152824e-14	5.565537193754902e-14	0.17	1.6187
89164.8	3.1165868104934247e-13	7.937815837073936e-15	8.145272510223695e-15	0.17	1.6187
89894.016	3.026035567824176e-13	1.0681017290853091e-14	1.1071820037931854e-14	0.17	1.6187
90624.95999999999	2.887127931899552e-13	7.612778446311249e-15	7.81894846635017e-15	0.17	1.6187
91355.90400000001	2.959854948265173e-13	1.1235720613185283e-14	1.1679062203345108e-14	0.17	1.6187
98547.84000000001	2.716782232862709e-13	2.1621331613800017e-14	2.3490834100323623e-14	0.17	1.6187
98547.84000000001	2.826584859765226e-13	1.765597538918005e-14	1.8832316950067228e-14	0.17	1.6187
98893.44	2.979007718009507e-13	2.116925189839e-14	2.278864540331157e-14	0.17	1.6187
98893.44	2.724301869273124e-13	1.4653006897856375e-14	1.5485937924272652e-14	0.17	1.6187
99239.04	2.84487525910172e-13	1.7770175380760913e-14	1.895412210352269e-14	0.17	1.6187
99239.04	2.6016329742284303e-13	2.0705320847538766e-14	2.249565716262373e-14	0.17	1.6187
137916.	1.489694548180248e-13	7.885498952981673e-15	8.326237188284262e-15	0.17	1.6187
138633.12	1.4801128476121158e-13	6.014199968803831e-15	6.2689277423890584e-15	0.17	1.6187
139004.63999999998	1.6081362005208373e-13	1.0603114294848866e-14	1.1351570817132847e-14	0.17	1.6187
139307.04	1.4517372763758358e-13	4.220109456853779e-15	4.346458280372718e-15	0.17	1.6187
140015.52	1.502104089129741e-13	4.366374871129653e-15	4.497098281521338e-15	0.17	1.6187
140612.544	1.5556504838171573e-13	5.631483048656037e-15	5.84300073821972e-15	0.17	1.6187
141683.04	1.528642846775666e-13	8.491268922932488e-15	8.99068114026849e-15	0.17	1.6187
141804.	1.3673069722541003e-13	4.950270846041146e-15	5.1362254837860246e-15	0.17	1.6187
141965.568	1.6501781350285008e-13	8.012413966843685e-15	8.421309315448282e-15	0.17	1.6187
143295.264	1.4993368961763637e-13	3.955252932194231e-15	4.062419621417941e-15	0.17	1.6187
143920.80000000002	1.417356919895876e-13	8.120159005981532e-15	8.61364191781121e-15	0.17	1.6187
144682.848	1.5556504838171573e-13	1.3698230203893058e-14	1.502088981611888e-14	0.17	1.6187
144914.4	1.4883217496634818e-13	1.0580440550296775e-14	1.1390164368310365e-14	0.17	1.6187
151823.808	1.4570995644863918e-13	4.756312303290571e-15	4.916808378887931e-15	0.17	1.6187
152979.84	1.3275608251797868e-13	9.438515324483956e-15	1.0160923117290154e-14	0.17	1.6187
153150.91199999998	1.34109155705581e-13	3.5382224070265597e-15	3.634101462841829e-15	0.17	1.6187
153671.03999999998	1.3238940441230047e-13	8.273570839355878e-15	8.825087696337803e-15	0.17	1.6187
154362.24	1.2818595060441512e-13	1.0206549189087183e-14	1.1089530837574536e-14	0.17	1.6187
154617.12	1.2961188547598595e-13	3.4197097101822365e-15	3.512381180747047e-15	0.17	1.6187
155325.6	1.3093303305172035e-13	2.983652284561342e-15	3.0532280879126015e-15	0.17	1.6187
156189.6	1.2388719740658674e-13	5.6904220234409855e-15	5.964379605616616e-15	0.17	1.6187
156867.84	1.210645043673383e-13	9.640041709761635e-15	1.0474063269744141e-14	0.17	1.6187
156967.2	1.1973249387184752e-13	5.60504527908356e-15	5.880321148016874e-15	0.17	1.6187
161187.84	1.352264442128726e-13	1.4161438074113048e-14	1.5817955797302813e-14	0.17	1.6187
162334.36800000002	1.2297681143424707e-13	1.0934188185769073e-14	1.2001250593051959e-14	0.17	1.6187
163651.104	1.180880710110065e-13	7.07402060982146e-15	7.524790286337902e-15	0.17	1.6187
170156.16	1.2343116508640392e-13	5.994727537664436e-15	6.300737827153893e-15	0.17	1.6187
170938.08000000002	1.1507856252884985e-13	4.167152033891227e-15	4.323719838737624e-15	0.17	1.6187
171796.032	1.0748860544292952e-13	5.597726554476198e-15	5.905256952884476e-15	0.17	1.6187
171940.32	1.1132154582868579e-13	5.211733019471064e-15	5.467714632736934e-15	0.17	1.6187
172765.44	9.76593947490903e-14	1.1828328353679878e-14	1.3458383268737883e-14	0.17	1.6187
173063.52	1.0002911544944234e-13	8.727582709826115e-15	9.561858955484859e-15	0.17	1.6187
173415.168	1.215117927549972e-13	8.535700605276798e-15	9.180599746648816e-15	0.17	1.6187
175018.75199999998	1.1433827304582658e-13	1.7484739833553012e-14	2.0641218662022247e-14	0.17	1.6187
176481.504	1.0255084149597866e-13	6.499174089734923e-15	6.9389297440536716e-15	0.17	1.6187
225296.64	7.994586914539857e-14	9.685422158171237e-15	1.1020560296404954e-14	0.17	1.6187
248019.84	5.630192298613976e-14	6.825101877236353e-15	7.76659356143577e-15	0.17	1.6187
257256.	5.072499680914593e-14	5.9028526166293555e-15	6.680228836383608e-15	0.17	1.6187
259511.904	5.391162573113029e-14	3.930509803384536e-15	4.239604689077655e-15	0.17	1.6187
313450.56	4.5279250390700333e-14	5.0854465768829325e-15	5.7288732852909435e-15	0.17	1.6187
316389.888	3.246737882914293e-14	1.6674872022417361e-15	1.7577639344889326e-15	0.17	1.6187
330100.70399999997	3.841443309153127e-14	2.406440681605429e-15	2.5672648866363525e-15	0.17	1.6187
331516.8	3.450973531990701e-14	6.347037685796654e-16	6.465959751814158e-16	0.17	1.6187
331516.8	3.149183942876986e-14	6.267142997548309e-15	7.824231363658598e-15	0.17	1.6187
332294.39999999997	3.5153553185609004e-14	3.2859301552369614e-16	3.3169347477257055e-16	0.17	1.6187
332294.39999999997	3.365918750507923e-14	3.151190884633002e-16	3.180971305748159e-16	0.17	1.6187
333504.	3.4765848106569097e-14	1.5710410718306712e-15	1.645395173265898e-15	0.17	1.6187
333504.	3.450973531990701e-14	1.559519130455563e-15	1.6333304798037152e-15	0.17	1.6187
333676.8	3.4830172743373313e-14	7.941875012022193e-15	1.0287630750699388e-14	0.17	1.6187
333897.12	3.1058096026384795e-14	1.376881465255059e-15	1.440753601129234e-15	0.17	1.6187
335318.39999999997	3.3721464570915306e-14	6.957851139438416e-15	8.766713481682977e-15	0.17	1.6187
340467.83999999997	3.2647958399863836e-14	5.004909094003903e-15	5.911072330992854e-15	0.17	1.6187
406735.776	2.1729995099834907e-14	1.9595435575988632e-15	2.153763246811527e-15	0.17	1.6187
410378.39999999997	1.709284791153322e-14	1.6874277219718459e-15	1.8722595721805427e-15	0.17	1.6187
496160.6400000001	1.3046019651861247e-14	1.1593534158232968e-15	1.272429724696688e-15	0.17	1.6187
506390.39999999997	1.3131176183566151e-14	4.826737576002712e-16	5.010928516898382e-16	0.17	1.6187
506390.39999999997	1.3167836589542945e-14	4.839909413503041e-16	5.024590966564392e-16	0.17	1.6187
582301.4400000001	8.98874020238621e-15	8.029662345640591e-16	8.817315139847321e-16	0.17	1.6187
670775.04	6.789747570854232e-15	6.101062512165555e-16	6.703410801524447e-16	0.17	1.6187
690940.8	6.400236590787211e-15	3.549937919458774e-16	3.7584003361286664e-16	0.17	1.6187
690940.8	6.4787679990135875e-15	3.591619057044349e-16	3.8024124848279833e-16	0.17	1.6187
2.482488e6	3.569590756959377e-16	9.441170800934037e-17	1.2836204119219516e-16	0.17	1.6187
3.32921664e6	1.0842155416943236e-16	7.415662579045348e-17	2.346474077294301e-16	0.17	1.6187