       5.0000000000000000
       5.0000000000000000
       7.5000000000000000
       7.4499999999999993
      49.0000000000000000
      49.0000000000000000
     194.0000000000000000
       8.0000000000000000
       9.0000000000000000
      12.5000000000000000
      15.0000000000000000
      17.5000000000000000
      22.5000000000000000
      21.5000000000000000
      49.0000000000000000
     225.5000000000000000
     225.5000000000000000
     225.5000000000000000
     225.5000000000000000
    8762.5000000000000000
    3348.5000000000000000
      49.0000000000000000
      49.0000000000000000
     225.5000000000000000
     178.0000000000000000
     197.5000000000000000
     395.5000000000000000
      49.0000000000000000
      49.0000000000000000
     225.5000000000000000
     225.5000000000000000
     148.5000000000000000
    1872.0000000000000000
    1872.0000000000000000
      49.0000000000000000
      49.0000000000000000
     192.5000000000000000
     221.0000000000000000
     221.0000000000000000
    1894.5000000000000000
    1894.5000000000000000
     221.0000000000000000
      49.0000000000000000
      49.0000000000000000
     221.0000000000000000
     221.0000000000000000
     195.5000000000000000
    2096.5000000000000000
    2096.5000000000000000
      48.5000000000000000
      37.0000000000000000
     221.5000000000000000
     220.5000000000000000
     221.5000000000000000
