       122430.39       140.04729       43.620130       0.0000000  -0.00021748305
       23.999378       16.291510
       140.04729      0.20648096     0.032424880       0.0000000  -2.4977234e-07
     0.046534796     0.031056099
       43.620130     0.032424880     0.031589607       0.0000000  -5.3042675e-08
    0.0025459235    0.0019332031
       0.0000000       0.0000000       0.0000000       0.0000000       0.0000000
       0.0000000       0.0000000
  -0.00021748305  -2.4977234e-07  -5.3042675e-08       0.0000000   4.8448941e-13
  -2.8380215e-08  -2.0112810e-08
       23.999378     0.046534796    0.0025459235       0.0000000  -2.8380215e-08
     0.019213618     0.012160185
       16.291510     0.031056099    0.0019332031       0.0000000  -2.0112810e-08
     0.012160185    0.0077577310
