PAIRITEL     89.0 J       23.4      13.766 0.107       5048.6    475.4   
PAIRITEL     89.0 H       23.4      12.050 0.109      15657.3   1501.3   
PAIRITEL     89.0 Ks      23.4      10.750 0.139      33681.7   4058.1   
PAIRITEL    125.5 J       23.4      14.195 0.110       3400.4    327.1   
PAIRITEL    125.5 H       23.4      12.569 0.112       9704.1    954.9   
PAIRITEL    125.5 Ks      23.4      11.432 0.141      17967.8   2189.1   
PAIRITEL    161.0 J       23.4      14.739 0.112       2059.3    201.3   
PAIRITEL    161.0 H       23.4      13.013 0.111       6449.1    624.1   
PAIRITEL    161.0 Ks      23.4      11.419 0.143      18176.7   2243.9   
PAIRITEL    197.0 J       23.4      14.976 0.115       1655.9    166.4   
PAIRITEL    197.0 H       23.4      13.567 0.113       3871.3    381.3   
PAIRITEL    197.0 Ks      23.4      12.117 0.145       9562.1   1193.1   
PAIRITEL    233.5 J       23.4      15.311 0.123       1216.2    130.4   
PAIRITEL    233.5 H       23.4      13.928 0.114       2776.7    277.7   
PAIRITEL    233.5 Ks      23.4      12.297 0.134       8098.3    937.6   
PAIRITEL    269.5 J       23.4      15.444 0.126       1076.5    117.8   
PAIRITEL    269.5 H       23.4      13.915 0.117       2808.4    287.9   
PAIRITEL    269.5 Ks      23.4      12.240 0.147       8535.6   1081.3   
PAIRITEL    305.5 J       23.4      15.626 0.134        909.7    105.4   
PAIRITEL    305.5 H       23.4      14.006 0.118       2582.8    266.5   
PAIRITEL    305.5 Ks      23.4      12.577 0.140       6255.4    757.7   
PAIRITEL    360.0 J       46.8      16.032 0.113        626.3     62.2   
PAIRITEL    360.0 H       46.8      14.356 0.089       1872.6    147.3   
PAIRITEL    360.0 Ks      46.8      12.906 0.106       4621.6    431.3   
PAIRITEL    450.5 J       70.2      16.312 0.109        483.8     46.3   
PAIRITEL    450.5 H       70.2      14.718 0.083       1341.6     98.2   
PAIRITEL    450.5 Ks      70.2      13.223 0.092       3452.5    279.3   
PAIRITEL    577.5 J       93.6      16.519 0.111        399.7     39.0   
PAIRITEL    577.5 H       93.6      15.189 0.087        869.0     66.8   
PAIRITEL    577.5 Ks      93.6      13.589 0.086       2464.5    188.3   
PAIRITEL    758.5 J      140.4      17.004 0.126        255.9     28.0   
PAIRITEL    758.5 H      140.4      15.729 0.098        528.7     45.8   
PAIRITEL    758.5 Ks     140.4      14.068 0.092       1585.4    128.2   
PAIRITEL   1013.5 J      187.2      17.139 0.131        225.9     25.7   
PAIRITEL   1013.5 H      187.2      15.804 0.096        493.4     41.7   
PAIRITEL   1013.5 Ks     187.2      14.280 0.088       1303.9    101.7   
PAIRITEL   1266.5 J      329.6      17.402 0.109        177.4     17.0   
PAIRITEL   1266.5 H      329.6      15.937 0.063        436.4     24.5   
PAIRITEL   1266.5 Ks     329.6      14.497 0.065       1067.8     61.7   
PAIRITEL   1882.0 J      470.9      17.807 0.133        122.1     14.0   
PAIRITEL   1882.0 H      470.9      16.124 0.081        367.2     26.4   
PAIRITEL   1882.0 Ks     400.2      14.727 0.071        863.8     54.9   
PAIRITEL   3475.5 J     1601.0      18.021 0.161        100.3     13.9   
PAIRITEL   3485.5 H     1608.8      16.522 0.092        254.6     20.6   
PAIRITEL   3485.5 Ks    1491.1      15.064 0.084        633.6     47.3   
KAIT        188.0 clear   20.0      17.501 0.055        326.0     16.1   
KAIT        279.0 clear   20.0      18.094 0.087        188.8     14.5   
KAIT        370.0 clear   20.0      18.413 0.114        140.7     14.0   
KAIT        466.0 clear   20.0      18.883 0.168         91.28    13.09  
KAIT        557.0 clear   20.0      19.358 0.270         58.93    12.98  
KAIT        741.5 clear  207.0      19.773 0.216         40.21     7.25  
KAIT       1156.0 clear  480.0      19.648 0.154         45.12     5.97  
KAIT       1687.0 clear  438.0      20.080 0.227         30.31     5.72  
KAIT       2237.5 clear  585.0      20.488 0.293         20.81     4.92  
KAIT       3241.5 clear  615.0      20.262 0.236         25.63     5.01  
KAIT       4105.0 clear 1034.0      21.361 0.501          9.315    3.443 
KAIT       4914.5 clear  507.0      21.53             7.994          
KAIT       7192.5 clear 3793.0      21.97             5.330          
KAIT        158.0 I       20.0      16.582 0.094    587.2     48.7   
KAIT        250.0 I       20.0      17.322 0.170    297.0     43.0   
KAIT        341.0 I       20.0      17.995 0.332    159.8     42.1   
KAIT        436.0 I       20.0      17.929 0.308    169.8     41.9   
KAIT        527.0 I       20.0      18.439 0.487    106.2     38.4   
KAIT        712.0 I      206.0      18.926 0.456     67.79    23.25  
KAIT       1126.5 I      481.0      19.529 0.567     38.90    15.83  
KAIT       1957.0 I     1038.0      19.628 0.417     35.51    11.33  
KAIT       3778.0 I     1748.0      20.36            18.06           
KAIT       6137.5 I     1755.0      20.32            18.71           
KAIT        128.0 V       20.0      17.538 0.142    379.9     46.6   
KAIT        219.0 V       20.0      18.517 0.315    154.2     38.8   
KAIT        310.0 V       20.0      19.187 0.585     83.19    34.65  
KAIT        449.0 V      116.0      19.540 0.531     60.10    23.25  
KAIT        727.0 V      298.0      19.91            42.74           
KAIT       1187.0 V      480.0      20.06            37.23           
ROTSE        24.5 clear    5.0      14.920 0.040       3512.1    127.0   
ROTSE        31.4 clear    5.0      15.210 0.060       2688.8    144.6   
ROTSE        38.4 clear    5.0      15.200 0.050       2713.7    122.1   
ROTSE        45.3 clear    5.0      15.520 0.080       2021.0    143.6   
ROTSE        52.2 clear    5.0      15.590 0.080       1894.8    134.6   
ROTSE        59.1 clear    5.0      15.830 0.080       1519.0    107.9   
ROTSE        66.1 clear    5.0      15.700 0.080       1712.2    121.6   
ROTSE        73.0 clear    5.0      15.870 0.100       1464.1    128.8   
ROTSE        80.0 clear    5.0      16.060 0.120       1229.0    128.6   
ROTSE        87.0 clear    5.0      16.270 0.120       1012.9    106.0   
ROTSE       112.2 clear   20.0      16.540 0.080        789.9     56.1   
ROTSE       141.4 clear   20.0      16.810 0.110        616.0     59.3   
ROTSE       170.5 clear   20.0      17.190 0.120        434.1     45.4   
ROTSE       215.0 clear   49.3      17.660 0.170        281.6     40.8   
ROTSE       273.5 clear   49.3      17.980 0.190        209.7     33.7   
ROTSE       346.3 clear   78.4      18.350 0.180        149.1     22.8   
ROTSE       563.0 clear  337.0      19.130 0.210         72.71    12.79  
ROTSE      1082.3 clear  683.1      19.630 0.270         45.87    10.10  
ROTSE      1969.9 clear 1073.3      19.640 0.240         45.45     9.01  
ROTSE      3655.6 clear 2273.5      20.520 0.370         20.21     5.84  
SuperLOTIS   40.8 R                 15.060 0.059       3087.2    163.7   
SuperLOTIS   57.9 R                 15.412 0.077       2232.4    153.0   
SuperLOTIS   75.2 R                 15.596 0.092       1884.4    153.1   
SuperLOTIS   91.9 R                 15.961 0.097       1346.4    114.8   
SuperLOTIS  109.1 R                 16.267 0.118       1015.7    104.5   
SuperLOTIS  130.7 R                 16.508 0.146        813.5    102.4   
SuperLOTIS  157.9 R                 16.917 0.213        558.2     99.5   
SuperLOTIS  184.6 R                 17.326 0.296        383.0     91.3   
SuperLOTIS  211.2 R                 17.786 0.440        250.7     83.5   
SuperLOTIS  238.4 R                 17.920 0.490        221.6     80.5   
SuperLOTIS  285.0 R                 17.973 0.128        211.0     23.4   
SuperLOTIS  352.2 R                 18.159 0.152        177.8     23.2   
SuperLOTIS  418.9 R                 18.559 0.199        123.0     20.6   
SuperLOTIS  486.1 R                 18.400 0.192        142.4     23.1   
SuperLOTIS  586.3 R                 18.988 0.226         82.86    15.57  
SuperLOTIS  720.1 R                 19.295 0.301         62.45    15.10  
P60         234.8 R       60.0      17.524 0.014        319.1      4.1   
P60         320.3 R       60.0      18.122 0.020        184.0      3.4   
P60         577.6 R       60.0      19.115 0.050         73.72     3.32  
P60         748.9 R       60.0      19.566 0.066         48.66     2.87  
P60        1005.8 R       60.0      19.717 0.079         42.34     2.97  
P60        1262.8 R       60.0      19.837 0.091         37.91     3.05  
P60        1579.4 R      120.0      19.959 0.068         33.88     2.06  
P60        2161.9 R      120.0      20.053 0.078         31.07     2.15  
P60        2744.3 R      120.0      20.263 0.095         25.61     2.15  
P60         406.1 i       60.0      18.359 0.022        171.1      3.4   
P60         834.5 i       60.0      19.538 0.060         57.76     3.11  
P60        1091.4 i       60.0      19.621 0.067         53.51     3.20  
P60        1348.3 i       60.0      19.570 0.062         56.08     3.11  
P60        1725.0 i      120.0      19.892 0.055         41.69     2.06  
P60        2307.5 i      120.0      19.899 0.062         41.42     2.30  
P60        2889.9 i      120.0      20.280 0.086         29.16     2.22  
P60         491.8 z       60.0      18.694 0.092        127.3     10.3   
P60         920.0 z       60.0      19.725 0.222         49.25     9.11  
P60        1177.0 z       60.0      19.936 0.299         40.55     9.76  
P60        1433.8 z       60.0      19.880 0.248         42.69     8.72  
P60        1870.7 z      120.0      20.133 0.211         33.82     5.97  
UKIRT      2347.5 K      360.0      14.624 0.025        949.7     21.6   
UKIRT      2794.0 K      360.0      14.768 0.025        831.8     18.9   
UKIRT      3236.5 K      360.0      14.987 0.026        679.8     16.1   
UKIRT      4231.5 J      180.0      18.470 0.054         66.29     3.22  
UKIRT      4524.0 H      180.0      17.060 0.035        155.1      4.9   
UKIRT      4816.0 J      180.0      18.609 0.060         58.33     3.14  
UKIRT      5108.5 K      180.0      15.784 0.029        326.3      8.6   
UKIRT      5408.0 J      180.0      18.817 0.066         48.16     2.84  
UKIRT      5702.5 H      180.0      17.480 0.042        105.4      4.0   
UKIRT      6005.0 J      180.0      19.169 0.085         34.82     2.62  
UKIRT      6298.5 K      180.0      16.220 0.031        218.4      6.1   
UKIRT      6591.5 J      180.0      19.335 0.089         29.89     2.35  
UKIRT      6794.0 H      180.0      18.014 0.053         64.43     3.07  
UKIRT      7176.5 J      180.0      19.634 0.116         22.69     2.30  
UKIRT      7469.0 K      180.0      16.526 0.033        164.7      4.9   
