#Time Err_time Residuals Err_residuals
   7.1344707241388804e+01    6.9065544280144060e+00    4.4416491412764525e-01    3.0174936623455956e-01
   1.3638142810519113e+02    6.9065544280144060e+00    4.7243636716297610e-01    3.6669216584720127e-01
   2.0275341615840958e+02    6.9065544280144060e+00    4.7599440438543861e-01    3.8993597372081035e-01
   4.1494579003510552e+02    1.3813108856028812e+01    3.0891990706982442e-01    1.9071168831093624e-01
   5.6654465973002175e+02    1.3813108856028812e+01    2.8861664733800091e-01    1.8340708959303181e-01
   7.2056082347474296e+02    1.3813108856028812e+01    3.2442755511488580e-01    2.1980756786955352e-01
   1.8528904219477047e+03    1.0359831642021609e+02    4.0861179127836578e-01    2.0356652109930001e-01
   4.8714230565594944e+03    1.0359831642021609e+02    5.1051031502018873e-01    3.9951114090411882e-01
   5.4423648892753517e+03    1.0359831642021609e+02    4.9508390248266709e-01    4.3847735287751560e-01
