read serr 1
read terr 2
log x
ma 17 on 2
ma 31 on 3
     68.1400     3.8930  3.77654e+01   1.58109e-01 -1.37984e-01 no
     77.0330     5.0000  3.80239e+01   1.52728e-01 -1.33869e-01 no
     87.0330     5.0000  3.79445e+01   1.45143e-01 -1.28008e-01 no
    102.0330    10.0000  3.80442e+01   1.06645e-01 -9.71008e-02 no
    122.0330    10.0000  3.78734e+01   9.75725e-02 -8.95224e-02 no
    142.0330    10.0000  3.81710e+01   1.13094e-01 -1.02417e-01 no
    164.2525    12.2195  3.79879e+01   1.16317e-01 -1.05053e-01 no
    199.9720    18.5000  3.80105e+01   5.13003e-02 -4.89853e-02 no
    242.9720    18.5000  3.81781e+01   1.22658e-01 -1.10197e-01 no
    292.4720    26.0000  3.82958e+01   5.94418e-02 -5.63557e-02 no
    354.9720    32.5000  3.86566e+01   6.73680e-02 -6.34310e-02 no
    432.4720    39.0000  3.87544e+01   7.22162e-02 -6.77109e-02 no
    524.9720    46.5000  3.91500e+01   8.87016e-02 -8.19991e-02 no
    636.9720    60.5000  3.95401e+01   9.86483e-02 -9.04270e-02 no
    777.4720    75.0000  3.95808e+01   8.33982e-02 -7.74466e-02 no
    910.9720    53.5000  3.97391e+01   1.01521e-01 -9.28351e-02 no
   4523.4720   335.0000  4.13881e+01   3.56325e-01 -2.67832e-01 no
   5963.9720   449.5000  4.26768e+01   3.80774e-01 -2.81353e-01 no
   6589.9720   168.5000  4.22741e+01   4.19228e-01 -3.01692e-01 no
  10865.9720   899.5000  4.25606e+01   1.49406e-01 -1.31311e-01 no
  12158.9720   385.5000  4.31392e+01   2.08664e-01 -1.74953e-01 no
  17048.9720  1281.5000  4.32827e+01   3.56037e-01 -2.67670e-01 no
  22821.4720  1294.0000 no         no         no          4.38086e+01
  28669.9720  1230.5000 no         no         no          4.42048e+01
  36557.9720  3359.5000  4.39875e+01   2.97506e-01 -2.33272e-01 no
  43592.9720  3665.5000 no         no         no          4.41216e+01
  53586.4720  3021.0000  4.38481e+01   6.07566e-01 -3.87243e-01 no
 120132.4720 11699.0000 no         no         no          4.35910e+01
 184175.9720  6323.5000 no         no         no          4.33707e+01
