       56789.255       54.410565       864.05020       0.0000000  -2.4966009e+08
   1.2615609e+08       135.12455
       54.410565     0.063166867      0.98147048       0.0000000      -295532.04
       167171.05      0.17919907
       864.05020      0.98147048       19.958374       0.0000000      -5122196.4
       3417685.0       3.6634679
       0.0000000       0.0000000       0.0000000       0.0000000       0.0000000
       0.0000000       0.0000000
  -2.4966009e+08      -295532.04      -5122196.4       0.0000000   1.4580796e+12
  -9.0069702e+11      -965843.82
   1.2615609e+08       167171.05       3417685.0       0.0000000  -9.0069702e+11
   6.4631754e+11       693576.64
       135.12455      0.17919907       3.6634679       0.0000000      -965843.82
       693576.64      0.74438631
