time_sec	flux	flux_err	band	source
39030	6.047398467888932e-14	3.2557502095731053e-16	i	7104
34884	6.5345844125151155e-15	0.0	R	7105
37440	9.987476279842427e-14	6.564143158329113e-16	I	7108
23728.5	5.645371074266878e-14	2.8694069488911437e-16	v_swift	7112
32689.5	2.036294833877137e-14	2.3739332209442944e-16	b_swift	7112
30086.5	1.0459650458339863e-14	1.8808489523891325e-16	u_swift	7112
29601.5	6.209562176753981e-15	1.6217222653003157e-16	uvw1_swift	7112
17888.5	8.598428773900455e-15	2.705173382300567e-16	uvm2_swift	7112
33486.5	6.792416573399936e-15	2.2875722940413253e-16	uvw2_swift	7112
