time_sec	flux	flux_err	band	source
11700	3.6513903086295866e-14	1.3452859244187305e-14	i'	7756
26280	7.699114398789198e-15	3.545573208781564e-15	R	7757
410.5	1.2232677734859396e-13	4.28155142261731e-14	v_swift	7758
1131.5	1.6125809854567295e-13	6.683812252888478e-14	v_swift	7758
3482	8.188545770564385e-14	6.364193276456408e-16	b_swift	7758
3367	4.424123239492263e-14	5.303623732221832e-16	u_swift	7758
3251.5	4.1067779958941227e-14	7.150319807859538e-16	uvw1_swift	7758
3848	2.9179591733201725e-14	6.120176677135535e-16	uvm2_swift	7758
3702	3.7156582698601346e-14	8.34247705550936e-16	uvw2_swift	7758
