time_sec	flux	flux_err	band	source
14415	6.396515248836013e-14	1.1782816527263122e-14	R	10680
17595	5.469447267738989e-14	1.0075094196490247e-14	R	10680
21255	3.793553163399829e-14	7.04056935124038e-15	g	10683
21255	5.0705185813556065e-14	4.671107866842859e-15	r	10683
21255	5.181465447187866e-14	4.829934244256314e-15	i	10683
21255	5.908688081323577e-14	5.6885962914085664e-15	z	10683
21255	2.8385039001778954e-14	5.429114180279357e-15	J	10683
21255	1.3779141180277766e-14	2.746912697492229e-15	Ks	10683
21255	1.6055289812806067e-14	3.1912056613203082e-15	H	10683
