       0.0000000       0.0000000       0.0000000       0.0000000       0.0000000
       0.0000000       0.0000000
       0.0000000       0.0000000       0.0000000       0.0000000       0.0000000
       0.0000000       0.0000000
       0.0000000       0.0000000       0.0000000       0.0000000       0.0000000
       0.0000000       0.0000000
       0.0000000       0.0000000       0.0000000       0.0000000       0.0000000
       0.0000000       0.0000000
       0.0000000       0.0000000       0.0000000       0.0000000   5.4312234e+14
   6.2333247e+16       405246.64
       0.0000000       0.0000000       0.0000000       0.0000000   6.2333247e+16
   3.3323675e+19   2.0915686e+08
       0.0000000       0.0000000       0.0000000       0.0000000       405246.64
   2.0915686e+08    0.0013304062
