  5.134893E+001  1.500936E-011  9.239140E-013  9.239140E-013   V
  8.213182E+001  7.357905E-011  6.793525E-012  6.793525E-012   V
  1.184992E+002  8.713695E-011  5.363790E-012  5.363790E-012   V
  1.651939E+002  7.611075E-011  4.685063E-012  4.685063E-012   V
  2.225088E+002  6.426852E-011  5.933887E-012  5.933887E-012   V
  2.895844E+002  5.426932E-011  5.010665E-012  5.010665E-012   V
  3.641477E+002  4.140363E-011  2.548636E-012  2.548636E-012   V
  4.526943E+002  3.379887E-011  2.080518E-012  2.080518E-012   V
  5.563617E+002  2.667337E-011  1.641902E-012  1.641902E-012   V
  6.916472E+002  2.034988E-011  1.252655E-012  1.252655E-012   V
  8.500350E+002  1.661231E-011  1.533808E-012  1.533808E-012   V
  1.032795E+003  1.310998E-011  1.210439E-012  1.210439E-012   V
  1.240555E+003  1.070203E-011  9.881144E-013  9.881144E-013   V
  1.439768E+003  9.347811E-012  5.754125E-013  5.754125E-013   V
  1.633123E+003  7.893444E-012  7.287985E-013  7.287985E-013   V
  1.831345E+003  7.131784E-012  6.584748E-013  6.584748E-013   V
  2.030235E+003  6.022128E-012  7.413441E-013  7.413441E-013   V
  2.410866E+003  6.022128E-012  5.560207E-013  5.560207E-013   V
  2.612156E+003  4.752545E-012  7.313477E-013  7.313477E-013   V
  2.830250E+003  4.441671E-012  6.835086E-013  6.835086E-013   V
  2.997095E+003  4.293964E-012  5.286013E-013  5.286013E-013   V
  3.210342E+003  4.151164E-012  7.665506E-013  7.665506E-013   V
  3.399593E+003  4.441671E-012  8.201955E-013  8.201955E-013   V
  3.600000E+003  4.441671E-012  9.568824E-013  9.568824E-013   V
  3.856144E+003  3.750611E-012  6.925849E-013  6.925849E-013   V
  4.083465E+003  2.585343E-012  4.774073E-013  4.774073E-013   V
  4.324187E+003  2.674276E-012  5.761270E-013  5.761270E-013   V
  4.526942E+003  2.258197E-012  5.560021E-013  5.560021E-013   V
  4.961420E+003  2.416230E-012  4.461791E-013  4.461791E-013   V
  5.375661E+003  1.972450E-012  6.070461E-013  6.070461E-013   V
  5.824488E+003  2.183101E-012  5.375123E-013  5.375123E-013   V
  6.028137E+003  2.040300E-012  5.023525E-013  5.023525E-013   V
  6.238906E+003  1.906837E-012  5.868530E-013  5.868530E-013   V
  6.457045E+003  1.722845E-012  4.241904E-013  4.241904E-013   V
  6.682812E+003  1.665552E-012  5.125945E-013  5.125945E-013   V
  6.916472E+003  1.556605E-012  4.790647E-013  4.790647E-013   V
  7.324200E+003  1.556605E-012  4.790647E-013  4.790647E-013   V
  7.755965E+003  1.556605E-012  4.311621E-013  4.311621E-013   V
  8.598287E+003  1.270698E-012  3.519690E-013  3.519690E-013   V
  8.797560E+003  1.504840E-012  4.631334E-013  4.631334E-013   V
  9.210065E+003  1.148097E-012  2.826788E-013  2.826788E-013   V
  9.641913E+003  9.060457E-013  4.461566E-013  4.461566E-013   V
  1.056730E+004  6.037845E-013  3.530639E-013  3.530639E-013   V
  1.093678E+004  4.764902E-013  3.226224E-013  3.226224E-013   V
