Time (s)     Err_Time (s)     Flux (erg/cm^2/s/A)    Err_Flux (Jy)
             82.3000               4.8500    9.5372917921660784e+47    6.1489194313038791e+46
            593.7000               9.9000    3.1004523611780101e+47    2.7128411256839806e+46
            766.9000               9.4000    3.1291404940916332e+47    2.7379427359398452e+46
           1046.9000               9.4000    2.1253235783056088e+47    2.4468692650378964e+46
           1219.3000               9.9000    2.1449889555461534e+47    2.3707294732135324e+46
           1393.6000               9.9000    1.6122227995453416e+47    2.0788769633447451e+46
           1566.1000               9.9000    1.7841240977414112e+47    2.2183727416781743e+46
           5322.7000              98.3000    5.1930804565461668e+46    6.4570553947046058e+45
          35852.0000             135.0000    3.8319958874504323e+45    2.4352851335995523e+45
