read serr 1
read terr 2
log x
ma 17 on 2
ma 31 on 3
    157.4608    15.0048  1.42870e+01   2.97421e-02 -2.89490e-02 no
    187.4816    15.0048  1.43761e+01   2.96025e-02 -2.88167e-02 no
    222.5058    20.0084  1.45425e+01   2.57529e-02 -2.51562e-02 no
    267.3710    24.8458  1.47366e+01   2.34878e-02 -2.29904e-02 no
    330.5188    30.0162  1.47653e+01   3.43931e-02 -3.33370e-02 no
    400.5675    40.0214  1.50214e+01   3.30876e-02 -3.21090e-02 no
    485.6255    45.0256  1.51396e+01   3.26809e-02 -3.17259e-02 no
    585.4903    54.8281  1.54177e+01   3.19532e-02 -3.10397e-02 no
    706.6808    66.3514  1.57032e+01   3.52315e-02 -3.41241e-02 no
    849.8709    46.6532  1.57474e+01   6.76652e-02 -6.36945e-02 no
   1002.8971    99.9088  1.59482e+01   2.61729e-02 -2.55568e-02 no
   1253.7755   121.1258  1.61784e+01   3.64879e-02 -3.53014e-02 no
   1525.5267   146.0374  1.62954e+01   3.48843e-02 -3.37983e-02 no
   1711.0786    34.9140  1.64278e+01   5.14154e-02 -4.90903e-02 no
   5648.4411   379.1188  1.76998e+01   7.86507e-02 -7.33360e-02 no
   7377.6255   168.7596  1.80698e+01   5.80588e-02 -5.51111e-02 no
  11950.4353    15.2309 no         no         no          1.90564e+01
  17229.7216   565.9392  1.91370e+01   9.06775e-02 -8.36846e-02 no
  23090.1947   645.4260  1.96273e+01   1.85552e-01 -1.58421e-01 no
  38988.4917  3227.1516  2.04922e+01   2.97046e-01 -2.32990e-01 no
  56344.9767  3243.2377  2.09919e+01   5.04315e-01 -3.43025e-01 no
  75673.8700  7043.4039  2.18697e+01   3.75695e-01 -2.78582e-01 no
  95207.6977  9227.9240  2.17145e+01   2.80603e-01 -2.22773e-01 no
 115961.4701  6234.1979  2.15475e+01   2.17919e-01 -1.81407e-01 no
 156547.2915 12148.3307  2.16578e+01   1.73542e-01 -1.49588e-01 no
 220451.3798 17604.0972  2.20397e+01   2.86859e-01 -2.26690e-01 no
 266529.6719 17425.9343  2.20779e+01   5.75479e-01 -3.74138e-01 no
 338137.6524 32157.9713  2.20814e+01   2.18841e-01 -1.82045e-01 no
 399007.5888 23308.0409  2.17524e+01   2.24835e-01 -1.86169e-01 no
 517241.4837 49494.1416  2.26867e+01   4.42000e-01 -3.13232e-01 no
 641409.9331 63805.7184  2.21584e+01   2.88289e-01 -2.27580e-01 no
 823481.6884 49493.9517  2.31746e+01   6.96389e-01 -4.20834e-01 no
3073545.0369 20630.6060 no         no         no          2.11170e+01
