Time (s)     Err_Time (s)     Flux (erg/cm^2/s/A)    Err_Flux (Jy)
             89.2000               0.0010    6.9610277323677139e+47    1.4992582218519236e+47
             97.1000               0.0010    6.2773011372363005e+47    1.2621662297781024e+47
            105.0000               0.0010    6.5177930007383286e+47    1.4059474853497380e+47
            112.9000               0.0010    6.3365805997876147e+47    1.2284019595503471e+47
            120.8000               0.0010    7.1600979609558500e+47    1.2611287464377332e+47
            128.7000               0.0010    5.3503446950076764e+47    1.0804211946879856e+47
            136.6000               0.0010    5.7141884983852388e+47    1.2363931971790057e+47
            144.6000               0.0010    5.5553236083894056e+47    1.3099507831401647e+47
            152.6000               0.0010    7.2959620152984690e+47    1.7693053146951518e+47
            160.5000               0.0010    5.3503446950076764e+47    1.0804211946879856e+47
            187.5000               0.0010    5.0569721503592215e+47    8.6963129322863622e+46
            216.8000               0.0010    6.7041876815860936e+47    1.2279833659156200e+47
            246.2000               0.0010    4.0357714196755282e+47    8.5045155492087722e+46
            275.6000               0.0010    3.0441872216321625e+47    7.2644958465123722e+46
            304.4000               0.0010    3.9606180312220918e+47    9.2477667220142298e+46
            333.5000               0.0010    3.8144801574294769e+47    9.8191457324525439e+46
            345.0000               0.0010    4.6517006765184327e+47    9.6497710020843772e+46
            362.6000               0.0010    2.6191583602330645e+47    8.1924729684581770e+46
            384.8000               0.0010    3.4158135687687770e+47    8.3720160322821636e+46
            391.8000               0.0010    3.2819061603978673e+47    7.1942218605205317e+46
            421.2000               0.0010    2.6438922859340960e+47    5.8253314351806061e+46
            424.5000               0.0010    2.9963749558477982e+47    8.0543151213692909e+46
            450.4000               0.0010    2.5463386228044282e+47    6.6000485886858233e+46
            463.4000               0.0010    3.1694285002032374e+47    8.0207853227578859e+46
            499.1000               0.0010    2.7972710975908151e+47    5.2702613780410553e+46
            502.3000               0.0010    3.3212514665035741e+47    8.3965634468806654e+46
            521.3000               0.0010    2.6167808785809984e+47    4.0972453549548338e+45
            521.3000               0.0010    2.5761109138525715e+47    7.0985082024437032e+45
            521.3000               0.0010    2.6032109213291965e+47    1.1546875799699895e+46
            521.3000               0.0010    2.5561983930210679e+47    7.0767789908302862e+45
            530.8000               0.0010    2.4196589526663681e+47    1.7830986166767095e+46
            530.8000               0.0010    2.4449577414673132e+47    2.3919600353285301e+46
            530.8000               0.0010    2.3087119816341007e+47    2.7558115284611585e+46
            542.0000               0.0010    2.9408153623329452e+47    7.9077967921122657e+46
            568.5000               0.0010    2.7194993408555135e+47    5.4029045934917927e+46
            580.9000               0.0010    2.8327676759939963e+47    7.8453272948770441e+46
            619.8000               0.0010    2.4388470072405336e+47    7.5578076200169561e+46
            629.3000               0.0010    2.3268016166867058e+47    6.9176983380732387e+45
            629.3000               0.0010    2.3668315891048736e+47    4.5778582849352444e+45
            629.3000               0.0010    2.2632584822675806e+47    9.4344252118697271e+45
            629.3000               0.0010    2.3444196722297595e+47    6.6252260750285538e+45
            636.2000               0.0010    2.3475311132094890e+47    1.6699461015777918e+46
            636.2000               0.0010    1.8670285343639248e+47    2.4359603023142150e+46
            636.2000               0.0010    2.1438981837258153e+47    2.4871719543856422e+46
            637.6000               0.0010    3.2207881448235488e+47    6.0406528539179479e+46
            659.5000               0.0010    2.7543463976431866e+47    7.8508509954047654e+46
            698.4000               0.0010    3.0245457530728988e+47    8.1285860336724413e+46
            706.6000               0.0010    2.4989211762363130e+47    4.8916576287660602e+46
            737.3000               0.0010    3.0529814016026512e+47    7.9662875038816477e+46
            739.0000               0.0010    2.2067043775158444e+47    6.3592904211325832e+45
            739.0000               0.0010    2.2292940485107748e+47    3.9011859377479676e+45
            739.0000               0.0010    2.1635620565843985e+47    9.5590415851888679e+45
            739.1000               0.0010    2.1720997040906912e+47    6.1642525913602518e+45
            746.8000               0.0010    2.3406655160320742e+47    1.7054068339756347e+46
            746.8000               0.0010    2.0398007917830080e+47    2.1372146640353611e+46
            746.8000               0.0010    1.9752685810016251e+47    2.4202248515393316e+46
            775.7000               0.0010    2.6191583602330645e+47    5.7721193370509888e+46
            777.9000               0.0010    2.8594029323401094e+47    7.9177555504904593e+46
            816.8000               0.0010    2.9963749558477982e+47    8.0543151213692909e+46
            844.7000               0.0010    2.5946558233385382e+47    5.3430803362271560e+46
            848.7000               0.0010    2.1036203150627415e+47    3.1000095476638759e+45
            848.7000               0.0010    2.0770787190657727e+47    5.2525516057630896e+45
            848.8000               0.0010    2.0276834478175995e+47    5.4934083238319713e+45
            855.7000               0.0010    2.4388470072405336e+47    7.5578076200169561e+46
            856.5000               0.0010    1.8024123530948299e+47    2.1837731781521881e+46
            856.5000               0.0010    1.7586157367439274e+47    1.5607157082858345e+46
            856.5000               0.0010    1.9596501981888731e+47    1.0197543232396366e+46
            913.7000               0.0010    2.2534719504869004e+47    5.2374047008222811e+46
            924.2000               0.0010    2.3273610235002663e+47    4.9334489228684542e+46
            972.3000               0.0010    1.9452138617286232e+47    2.6874123417860268e+45
            972.3000               0.0010    1.9550674975560633e+47    5.8611898120476408e+45
            972.3000               0.0010    1.8684460199913878e+47    8.4060671497627315e+45
            972.4000               0.0010    1.8928707294806515e+47    6.3599299888313560e+45
            979.2000               0.0010    1.8355784710570253e+47    1.1567914315889882e+46
            979.2000               0.0010    1.7000893815617692e+47    1.6263308321036666e+46
            979.2000               0.0010    1.5813811378386633e+47    1.8456313998182116e+46
            982.3000               0.0010    2.4523867285823602e+47    4.8032835658564117e+46
            994.2000               0.0010    2.3713286969289965e+47    5.0237151374263452e+46
           1051.0000               0.0010    1.7484070742674608e+47    3.7008932575021155e+46
           1063.3000               0.0010    1.7250852226094961e+47    4.4233624823821688e+46
           1076.0000               0.0010    1.8402234276991269e+47    5.2551616513719358e+45
           1076.0000               0.0010    1.7636912288308466e+47    5.1574412539183249e+45
           1076.0000               0.0010    1.8020521510480428e+47    3.3195028314024323e+45
           1076.0000               0.0010    1.7321893135622805e+47    8.0063310591056751e+45
           1082.9000               0.0010    1.5861627787107917e+47    1.8258134074045704e+46
           1082.9000               0.0010    1.5298362735969056e+47    1.5942356646993174e+46
           1082.9000               0.0010    1.6120783834227925e+47    1.1805614368742137e+46
           1120.1000               0.0010    1.3064877834816656e+47    3.5297782115053413e+46
           1132.5000               0.0010    1.7908819330392584e+47    4.4547893958885405e+46
           1185.7000               0.0010    1.6233170664364677e+47    4.4291599891342319e+45
           1185.7000               0.0010    1.7172097865928415e+47    4.7636176915185209e+45
           1185.7000               0.0010    1.6895356296985448e+47    3.2678517202966310e+45
           1185.7000               0.0010    1.6260030450070001e+47    7.5348118066153483e+45
           1192.6000               0.0010    1.4437039801735121e+47    8.5608287082809621e+45
           1192.6000               0.0010    1.4570047037971907e+47    1.6384642879638601e+46
           1192.6000               0.0010    1.3832738072726350e+47    1.6937348883869404e+46
           1261.8000               0.0010    1.8943148139235145e+47    3.5795341324840823e+46
           1294.6000               0.0010    1.5190307103705769e+47    6.8944275243467518e+45
           1294.6000               0.0010    1.5913560311480954e+47    2.1985396682720397e+45
           1294.6000               0.0010    1.6024207293200085e+47    4.6034129015156708e+45
           1294.6000               0.0010    1.5340692128264971e+47    5.0606204558734124e+45
           1303.2000               0.0010    1.3793769151732398e+47    1.2855383589406445e+46
           1303.2000               0.0010    1.3722465685710555e+47    9.1452670748045272e+45
           1303.2000               0.0010    1.2969897774496399e+47    1.6715013172770448e+46
           1390.6000               0.0010    1.7090161032127829e+47    3.3397707119238645e+46
           1443.2000               0.0010    1.5213913900112990e+47    4.3106704651707292e+45
           1443.2000               0.0010    1.3617950568594188e+47    5.9401865510038980e+45
           1443.2000               0.0010    1.4526712914496949e+47    2.1407355884833016e+45
           1443.2000               0.0010    1.3960923700117248e+47    3.5676556851154659e+45
           1468.2000               0.0010    1.1784038493004157e+47    7.5833019783861069e+45
           1468.2000               0.0010    1.1588450028982009e+47    1.4092772136948712e+46
           1468.2000               0.0010    1.0963483113266484e+47    1.2884941191911446e+46
           1500.1000               0.0010    1.4762820999758668e+47    2.3831398881696884e+46
           1624.6000               0.0010    1.3833311403632767e+47    3.9991644879134173e+45
           1624.6000               0.0010    1.2492453824690100e+47    5.6527001776076373e+45
           1624.6000               0.0010    1.2813475800295419e+47    3.6923226214923816e+45
           1624.6000               0.0010    1.3395759853142144e+47    2.0974516927890420e+45
           1652.3000               0.0010    1.1135367435980586e+47    6.9037853786448689e+45
           1652.3000               0.0010    9.8939235746458797e+46    1.1835793818876594e+46
           1652.3000               0.0010    1.1136085382804686e+47    1.2442242280672965e+46
           1663.0000               0.0010    1.6930982266030054e+47    4.3431090107447538e+46
           1731.2000               0.0010    1.6157023420717665e+47    4.2709745044076238e+46
           1802.1000               0.0010    1.4173038069754541e+47    4.0863372637646983e+46
           1808.7000               0.0010    1.2307429388107728e+47    2.0404011065725215e+45
           1808.7000               0.0010    1.1749261028651018e+47    2.8887004176064107e+45
           1808.7000               0.0010    1.1318064177568097e+47    4.8316548854103801e+45
           1808.7000               0.0010    1.3020718598945720e+47    3.5039590313625844e+45
           1835.4000               0.0010    9.5343118126609209e+46    1.1495312472309861e+46
           1835.4000               0.0010    9.6481078868707906e+46    1.1116194288004360e+46
           1835.4000               0.0010    1.0070164186517466e+47    6.0171257253972146e+45
           1930.6000               0.0010    1.1864344606263173e+47    2.7266804249080061e+46
           1998.7000               0.0010    1.2150321026255696e+47    3.3738706960685791e+45
           1998.7000               0.0010    1.0803939707926610e+47    2.6651971523283864e+45
           1998.7000               0.0010    1.1517742167583661e+47    1.6973172597439584e+45
           1998.7000               0.0010    1.0778098590466016e+47    4.6570170612010976e+45
           2023.8000               0.0010    1.1027192398288541e+47    7.1947702259373987e+45
           2023.8000               0.0010    9.4273612883344278e+46    1.1453912704905218e+46
           2023.8000               0.0010    8.7782137265048965e+46    8.3726662167810039e+45
           2059.3000               0.0010    1.0703804094418597e+47    2.6169689514347336e+46
           2190.1000               0.0010    1.0232396289889924e+47    2.2327571887306307e+46
           2209.5000               0.0010    1.0047669734863964e+47    2.7836276201325304e+45
           2209.5000               0.0010    1.1338117469616575e+47    3.3591603939614518e+45
           2209.5000               0.0010    1.0689745158780834e+47    1.6737553020188807e+45
           2209.5000               0.0010    9.8306119057517248e+46    4.4943173761959737e+45
           2234.6000               0.0010    7.0340677847189093e+46    8.6118331777306041e+45
           2234.6000               0.0010    8.6139540440890244e+46    5.9284685718758042e+45
           2234.6000               0.0010    8.0579719268308994e+46    7.9622036794752973e+45
           2388.4000               0.0010    9.2191429878869707e+46    4.0528412959816151e+45
           2388.4000               0.0010    9.9670663971995264e+46    1.0098008433812961e+45
           2388.4000               0.0010    1.0489088548445128e+47    2.9758116863808322e+45
           2388.4000               0.0010    9.5581127908231926e+46    2.5332736270747330e+45
           2413.5000               0.0010    7.2205478323451449e+46    8.6785759047098959e+45
           2413.5000               0.0010    7.4337396954502855e+46    7.1788772931486158e+45
           2413.5000               0.0010    8.1875987329544410e+46    5.4372281219714645e+45
           2584.5000               0.0010    1.0132442584697999e+47    3.0158961323471289e+45
           2584.5000               0.0010    8.6208829887430305e+46    4.0071540813038962e+45
           2584.5000               0.0010    9.5536065395722955e+46    1.1438956170525504e+45
           2584.5000               0.0010    9.0581967742366905e+46    2.4052713270193509e+45
           2610.4000               0.0010    7.1195304072106549e+46    8.5623333485259245e+45
           2610.4000               0.0010    7.6169893725316650e+46    4.7578943878532631e+45
           2610.4000               0.0010    6.8852251903627983e+46    6.6254256828594437e+45
           2779.8000               0.0010    9.1152241095833764e+46    1.4272234235605978e+45
           2779.8000               0.0010    9.7036461480547439e+46    2.8480242831545239e+45
           2779.8000               0.0010    8.1312881230746662e+46    5.2260561748382072e+45
           2779.8000               0.0010    8.5360106917225678e+46    2.1255755723357196e+45
           2805.7000               0.0010    7.3896275449315662e+46    8.7978680760741455e+45
           2805.7000               0.0010    6.9333727468338124e+46    6.3100387718421297e+45
           2805.7000               0.0010    7.9357823818947053e+46    5.3379161846397065e+45
           2880.4000               0.0010    6.3358275564832674e+46    1.8083238828301832e+46
           3545.3000               0.0010    8.9984426008683155e+46    1.8233318742670574e+45
           3545.3000               0.0010    8.3924304392328828e+46    2.5050192239733419e+45
           3545.3000               0.0010    8.1468880794284330e+46    3.9716314655210890e+45
           3545.3000               0.0010    9.4551179528718951e+46    3.0664338173437001e+45
           3552.2000               0.0010    7.5282797590985809e+46    4.1839825899210780e+45
           3552.2000               0.0010    7.2078368749804922e+46    7.7305800032114896e+45
           3552.2000               0.0010    5.9459129683334436e+46    7.1169505994485744e+45
           3570.9000               0.0010    6.6406799347515179e+46    2.0019541331285463e+46
           3679.2000               0.0010    9.4595341860973639e+46    2.8141995572046287e+45
           3679.2000               0.0010    9.7222626887664780e+46    1.9699977247968088e+45
           3679.2000               0.0010    8.9578245231979767e+46    4.2517845081021215e+45
           3679.2000               0.0010    1.0309228165607648e+47    3.1683283676481116e+45
           3687.0000               0.0010    8.7923658462143130e+46    3.9296993043115301e+45
           3687.0000               0.0010    8.1802193653874630e+46    1.1194368360074563e+46
           3687.0000               0.0010    7.1791949925183431e+46    6.8978173935264506e+45
           3787.0000               0.0010    1.2671095173494095e+47    3.7834263154633347e+46
           3795.0000               0.0010    1.1124255423030943e+47    3.6129090942339879e+45
           3795.0000               0.0010    1.1737190473278470e+47    3.5298183740289018e+45
           3795.0000               0.0010    1.1370180320376045e+47    2.0944646771234456e+45
           3795.0000               0.0010    1.0757460296930098e+47    4.6485249861650820e+45
           3801.9000               0.0010    1.0304121040247711e+47    9.7075717562641757e+45
           3801.9000               0.0010    8.9647328218771113e+46    1.0493628554426706e+46
           3801.9000               0.0010    1.0288776934052013e+47    5.3742695669527709e+45
           3917.7000               0.0010    1.2791072278405749e+47    6.0294725273041112e+45
           3917.7000               0.0010    1.1657594707831441e+47    1.2846199480729367e+46
           4034.3000               0.0010    1.4444607780619424e+47    4.1681574375732031e+45
           4034.3000               0.0010    1.3908392993607700e+47    4.0938804881163037e+45
           4034.3000               0.0010    1.3644089307555993e+47    6.4436663771782475e+45
           4034.3000               0.0010    1.4235323916036273e+47    2.8844680116224165e+45
           4041.2000               0.0010    1.1542400842602547e+47    1.5250999683298537e+46
           4041.2000               0.0010    1.4400930477465197e+47    1.8306676054197859e+46
           4041.2000               0.0010    1.2016371666550273e+47    8.2259517926102531e+45
           4141.5000               0.0010    1.4988816887651274e+47    2.3468858578063334e+45
           4141.5000               0.0010    1.4842920248207878e+47    4.4653215646275090e+45
           4141.5000               0.0010    1.5346062201883713e+47    4.5658204072343087e+45
           4141.5000               0.0010    1.4368881188529307e+47    6.6918327233310985e+45
           4149.2000               0.0010    1.3068753098986518e+47    6.9705616930445407e+45
           4149.2000               0.0010    1.3749476196014441e+47    1.6600692616183778e+46
           4149.2000               0.0010    1.1236300677267389e+47    1.4212218363006092e+46
           4254.6000               0.0010    1.5920758492047545e+47    7.9488679584588342e+45
           4254.6000               0.0010    1.6020399964716167e+47    5.2798406976201982e+45
           4254.6000               0.0010    1.6239301856138146e+47    2.6922510324736425e+45
           4254.6000               0.0010    1.6024207293200085e+47    4.5298169089419725e+45
           4261.5000               0.0010    1.4254426655289038e+47    1.6146877056409038e+46
           4261.5000               0.0010    1.0723420881534675e+47    1.3140003825152296e+46
           4261.5000               0.0010    1.5307918951617087e+47    8.0190565223094252e+45
           4370.4000               0.0010    1.6777581407614833e+47    4.9129171412006015e+45
           4370.4000               0.0010    1.6814770912226503e+47    9.0412623554837139e+45
           4370.4000               0.0010    1.6732304320082580e+47    5.0467613414337800e+45
           4370.4000               0.0010    1.6973341719495855e+47    3.5955959566973830e+45
           4377.3000               0.0010    1.5473186288769896e+47    9.0402361757426477e+45
           4377.3000               0.0010    1.4142407721002338e+47    1.5874380425451613e+46
           4377.3000               0.0010    1.5543977332493802e+47    1.4916050296670943e+46
           4498.3000               0.0010    1.7620302301353888e+47    4.9115839909681618e+45
           4498.3000               0.0010    1.7561732393090601e+47    3.0732412128487726e+45
           4498.3000               0.0010    1.7206056906244728e+47    7.9549535438574350e+45
           4498.3000               0.0010    1.7623467220747144e+47    5.2142891442447057e+45
           4505.2000               0.0010    1.6386105798965096e+47    1.9775977747672902e+46
           4505.2000               0.0010    1.6579772027353876e+47    1.9491339640109583e+46
           4505.2000               0.0010    1.6519045700251913e+47    8.6357587508380535e+45
           4614.9000               0.0010    1.8751143415947589e+47    5.6064871209905828e+45
           4614.9000               0.0010    1.8723306876169588e+47    5.3428622517740341e+45
           4614.9000               0.0010    1.8525389821140149e+47    2.7300024110109807e+45
           4614.9000               0.0010    1.8810232149674104e+47    8.9910974326260855e+45
           4621.8000               0.0010    1.8572080413976889e+47    9.6784406903783277e+45
           4621.8000               0.0010    1.9398089362853272e+47    2.4513576306336872e+46
           4730.7000               0.0010    1.9916973974406512e+47    6.2349107608366853e+45
           4730.7000               0.0010    2.0212245099024911e+47    1.0670188910005553e+46
           4730.7000               0.0010    1.9777316142081496e+47    3.2788047340194460e+45
           4730.7000               0.0010    1.9049963837159709e+47    5.1022183240004295e+45
           4737.6000               0.0010    1.8410185114684583e+47    1.8818227948000191e+46
           4737.6000               0.0010    1.6985086183117078e+47    2.0933533111557932e+46
           4737.6000               0.0010    1.8956744450830766e+47    8.5739509426859588e+45
           4846.5000               0.0010    2.1476729951966248e+47    7.3631610275941061e+45
           4846.5000               0.0010    2.0770787190657727e+47    6.0009226027704647e+45
           4846.5000               0.0010    2.1697922637972065e+47    1.0580571000204477e+46
           4846.5000               0.0010    2.1211303412496079e+47    2.5397232872238759e+45
           4853.4000               0.0010    2.1542820180811553e+47    9.3011504529278973e+45
           4853.4000               0.0010    2.2310523284415071e+47    2.7623547480178263e+46
           4853.4000               0.0010    2.2668070606392951e+47    1.9520254163039327e+46
           4983.9000               0.0010    2.2438186665704781e+47    1.0928369329649788e+46
           4983.9000               0.0010    2.1501886069676926e+47    5.6426984915127116e+45
           4983.9000               0.0010    2.2030246497758695e+47    6.8798808768878312e+45
           4990.8000               0.0010    2.2332109910012457e+47    2.1457887977205786e+46
           4990.8000               0.0010    2.3367624051681481e+47    2.4765731193372851e+46
           4990.8000               0.0010    2.0758317782382749e+47    9.3583844750984022e+45
           5091.0000               0.0010    2.1429249253143029e+47    9.7006815459421175e+45
           5091.0000               0.0010    2.0591944360092405e+47    6.1608724303351368e+45
           5091.0000               0.0010    2.1113846324436626e+47    3.8893143361584481e+45
           5091.0000               0.0010    2.1517259442991658e+47    6.5656295755390291e+45
           5098.8000               0.0010    2.0657233381032863e+47    9.3144376540966437e+45
           5098.8000               0.0010    2.3273738850083136e+47    2.5510889201687641e+46
           5098.8000               0.0010    2.1121237314894532e+47    2.2107792604062713e+46
           5206.8000               0.0010    2.1269993456571470e+47    3.5262699315190924e+45
           5206.8000               0.0010    2.2117893194152337e+47    1.1346721688444005e+46
           5206.8000               0.0010    2.0064546855171539e+47    5.4411569367626712e+45
           5206.8000               0.0010    2.1598528130266250e+47    6.2807366158289490e+45
           5213.7000               0.0010    2.2645512649879761e+47    2.2841678087009982e+46
           5213.7000               0.0010    1.9223203153099044e+47    2.1739257724850856e+46
           5213.7000               0.0010    2.0738061407533039e+47    9.4823352232589495e+45
           5304.4000               0.0010    2.3048536625761253e+47    1.1506937020208348e+46
           5304.4000               0.0010    2.2619351875627234e+47    6.5692273895203936e+45
           5304.4000               0.0010    2.1316728620710854e+47    5.5965556794010385e+45
           5311.3000               0.0010    2.3429518145032194e+47    1.3017673381938014e+46
           5311.3000               0.0010    2.2423064007643572e+47    2.5413202471001909e+46
           5311.3000               0.0010    2.4941223683957182e+47    2.4043638923950224e+46
           5646.5000               0.0010    2.3880584757860760e+47    1.1755137095090288e+46
           5646.5000               0.0010    2.2707397198766679e+47    5.6468573059433461e+45
           5646.5000               0.0010    2.1688651799234154e+47    6.2547744099481176e+45
           5653.5000               0.0010    2.4303977651131500e+47    2.2024713800646042e+46
           5653.5000               0.0010    2.1756215725396264e+47    2.8530706190136880e+46
           5653.5000               0.0010    2.2820048166515404e+47    1.0399670703281999e+46
           5739.9000               0.0010    2.4530169956978618e+47    1.0078706827159515e+46
           5739.9000               0.0010    2.2843768837102276e+47    6.8069423703285212e+45
           5739.9000               0.0010    2.4276057481477063e+47    7.3851227153858622e+45
           5739.9000               0.0010    2.3386614501004979e+47    4.3079737180665829e+45
           5746.8000               0.0010    2.4314971069084174e+47    1.0448696138759108e+46
           5746.8000               0.0010    2.8721754004284374e+47    3.3140799980113371e+46
           5746.8000               0.0010    2.4159244949248282e+47    2.0479063557105344e+46
           5838.3000               0.0010    2.6459751291024929e+47    1.2810883425900050e+46
           5838.3000               0.0010    2.5036139188688471e+47    3.2282791823273257e+45
           5838.3000               0.0010    2.5882806023792874e+47    8.0520326399273922e+45
           5845.3000               0.0010    2.7306105127720224e+47    2.4297814179093609e+46
           5845.3000               0.0010    2.8234555705076233e+47    3.9728357826393032e+46
           5845.3000               0.0010    2.5233910444195306e+47    1.0678381777676248e+46
           5936.8000               0.0010    2.3647833393542822e+47    6.9140920542477435e+45
           5936.8000               0.0010    2.5495419221421592e+47    7.5617725264748416e+45
           5936.8000               0.0010    2.6740218877198297e+47    1.3633886573302684e+46
           5936.8000               0.0010    2.5151700758290204e+47    4.4014589001497712e+45
           5943.8000               0.0010    2.6418646132234816e+47    1.1807895335751947e+46
           5943.8000               0.0010    2.6821987624747385e+47    3.1982861337517060e+46
           5943.8000               0.0010    2.7799805539828553e+47    2.4054039219730831e+46
           6576.2000               0.0010    2.3214928844771472e+47    4.4901654530651223e+45
           6576.2000               0.0010    2.4003057034914288e+47    6.7922446437061522e+45
           6576.2000               0.0010    2.2452058061707815e+47    6.5782842946089672e+45
           6576.2000               0.0010    2.4530169956978618e+47    1.1757207933706001e+46
           6583.1000               0.0010    2.6187989471243449e+47    3.1919145700957717e+46
           6583.1000               0.0010    2.8008158668581180e+47    2.8950305702515731e+46
           6583.1000               0.0010    2.4915692212217766e+47    1.1159527599426211e+46
           6691.1000               0.0010    2.3270502253353125e+47    1.0498003250268722e+46
           6691.1000               0.0010    2.2428310332280361e+47    6.3590900022307520e+45
           6691.1000               0.0010    2.1705378146595483e+47    3.5984506749786598e+45
           6691.1000               0.0010    2.0951202583547931e+47    6.1557495331013148e+45
           6698.0000               0.0010    2.3292695907278229e+47    1.1725706170866159e+46
           6698.0000               0.0010    2.6261102673490989e+47    2.7037198621746372e+46
           6698.0000               0.0010    2.1610387601010639e+47    2.9865541895478031e+46
           6794.8000               0.0010    2.1557845563123395e+47    5.8290736350991192e+45
           6794.8000               0.0010    2.2416683322364238e+47    1.0253198407079102e+46
           6794.8000               0.0010    2.0238827833105193e+47    5.6620351303134979e+45
           6794.8000               0.0010    2.1230848744780016e+47    3.9108669790930554e+45
           6801.7000               0.0010    2.3659445228565201e+47    2.2688743553413511e+46
           6801.7000               0.0010    2.4011260368178144e+47    2.6052220855459358e+46
           6801.7000               0.0010    2.2598361761936544e+47    1.1224544108273823e+46
           6905.4000               0.0010    2.1115460451559614e+47    5.8536080701110439e+45
           6905.4000               0.0010    2.0671279353500459e+47    4.1885695335189335e+45
           6905.4000               0.0010    2.1635620565843985e+47    1.0551280020427312e+46
           6905.4000               0.0010    1.9891784969901962e+47    6.0652588129334248e+45
           6912.3000               0.0010    2.1458875315761913e+47    9.2663135415053422e+45
           6912.3000               0.0010    2.3203577916775120e+47    2.4600777574266898e+46
           6912.3000               0.0010    2.3193065626371292e+47    2.3874287727508515e+46
           7016.8000               0.0010    2.0917383371953611e+47    5.6613342099759321e+45
           7016.8000               0.0010    1.9720492454051331e+47    5.8083395748390363e+45
           7016.8000               0.0010    2.0519527497290596e+47    3.7798367592570448e+45
           7016.8000               0.0010    2.0722271340900861e+47    9.6260809260593887e+45
           7023.8000               0.0010    2.1696623682691928e+47    2.3495475571945600e+46
           7023.8000               0.0010    1.9912351769607630e+47    2.2482364893127074e+46
           7023.8000               0.0010    2.0637094653788634e+47    1.2977602518070750e+46
           7124.0000               0.0010    2.1927915880172833e+47    1.0966107302066068e+46
           7124.0000               0.0010    2.1133301854074713e+47    3.5036083595369645e+45
           7124.0000               0.0010    2.0238827833105193e+47    5.9547632352996109e+45
           7124.0000               0.0010    2.1659666052603365e+47    6.1473498492568016e+45
           7131.8000               0.0010    2.1500816681932221e+47    1.4947195316481530e+46
           7131.8000               0.0010    2.3794761548979069e+47    2.5940644116923390e+46
           7131.8000               0.0010    2.1353789454502877e+47    2.5622474222469025e+46
           7236.3000               0.0010    1.9891784969901962e+47    5.9594311539441942e+45
           7236.3000               0.0010    2.1594191895998113e+47    9.2195698373705720e+45
           7236.3000               0.0010    2.0652249166410188e+47    3.4238564954166797e+45
           7236.3000               0.0010    2.0878003025161073e+47    5.3843679632339210e+45
           7243.2000               0.0010    2.1913682070065892e+47    2.6986998228423307e+46
           7243.2000               0.0010    2.1215680002477727e+47    2.3061037320655279e+46
           7243.2000               0.0010    2.1043973984379137e+47    1.4993275124078153e+46
           7341.7000               0.0010    1.9886912177827956e+47    3.2969742368101025e+45
           7341.7000               0.0010    1.8885920427406980e+47    6.0870534162183640e+45
           7341.7000               0.0010    2.0642968796906637e+47    1.0613780072293002e+46
           7341.7000               0.0010    2.0257738280913284e+47    5.9012514247976185e+45
           7348.6000               0.0010    2.0516560539995419e+47    1.2239487631191931e+46
           7348.6000               0.0010    2.2310523284415071e+47    2.3990240457454169e+46
           7348.6000               0.0010    2.1290102694828930e+47    1.9929793923649595e+46
           7619.1000               0.0010    2.1306364688357702e+47    9.1024039012931580e+45
           7619.1000               0.0010    2.0238827833105193e+47    5.4045833367179741e+45
           7619.1000               0.0010    2.1195211581420882e+47    4.9739164588588824e+45
           7625.1000               0.0010    2.1481715291990268e+47    1.7846936196066804e+46
           7625.1000               0.0010    2.2131627735039079e+47    2.3906241530523466e+46
           7625.1000               0.0010    2.1229675517120353e+47    1.0414578866327484e+46
           8056.2000               0.0010    2.2763118368711567e+47    9.2034381051212286e+45
           8056.2000               0.0010    2.0951202583547931e+47    5.5054018365828849e+45
           8056.2000               0.0010    2.2301832855466118e+47    5.4702410399216408e+45
           8056.2000               0.0010    2.2027608876736125e+47    2.8403449364646648e+45
           8063.1000               0.0010    2.2909317796707039e+47    1.0291763810644010e+46
           8063.1000               0.0010    2.5148921043165266e+47    2.6552970849694599e+46
           8063.1000               0.0010    2.2600464059646003e+47    1.9464490026098545e+46
           8502.1000               0.0010    2.0843342078034950e+47    2.6876399277668467e+45
           8502.1000               0.0010    2.1864953419683992e+47    8.7766513071956969e+45
           8502.1000               0.0010    2.1496975246185858e+47    5.0417128332523228e+45
           8502.1000               0.0010    1.9891784969901962e+47    5.3164154971661568e+45
           8509.0000               0.0010    2.2600464059646003e+47    1.9213224410859553e+46
           8509.0000               0.0010    2.3414697797503327e+47    2.3770770207368032e+46
           8509.0000               0.0010    2.2642509399534926e+47    1.2416563482660730e+46
           8657.0000               0.0010    1.6919882969793226e+47    5.2233454226171715e+46
           8944.4000               0.0010    1.8723306876169588e+47    4.7616213240156000e+45
           8944.4000               0.0010    1.9508260927090095e+47    4.6996077204352733e+45
           8944.4000               0.0010    1.9790490393510554e+47    8.3923646207769865e+45
           8944.4000               0.0010    1.8956901589746253e+47    2.2697937738576851e+45
           8952.2000               0.0010    1.9368275575045679e+47    9.3936109040666213e+45
           8952.2000               0.0010    2.0378628677163477e+47    2.1422666409945000e+46
           8952.2000               0.0010    2.0095691542350137e+47    1.7393205862142696e+46
           9246.0000               0.0010    2.0037196439280847e+47    3.0576990593502453e+46
           9384.2000               0.0010    1.7806040430280909e+47    2.4599954664189889e+45
           9384.2000               0.0010    1.8091482451174446e+47    4.3715816801375476e+45
           9384.2000               0.0010    1.7321254985241824e+47    4.8030868362489888e+45
           9384.2000               0.0010    1.8207124222184756e+47    7.5183397771698677e+45
           9390.3000               0.0010    1.8855313407528504e+47    1.6155430791669907e+46
           9390.3000               0.0010    1.9069045525765225e+47    2.0836487571557389e+46
           9390.3000               0.0010    1.8177466598092256e+47    8.8334342597745464e+45
           9824.8000               0.0010    1.6927972889352445e+47    6.8871628862626507e+45
           9824.8000               0.0010    1.6745979481872834e+47    4.2509157214090492e+45
           9824.8000               0.0010    1.6617563794619712e+47    2.4488547697210365e+45
           9824.8000               0.0010    1.6303774299781306e+47    4.3385674494045523e+45
           9832.6000               0.0010    1.6664817221744699e+47    7.8954630236545281e+45
           9832.6000               0.0010    1.7365326569120895e+47    1.8343403581825104e+46
           9832.6000               0.0010    1.7342757639158760e+47    1.4548903820448476e+46
          10257.7000               0.0010    1.6952422000534032e+47    4.4040155237510605e+45
          10257.7000               0.0010    1.7255603578370399e+47    7.0774741479186000e+45
          10257.7000               0.0010    1.6445389146579756e+47    4.5710846820375074e+45
          10257.7000               0.0010    1.6617563794619712e+47    2.2958013466134718e+45
          10264.6000               0.0010    1.7325515084361347e+47    1.4805780982493837e+46
          10264.6000               0.0010    1.7174154080317648e+47    1.8785268055848697e+46
          10264.6000               0.0010    1.7447248832466210e+47    8.6098222841691700e+45
          10692.3000               0.0010    1.6386890610151665e+47    4.0674390853235945e+45
          10692.3000               0.0010    1.6179584127914640e+47    2.2352922177761640e+45
          10692.3000               0.0010    1.6686319491550384e+47    7.1337348649407989e+45
          10692.3000               0.0010    1.6163378929436408e+47    4.4283894598153101e+45
          10699.2000               0.0010    1.6713698158083567e+47    7.5934900619165949e+45
          10699.2000               0.0010    1.6882834174958791e+47    1.8334759711185464e+46
          10699.2000               0.0010    1.7568656637888122e+47    1.4385203613868235e+46
          11137.3000               0.0010    1.6050617840707761e+47    3.9871487187014073e+45
          11137.3000               0.0010    1.5613797921603936e+47    4.0100350389808840e+45
          11137.3000               0.0010    1.5869650210709930e+47    1.9001434950241179e+45
          11137.3000               0.0010    1.6448130939284306e+47    7.5281756625242372e+45
          11144.2000               0.0010    1.6715607108845405e+47    1.3798548593842371e+46
          11144.2000               0.0010    1.6233051054381801e+47    1.7527163919815258e+46
          11144.2000               0.0010    1.6342607658064896e+47    7.7477661285102768e+45
          11161.0000               0.0010    1.4713627396866724e+47    2.2874590403018897e+46
          11582.2000               0.0010    1.5132174962804793e+47    6.4993599265268022e+45
          11582.2000               0.0010    1.4688158619899335e+47    1.7586782748777176e+45
          11582.2000               0.0010    1.4696616237860371e+47    4.0446371791246708e+45
          11582.2000               0.0010    1.4983461422860171e+47    3.8190559134457089e+45
          11589.1000               0.0010    1.5473186288769896e+47    7.6633598727572626e+45
          11589.1000               0.0010    1.5893595448900195e+47    1.7817201367090504e+46
          11589.1000               0.0010    1.5267929789504361e+47    1.3119423627539104e+46
          12028.9000               0.0010    1.4953035143499185e+47    4.3084720902975415e+45
          12028.9000               0.0010    1.5248648521958745e+47    6.5470094044521951e+45
          12028.9000               0.0010    1.5099666456940386e+47    2.2251691452057044e+45
          12028.9000               0.0010    1.5082639613125829e+47    4.0282278068052315e+45
          12036.7000               0.0010    1.5131756851129071e+47    1.2927861344811339e+46
          12036.7000               0.0010    1.5159349092972020e+47    1.7104876861828218e+46
          12036.7000               0.0010    1.5518557661977087e+47    7.7933904093651931e+45
          12471.3000               0.0010    1.5155398283581500e+47    2.2333820909288038e+45
          12471.3000               0.0010    1.5082903556303800e+47    4.4161414717003565e+45
          12471.3000               0.0010    1.5395512625192527e+47    6.6070665020800002e+45
          12471.3000               0.0010    1.5282969773129146e+47    3.8925702420638585e+45
          12478.2000               0.0010    1.5352805718364277e+47    7.2934439773337491e+45
          12478.2000               0.0010    1.4590566483936765e+47    1.6353276195322549e+46
          12478.2000               0.0010    1.5888150843834272e+47    1.3301790884661593e+46
          12911.1000               0.0010    1.3833311403632767e+47    3.9360368979110467e+45
          12911.1000               0.0010    1.3988377809860389e+47    1.8037281442541560e+45
          12911.1000               0.0010    1.4053333531726734e+47    3.4304915881794939e+45
          12911.1000               0.0010    1.3988377809860389e+47    5.9690289759581065e+45
          12918.0000               0.0010    1.4141352683592769e+47    1.1902359018930485e+46
          12918.0000               0.0010    1.3944551596183403e+47    1.5597832348985915e+46
          12918.0000               0.0010    1.4171732744801170e+47    8.0758619078819303e+45
          13060.0000               0.0010    1.4713627396866724e+47    2.2874590403018897e+46
          13350.0000               0.0010    1.3578848828177960e+47    5.9239168059551214e+45
          13350.0000               0.0010    1.3479027313215066e+47    3.9649905155806584e+45
          13350.0000               0.0010    1.3393822934885817e+47    3.5083419174053289e+45
          13350.0000               0.0010    1.3334211926442779e+47    1.4737516076414647e+45
          13356.9000               0.0010    1.3209845956311087e+47    7.4388247663849800e+45
          13356.9000               0.0010    1.4812492858060024e+47    1.5890288891147742e+46
          13356.9000               0.0010    1.3347998626145089e+47    1.1330560006309285e+46
          14271.9000               0.0010    1.3187648200780602e+47    1.9434037141076421e+45
          14271.9000               0.0010    1.3295508538136292e+47    5.5265085800540475e+45
          14271.9000               0.0010    1.3305749815492060e+47    3.3291701658430621e+45
          14271.9000               0.0010    1.3133816770920550e+47    3.6336910243246969e+45
          14279.6000               0.0010    1.4141352683592769e+47    1.2117689855833070e+46
          14279.6000               0.0010    1.3434878813494033e+47    1.5442805042967087e+46
          14279.6000               0.0010    1.3655655544375364e+47    6.8836089992699437e+45
          14710.8000               0.0010    1.3479027313215066e+47    3.8396316685040743e+45
          14710.8000               0.0010    1.3318292638371992e+47    3.3321881122287181e+45
          14710.8000               0.0010    1.3359387690307301e+47    5.8954727682744538e+45
          14710.8000               0.0010    1.3432824889689644e+47    1.7320925013400646e+45
          14717.7000               0.0010    1.3602431683835675e+47    6.4876074036749459e+45
          14717.7000               0.0010    1.4014904850133935e+47    1.6442684217149725e+46
          14717.7000               0.0010    1.3657139749228893e+47    1.1513036554130811e+46
          15285.3000               0.0010    1.3285177254204243e+47    3.4261082222017139e+45
          15285.3000               0.0010    1.3280699596124210e+47    4.4953576174082786e+45
          15285.3000               0.0010    1.3247897315443161e+47    5.5168115718555181e+45
          15285.3000               0.0010    1.3181309370164247e+47    6.9629531808155066e+45
          15293.1000               0.0010    1.3629971678369102e+47    1.3590397827371817e+46
          15293.1000               0.0010    1.3502648222525066e+47    1.6314767085638683e+46
          15293.1000               0.0010    1.3068753098986518e+47    6.5962530326163118e+45
          15407.0000               0.0010    1.5913237862267582e+47    4.2671131153371973e+46
          15710.0000               0.0010    1.7370557413452978e+47    4.5703399292204307e+46
          16014.0000               0.0010    1.6053293816721812e+47    4.3028547324092938e+46
          16262.5000               0.0010    1.2893907582266334e+47    5.8928638273613997e+45
          16262.5000               0.0010    1.2813475800295419e+47    3.3615263313800226e+45
          16262.5000               0.0010    1.2687245773039343e+47    1.7528078297488123e+45
          16262.5000               0.0010    1.2687245773039343e+47    3.2948794303041507e+45
          16269.4000               0.0010    1.2853664294482424e+47    6.1418691826310335e+45
          16269.4000               0.0010    1.3666702900841846e+47    1.4293750751351822e+46
          16269.4000               0.0010    1.2687245773039343e+47    1.0731236526618965e+46
          16825.8000               0.0010    1.2777307685494159e+47    3.4314620218605876e+45
          16825.8000               0.0010    1.2856884814068386e+47    5.5647398507006350e+45
          16825.8000               0.0010    1.2687245773039343e+47    3.5158370999298761e+45
          16825.8000               0.0010    1.2687245773039343e+47    1.7528078297488123e+45
          16832.8000               0.0010    1.2942368262316474e+47    1.1133441480646361e+46
          16832.8000               0.0010    1.3153924754156487e+47    1.5405141201047761e+46
          16832.8000               0.0010    1.3549427746446656e+47    7.1212761867975938e+45
          17223.3000               0.0010    1.1882903014572846e+47    3.5129263658308296e+45
          17223.3000               0.0010    1.1786024851028841e+47    1.5197462508979652e+45
          17223.3000               0.0010    1.1816916112009994e+47    5.3008903194326187e+45
          17223.3000               0.0010    1.1941974859542801e+47    3.1858778931963086e+45
          17230.2000               0.0010    1.2039857661817470e+47    7.0727307146590222e+45
          17230.2000               0.0010    1.1657594707831441e+47    1.3428175064054177e+46
          17230.2000               0.0010    1.1530914510978346e+47    1.0408493865385607e+46
          17828.9000               0.0010    1.0662320964810276e+47    2.7516976034662823e+45
          17828.9000               0.0010    1.0952603150297667e+47    2.9727293975441846e+45
          17828.9000               0.0010    1.0650435137831316e+47    1.6676003044011237e+45
          17828.9000               0.0010    1.0412536856912097e+47    4.5983717817957997e+45
          17835.9000               0.0010    1.0808428449299188e+47    1.0231095489151519e+46
          17835.9000               0.0010    1.0207452122065483e+47    1.1930039083447114e+46
          17835.9000               0.0010    1.0268706749406497e+47    5.8951155158646072e+45
          18337.0000               0.0010    9.9157815705222314e+46    4.5315787438556238e+45
          18337.0000               0.0010    9.9762506335871392e+46    1.4701546658663791e+45
          18337.0000               0.0010    1.0132442584697999e+47    2.7606750612986202e+45
          18337.0000               0.0010    1.0114177043994163e+47    2.6152654010693485e+45
          18343.9000               0.0010    9.9723371146489443e+46    5.5779589932105556e+45
          18343.9000               0.0010    1.0573397311130039e+47    1.2081062956693323e+46
          18343.9000               0.0010    9.6201125076951749e+46    8.2864494833495137e+45
          18774.2000               0.0010    9.7879231601510726e+46    2.6713403945958328e+45
          18774.2000               0.0010    9.4517831911041660e+46    4.4766155680412818e+45
          18774.2000               0.0010    9.3619722822122098e+46    1.2934043063171316e+45
          18774.2000               0.0010    9.3619722822122098e+46    2.5994930286663155e+45
          18781.9000               0.0010    8.5709734620371677e+46    9.2069531321260466e+45
          18781.9000               0.0010    9.3989415973306896e+46    1.0669104523063576e+46
          18781.9000               0.0010    9.1068577059925952e+46    5.0373048918816755e+45
          19285.6000               0.0010    9.2335212050930307e+46    1.5307897604220444e+45
          19285.6000               0.0010    9.4551179528718951e+46    2.6195785992790883e+45
          19285.6000               0.0010    8.9235436153931400e+46    4.3351689111002459e+45
          19285.6000               0.0010    9.1525845780497990e+46    2.6024680392829324e+45
          19293.4000               0.0010    9.3775060064947004e+46    5.7591463338253385e+45
          19293.4000               0.0010    8.7684362849220828e+46    1.0147031524196564e+46
          19293.4000               0.0010    9.3743194941467192e+46    8.3254869527325557e+45
          19684.0000               0.0010    9.0549853242048492e+46    2.5490224634064470e+45
          19684.0000               0.0010    8.9406141139155744e+46    1.4822298268961287e+45
          19684.0000               0.0010    8.8556032427419807e+46    2.5205447641090625e+45
          19684.0000               0.0010    8.7457236558026541e+46    4.0183929790762070e+45
          19690.9000               0.0010    8.8132350020161780e+46    8.1933876153536010e+45
          19690.9000               0.0010    9.0645229062678316e+46    1.0347842151877654e+46
          19690.9000               0.0010    8.8353905350300710e+46    4.6976489506855180e+45
          20325.0000               0.0010    8.4490941646207128e+46    4.1132416853498571e+45
          20325.0000               0.0010    9.0549853242048492e+46    2.4206905664639662e+45
          20325.0000               0.0010    8.5682504100433710e+46    2.2289568292141077e+45
          20325.0000               0.0010    8.5146607763470873e+46    1.2547668185552684e+45
          20332.0000               0.0010    8.3490247838349578e+46    4.3277464058295486e+45
          20332.0000               0.0010    7.9449386856001789e+46    9.0904639834896358e+45
          20332.0000               0.0010    8.0419496557579501e+46    6.9823139615326471e+45
          20956.6000               0.0010    8.3208434316039168e+46    1.5327560478647409e+45
          20956.6000               0.0010    8.1234956092268981e+46    3.6657315963660039e+45
          20956.6000               0.0010    8.2668213074799326e+46    2.7033000683325383e+45
          20956.6000               0.0010    8.5230797156125824e+46    2.4060196239747427e+45
          20963.5000               0.0010    7.9385457124450690e+46    7.0995028489475810e+45
          20963.5000               0.0010    7.6314690924834127e+46    9.2302822379949018e+45
          20963.5000               0.0010    8.0214586666088057e+46    5.1983248532736330e+45
          32933.0000               0.0010    5.0937420357361932e+46    1.9974231591044564e+46
          33237.0000               0.0010    5.4636308364951313e+46    2.0669231756000024e+46
          82337.8000               0.0010    5.9915354493832407e+45    4.3987146016362110e+44
          82337.8000               0.0010    4.3108779879903163e+45    2.5379585340867934e+44
          82337.8000               0.0010    3.9370173662987763e+45    3.3990250839990476e+44
          82337.8000               0.0010    5.0369464310782715e+45    1.7628957112444730e+44
          82363.7000               0.0010    4.3170008192774623e+45    9.7990709349623964e+44
          82363.7000               0.0010    5.1682621256790030e+45    7.3909693367605168e+44
          83119.7000               0.0010    3.9106894561138214e+45    3.6983375804857242e+44
          83119.7000               0.0010    4.9999692339984731e+45    1.8881082126306346e+44
          83119.7000               0.0010    4.6092103826498571e+45    2.9117339679276403e+44
          83119.7000               0.0010    6.2024280270424102e+45    4.1130036512309608e+44
          83144.8000               0.0010    4.1361104807770012e+45    9.3915181503468788e+44
          83144.8000               0.0010    6.2215319171010674e+45    8.3110364635431725e+44
          90966.0000               0.0010    4.2802203846966764e+45    8.0605092073913522e+44
          91951.5000               0.0010    4.2011417080154341e+45    1.5864517940214706e+44
          91951.5000               0.0010    4.7029821633250217e+45    4.2947900217861927e+44
          91951.5000               0.0010    2.8393552177241360e+45    2.9107052761222883e+44
          91951.5000               0.0010    3.8607931174082745e+45    2.3750141901422193e+44
          91977.4000               0.0010    2.9426304764820053e+45    6.9689185234679370e+44
          91977.4000               0.0010    4.1288901714543308e+45    9.0400207752300181e+44
          92720.5000               0.0010    3.9379675262241386e+45    2.8020669800243271e+44
          92720.5000               0.0010    4.6624837541588495e+45    4.2579969681857728e+44
          92720.5000               0.0010    4.0342920149585475e+45    1.9693317954317926e+44
         100649.9000               0.0010    1.9002175541197041e+45    1.7037540077778059e+44
         100675.4000               0.0010    2.1258828407085008e+45    4.8639224992014175e+44
         107789.5000               0.0010    4.2762051381480702e+45    5.6885918530927107e+44
         107789.5000               0.0010    2.1482584392659385e+45    3.2834117173304126e+44
         107789.5000               0.0010    2.9442001371787787e+45    2.7117086167279928e+44
         108578.3000               0.0010    3.0546913058552264e+45    3.0948222215002160e+44
         108578.3000               0.0010    2.5454356813376493e+45    3.1815303445080955e+44
         108578.3000               0.0010    4.2393817993921407e+45    6.3568347289401214e+44
         167820.2000               0.0010    1.1533016743558889e+45    1.8713819094464161e+44
         167820.2000               0.0010    1.7577913591508352e+45    1.6189857186770079e+44
         255354.6000               0.0010    7.4639259090444364e+44    1.0311795016881740e+44
         256265.7000               0.0010    6.0189414449298484e+44    1.0895010931771248e+44
         257176.0000               0.0010    8.0346566070185130e+44    1.1840307880471838e+44
         435111.6000               0.0010    4.8861558697708937e+44    6.3004423953333062e+43
         436921.7000               0.0010    4.7108591205029479e+44    9.8485639719691314e+43
         436923.4000               0.0010    5.4571679228619820e+44    8.0419800773661068e+43
         438734.3000               0.0010    4.3748917975710176e+44    7.2529638671129604e+43
