36.80786939	0.000426017	1.09073E-24	2.18001E-09	3.66756E-10	3.6951E-10
40.06689907	0.000463737	9.85638E-25	1.96996E-09	3.00956E-10	2.91857E-10
43.32567916	0.000501455	1.02263E-24	2.04389E-09	3.43857E-10	3.46438E-10
46.58506529	0.000539179	9.94758E-25	1.98819E-09	2.88155E-10	2.73629E-10
49.84420182	0.0005769	1.12129E-24	2.24108E-09	2.7112E-10	2.619E-10
53.10326657	0.000614621	8.42786E-25	1.68445E-09	2.57338E-10	2.49557E-10
56.36226077	0.000652341	8.98912E-25	1.79663E-09	3.02258E-10	3.04527E-10
59.66292292	0.000690543	8.74415E-25	1.74766E-09	3.33636E-10	3.34227E-10
60.64481528	0.000701908	1.07974E-24	2.15803E-09	1.89883E-10	2.08203E-10
61.77235334	0.000714958	8.66597E-25	1.73204E-09	1.9545E-10	2.20311E-10
62.96322861	0.000728741	1.14213E-24	2.28275E-09	4.52719E-10	4.61719E-10
66.2220087	0.000766458	8.42786E-25	1.68445E-09	2.57338E-10	2.49557E-10
77.36144227	0.000895387	7.97476E-25	1.59389E-09	1.79861E-10	1.69946E-10
89.44838879	0.001035282	1.05128E-24	2.10115E-09	2.71125E-10	2.67261E-10
95.0018446	0.001099558	8.90876E-25	1.78056E-09	1.8631E-10	2.08083E-10
101.5776448	0.001175667	6.39319E-25	1.27778E-09	2.05136E-10	2.02883E-10
113.7067584	0.00131605	4.84973E-25	9.69299E-10	1.85043E-10	1.85371E-10
122.1147301	0.001413365	7.61303E-25	1.52159E-09	1.33883E-10	1.468E-10
125.5885006	0.001453571	6.2765E-25	1.25446E-09	2.30091E-10	2.39906E-10
127.8796135	0.001480088	6.63464E-25	1.32604E-09	1.92188E-10	2.24764E-10
135.5975718	0.001569416	6.88204E-25	1.37549E-09	1.88472E-10	2.18397E-10
137.5933938	0.001592516	6.04947E-25	1.20909E-09	2.5748E-10	2.58006E-10
149.5988218	0.001731468	4.18521E-25	8.36484E-10	2.24898E-10	2.26331E-10
152.0547416	0.001759893	5.07829E-25	1.01498E-09	1.78496E-10	2.16586E-10
160.6407278	0.001859268	5.46786E-25	1.09284E-09	2.00447E-10	2.4547E-10
161.6445632	0.001870886	5.22056E-25	1.04342E-09	1.7554E-10	1.76858E-10
168.5000588	0.001950232	4.46393E-25	8.92191E-10	1.76941E-10	2.20713E-10
173.7741756	0.002011275	4.22394E-25	8.44224E-10	1.42029E-10	1.43095E-10
184.5794435	0.002136336	4.71756E-25	9.42883E-10	1.72941E-10	2.11787E-10
185.8202735	0.002150698	4.07115E-25	8.13688E-10	1.73278E-10	1.73632E-10
188.6989045	0.002184015	4.42402E-25	8.84215E-10	2.4953E-10	3.47635E-10
200.6525134	0.002322367	4.93989E-25	9.8732E-10	1.81092E-10	2.21768E-10
205.9119132	0.00238324	4.46393E-25	8.92191E-10	1.15125E-10	1.13484E-10
214.6255998	0.002484093	4.79623E-25	9.58607E-10	2.2683E-11	2.32327E-11
214.6255998	0.002484093	4.63254E-25	9.25891E-10	1.43843E-11	1.46113E-11
214.6255998	0.002484093	4.56132E-25	9.11656E-10	1.41632E-11	1.43867E-11
214.6421354	0.002484284	4.69622E-25	9.38617E-10	1.798E-11	1.83312E-11
217.0776964	0.002512473	4.38245E-25	8.75907E-10	1.73711E-10	2.16685E-10
218.3271817	0.002526935	4.99059E-25	9.97453E-10	6.05547E-11	6.44685E-11
218.3271817	0.002526935	4.82383E-25	9.64124E-10	6.01979E-11	6.42069E-11
218.3271817	0.002526935	4.04283E-25	8.08027E-10	4.83555E-11	5.14334E-11
233.1418863	0.002698401	4.22394E-25	8.44224E-10	1.73633E-10	2.18591E-10
234.5428404	0.002714616	4.34228E-25	8.67876E-10	1.25784E-10	1.19443E-10
249.2029514	0.002884293	3.64517E-25	7.28547E-10	1.70774E-10	2.2306E-10
259.2603631	0.003000699	4.19276E-25	8.37993E-10	1.52951E-11	1.55795E-11
259.2603631	0.003000699	4.19005E-25	8.37452E-10	1.60421E-11	1.63554E-11
259.2603631	0.003000699	4.15997E-25	8.3144E-10	1.36705E-11	1.3899E-11
259.2768879	0.00300089	4.25156E-25	8.49745E-10	1.85774E-11	1.89926E-11
261.9212236	0.003031496	4.41928E-25	8.83267E-10	7.17605E-11	7.81062E-11
261.9212236	0.003031496	3.97185E-25	7.9384E-10	6.04534E-11	6.54365E-11
261.9212236	0.003031496	3.92903E-25	7.85283E-10	4.49515E-11	4.76809E-11
263.0498682	0.003044559	5.12528E-25	1.02437E-09	1.32181E-10	1.30298E-10
265.6182898	0.003074286	4.10882E-25	8.21217E-10	1.74882E-10	2.222E-10
281.6746357	0.003260123	4.50523E-25	9.00446E-10	1.78578E-10	2.22756E-10
291.515655	0.003374024	3.99685E-25	7.98836E-10	1.09458E-10	1.09942E-10
297.7292125	0.00344594	4.54692E-25	9.08778E-10	1.73489E-10	2.14424E-10
304.5701544	0.003525118	4.01513E-25	8.02492E-10	1.82669E-11	1.86924E-11
304.5701544	0.003525118	3.94657E-25	7.88787E-10	1.36834E-11	1.3925E-11
304.5701544	0.003525118	3.90023E-25	7.79527E-10	1.35228E-11	1.37615E-11
304.5990617	0.003525452	3.9751E-25	7.9449E-10	1.59365E-11	1.62628E-11
307.629767	0.00356053	4.22038E-25	8.43514E-10	5.77497E-11	6.1994E-11
307.629767	0.00356053	4.18208E-25	8.35858E-10	5.50712E-11	5.89555E-11
307.629767	0.00356053	3.91819E-25	7.83116E-10	4.61862E-11	4.90809E-11
314.4957308	0.003639997	4.26302E-25	8.52036E-10	1.7524E-10	2.20614E-10
320.0230393	0.00370397	4.18521E-25	8.36484E-10	1.40727E-10	1.41784E-10
321.8683461	0.003725328	3.82526E-25	7.64543E-10	1.04759E-10	1.21392E-10
330.5474785	0.003825781	4.46393E-25	8.92191E-10	1.76941E-10	2.20713E-10
346.5981326	0.004011552	3.64517E-25	7.28547E-10	1.70774E-10	2.2306E-10
348.4891829	0.00403344	4.14684E-25	8.28815E-10	1.2662E-10	1.22792E-10
349.8662051	0.004049377	3.72408E-25	7.4432E-10	1.08883E-11	1.10499E-11
349.8662051	0.004049377	3.65671E-25	7.30855E-10	6.70052E-12	6.76252E-12
349.9033627	0.004049807	3.71662E-25	7.42828E-10	1.35581E-11	1.38102E-11
352.949707	0.004085066	3.84585E-25	7.68657E-10	4.86569E-11	5.1945E-11
352.949707	0.004085066	3.67919E-25	7.35347E-10	3.43885E-11	3.60755E-11
352.949707	0.004085066	3.31349E-25	6.62256E-10	2.39545E-11	2.48534E-11
368.0871499	0.004260268	3.48111E-25	6.95757E-10	9.53337E-11	1.10471E-10
376.9546847	0.004362901	3.61175E-25	7.21868E-10	1.32403E-10	1.30168E-10
397.0194943	0.004595133	3.54583E-25	7.08692E-10	9.71061E-11	1.12524E-10
400.8910358	0.004639943	3.48739E-25	6.97012E-10	1.6493E-11	1.68927E-11
400.8910358	0.004639943	3.44365E-25	6.88272E-10	9.44344E-12	9.57481E-12
400.8910358	0.004639943	3.42839E-25	6.85222E-10	1.3126E-11	1.33824E-11
400.9116752	0.004640181	3.47495E-25	6.94526E-10	1.83052E-11	1.88007E-11
403.6179091	0.004671504	3.56576E-25	7.12676E-10	4.01762E-11	4.25764E-11
403.6179091	0.004671504	3.41187E-25	6.81919E-10	3.78494E-11	4.00737E-11
403.6179091	0.004671504	3.1152E-25	6.22624E-10	3.02093E-11	3.17497E-11
405.2552606	0.004690454	3.9239E-25	7.84256E-10	1.0746E-10	1.07935E-10
433.5980392	0.005018496	2.81655E-25	5.62934E-10	8.60009E-11	8.93812E-11
433.6853725	0.005019507	3.99777E-25	7.9902E-10	1.15805E-10	1.35433E-10
443.6947297	0.005135356	3.24301E-25	6.48169E-10	1.35863E-11	1.38771E-11
443.6947297	0.005135356	3.24265E-25	6.48098E-10	1.65001E-11	1.69311E-11
443.6947297	0.005135356	3.21433E-25	6.42438E-10	1.05629E-11	1.07395E-11
443.6947297	0.005135356	3.19021E-25	6.37617E-10	1.16378E-11	1.18542E-11
446.4329397	0.005167048	3.42131E-25	6.83806E-10	3.61671E-11	3.81869E-11
446.4329397	0.005167048	3.23409E-25	6.46386E-10	4.31435E-11	4.62291E-11
446.4329397	0.005167048	2.75604E-25	5.50841E-10	3.24872E-11	3.45233E-11
454.1471907	0.005256333	2.68978E-25	5.37598E-10	9.4543E-11	1.14717E-10
488.9707662	0.005659384	3.05141E-25	6.09874E-10	1.5527E-11	1.59326E-11
488.9707662	0.005659384	2.99102E-25	5.97806E-10	1.14515E-11	1.16751E-11
488.9707662	0.005659384	2.99053E-25	5.97707E-10	1.09094E-11	1.11122E-11
488.9707662	0.005659384	2.98601E-25	5.96803E-10	8.73033E-12	8.85994E-12
491.7145918	0.005691141	3.09138E-25	6.17863E-10	4.70522E-11	5.09307E-11
491.7145918	0.005691141	3.01851E-25	6.03299E-10	3.81895E-11	4.07703E-11
491.7145918	0.005691141	2.48362E-25	4.96393E-10	2.19046E-11	2.29158E-11
493.3344745	0.00570989	2.84261E-25	5.68143E-10	5.94478E-11	6.63951E-11
533.9133804	0.006179553	2.85825E-25	5.71269E-10	1.35176E-11	1.38452E-11
533.9133804	0.006179553	2.82975E-25	5.65573E-10	1.43991E-11	1.47752E-11
533.9133804	0.006179553	2.81721E-25	5.63067E-10	7.72557E-12	7.83304E-12
533.9133804	0.006179553	2.7739E-25	5.5441E-10	9.11558E-12	9.26796E-12
537.368712	0.006219545	2.93868E-25	5.87344E-10	3.05526E-11	3.22291E-11
537.368712	0.006219545	2.84572E-25	5.68765E-10	4.08878E-11	4.40549E-11
537.368712	0.006219545	2.36748E-25	4.7318E-10	2.4614E-11	2.59646E-11
546.6852435	0.006327376	2.56872E-25	5.13402E-10	5.79344E-11	6.53035E-11
594.919073	0.006885637	2.62477E-25	5.24603E-10	8.15005E-12	8.27866E-12
594.919073	0.006885637	2.58076E-25	5.15808E-10	8.01341E-12	8.13987E-12
594.919073	0.006885637	2.57336E-25	5.14328E-10	1.03168E-11	1.0528E-11
594.919073	0.006885637	2.5717E-25	5.13996E-10	7.51899E-12	7.63061E-12
604.7228515	0.006999107	2.50122E-25	4.9991E-10	4.27252E-11	4.6718E-11
604.7228515	0.006999107	2.44001E-25	4.87678E-10	2.62189E-11	2.77086E-11
604.7228515	0.006999107	2.05062E-25	4.09851E-10	2.02447E-11	2.12966E-11
618.874004	0.007162894	2.38626E-25	4.76933E-10	3.79403E-11	3.64688E-11
662.4415947	0.007667148	2.38681E-25	4.77043E-10	8.38937E-11	1.01796E-10
669.8084214	0.007752412	2.37328E-25	4.74339E-10	9.51468E-12	9.70944E-12
669.8084214	0.007752412	2.37187E-25	4.74058E-10	7.79443E-12	7.92473E-12
669.8084214	0.007752412	2.37148E-25	4.7398E-10	7.36358E-12	7.47978E-12
669.8084214	0.007752412	2.36865E-25	4.73413E-10	1.07762E-11	1.10272E-11
673.2223581	0.007791925	2.54517E-25	5.08695E-10	9.33037E-11	1.14261E-10
680.7808152	0.007879408	2.41075E-25	4.81828E-10	3.5872E-11	3.87575E-11
680.7808152	0.007879408	2.22122E-25	4.43949E-10	2.50271E-11	2.65222E-11
680.7808152	0.007879408	1.94395E-25	3.88531E-10	1.81697E-11	1.9061E-11
701.399618	0.008118051	2.43062E-25	4.858E-10	9.27413E-11	1.14623E-10
730.645411	0.008456544	2.13657E-25	4.27029E-10	9.09377E-11	1.15543E-10
745.8029092	0.008631978	2.22377E-25	4.44458E-10	5.28996E-12	5.35368E-12
745.8029092	0.008631978	2.18046E-25	4.35801E-10	5.97942E-12	6.0626E-12
745.8029092	0.008631978	2.17881E-25	4.35472E-10	7.16E-12	7.27969E-12
745.8029092	0.008631978	2.15427E-25	4.30567E-10	7.46922E-12	7.60108E-12
756.4060791	0.0087547	2.17066E-25	4.33843E-10	2.10497E-11	2.21231E-11
756.4060791	0.0087547	2.0881E-25	4.17342E-10	3.49647E-11	3.81619E-11
756.4060791	0.0087547	1.76801E-25	3.53367E-10	1.55932E-11	1.6313E-11
770.1094977	0.008913304	1.79357E-25	3.58474E-10	5.4765E-11	6.46403E-11
823.32205	0.00952919	1.62076E-25	3.23935E-10	5.44976E-11	6.55205E-11
824.2219223	0.009539606	2.06581E-25	4.12887E-10	5.66502E-12	5.74383E-12
824.2219223	0.009539606	2.05542E-25	4.10809E-10	7.49812E-12	7.63752E-12
824.2219223	0.009539606	2.03901E-25	4.0753E-10	5.96155E-12	6.05006E-12
824.2219223	0.009539606	2.00885E-25	4.01503E-10	5.50882E-12	5.58546E-12
834.202146	0.009655117	2.12516E-25	4.24749E-10	2.50507E-11	2.66207E-11
834.202146	0.009655117	1.93442E-25	3.86627E-10	2.04491E-11	2.1591E-11
834.202146	0.009655117	1.92613E-25	3.84969E-10	1.93525E-11	2.03769E-11
903.5124776	0.01045732	1.66616E-25	3.3301E-10	5.34615E-11	5.28745E-11
911.2199854	0.010546528	1.91907E-25	3.83558E-10	6.65374E-12	6.7712E-12
911.2199854	0.010546528	1.89243E-25	3.78233E-10	5.8761E-12	5.96883E-12
911.2199854	0.010546528	1.88148E-25	3.76046E-10	8.55984E-12	8.75923E-12
911.2199854	0.010546528	1.87132E-25	3.74015E-10	6.82653E-12	6.95345E-12
921.2383287	0.010662481	1.78711E-25	3.57184E-10	2.04461E-11	2.16876E-11
921.2383287	0.010662481	1.62552E-25	3.24887E-10	1.88793E-11	2.00441E-11
921.2383287	0.010662481	1.52576E-25	3.04948E-10	1.63949E-11	1.73264E-11
985.0482692	0.011401022	1.78217E-25	3.56196E-10	5.85655E-12	5.95445E-12
985.0482692	0.011401022	1.76889E-25	3.53542E-10	6.77239E-12	6.90466E-12
985.0482692	0.011401022	1.76641E-25	3.53046E-10	5.16453E-12	5.2412E-12
985.0482692	0.011401022	1.76449E-25	3.52663E-10	3.55492E-12	3.59112E-12
995.0899187	0.011517244	1.66492E-25	3.32761E-10	1.81801E-11	1.92307E-11
995.0899187	0.011517244	1.65864E-25	3.31507E-10	1.78227E-11	1.88354E-11
995.0899187	0.011517244	1.45441E-25	2.90687E-10	1.48671E-11	1.56685E-11
1065.97187	0.012337637	1.70251E-25	3.40276E-10	5.90291E-12	6.00711E-12
1065.97187	0.012337637	1.6913E-25	3.38034E-10	4.02329E-12	4.07175E-12
1065.97187	0.012337637	1.69102E-25	3.37978E-10	5.55702E-12	5.64991E-12
1065.97187	0.012337637	1.65844E-25	3.31467E-10	7.84332E-12	8.03341E-12
1076.367491	0.012457957	1.64359E-25	3.28498E-10	1.79471E-11	1.89843E-11
1076.367491	0.012457957	1.54508E-25	3.08811E-10	1.63333E-11	1.72454E-11
1076.367491	0.012457957	1.35858E-25	2.71535E-10	1.26983E-11	1.33213E-11
1146.560467	0.013270376	1.62589E-25	3.24961E-10	5.34299E-12	5.43231E-12
1146.560467	0.013270376	1.61369E-25	3.22522E-10	5.01059E-12	5.08966E-12
1146.560467	0.013270376	1.59569E-25	3.18925E-10	4.37581E-12	4.43669E-12
1146.560467	0.013270376	1.56783E-25	3.13358E-10	1.49292E-11	1.5676E-11
1156.978159	0.013390951	1.70056E-25	3.39886E-10	1.79769E-11	1.89808E-11
1156.978159	0.013390951	1.55508E-25	3.10808E-10	1.39887E-11	1.46479E-11
1156.978159	0.013390951	1.41217E-25	2.82245E-10	1.46819E-11	1.54875E-11
1390.80799	0.016097315	9.90187E-26	1.97905E-10	4.49878E-11	4.44528E-11
1462.549315	0.016927654	1.40365E-25	2.80543E-10	6.13331E-12	6.27039E-12
1462.549315	0.016927654	1.36488E-25	2.72795E-10	5.47194E-12	5.58395E-12
1462.549315	0.016927654	1.28279E-25	2.56387E-10	5.37413E-12	5.48919E-12
1462.549315	0.016927654	1.24955E-25	2.49742E-10	6.80618E-12	6.99686E-12
1465.361176	0.016960199	1.25642E-25	2.51116E-10	9.75094E-12	1.01449E-11
1465.361176	0.016960199	1.1388E-25	2.27608E-10	1.53874E-11	1.65031E-11
1473.181772	0.017050715	1.09073E-25	2.18001E-10	5.56486E-11	5.39298E-11
1517.792035	0.017567037	1.53907E-25	3.07609E-10	5.89252E-12	6.0076E-12
1517.792035	0.017567037	1.47467E-25	2.94738E-10	5.9121E-12	6.03312E-12
1517.792035	0.017567037	1.44197E-25	2.88202E-10	6.04099E-12	6.17033E-12
1517.792035	0.017567037	1.36884E-25	2.73585E-10	6.96527E-12	7.14724E-12
1520.977388	0.017603905	1.45457E-25	2.90719E-10	7.14044E-12	7.32023E-12
1520.977388	0.017603905	1.28148E-25	2.56125E-10	2.03749E-11	2.21358E-11
1560.623744	0.018062775	1.39997E-25	2.79806E-10	5.13214E-11	5.04549E-11
1565.567161	0.01811999	1.76709E-25	3.53182E-10	6.44631E-12	6.56615E-12
1565.567161	0.01811999	1.72463E-25	3.44696E-10	6.29141E-12	6.40837E-12
1565.567161	0.01811999	1.68949E-25	3.37673E-10	8.29368E-12	8.50251E-12
1565.567161	0.01811999	1.63212E-25	3.26206E-10	5.95394E-12	6.06463E-12
1568.382185	0.018152572	1.68707E-25	3.3719E-10	1.1897E-11	1.23321E-11
1568.382185	0.018152572	1.58507E-25	3.16802E-10	1.64795E-11	1.73838E-11
1568.382185	0.018152572	1.39352E-25	2.78518E-10	1.42447E-11	1.50125E-11
1616.158561	0.018705539	2.07173E-25	4.1407E-10	1.20258E-11	1.23856E-11
1616.158561	0.018705539	1.7722E-25	3.54203E-10	1.43804E-11	1.4989E-11
1664.29383	0.01926266	2.20424E-25	4.40554E-10	7.24356E-12	7.36465E-12
1664.29383	0.01926266	2.15921E-25	4.31555E-10	8.65649E-12	8.83368E-12
1664.29383	0.01926266	2.10163E-25	4.20046E-10	8.80457E-12	8.99307E-12
1664.29383	0.01926266	2.05094E-25	4.09914E-10	1.08039E-11	1.10963E-11
1667.111135	0.019295268	2.15037E-25	4.29786E-10	3.01614E-11	3.24378E-11
1667.111135	0.019295268	1.95314E-25	3.90368E-10	2.09873E-11	2.21797E-11
1667.111135	0.019295268	1.76055E-25	3.51875E-10	3.39033E-11	3.75182E-11
1708.520606	0.019774544	2.35103E-25	4.69893E-10	8.57652E-12	8.73597E-12
1708.520606	0.019774544	2.2735E-25	4.54397E-10	7.05935E-12	7.17076E-12
1708.520606	0.019774544	2.23953E-25	4.47607E-10	9.78571E-12	1.00044E-11
1708.520606	0.019774544	2.15552E-25	4.30817E-10	1.09683E-11	1.12548E-11
1711.668315	0.019810976	2.11414E-25	4.22546E-10	1.56588E-11	1.62615E-11
1711.668315	0.019810976	2.06116E-25	4.11958E-10	2.50097E-11	2.66261E-11
1711.668315	0.019810976	1.71731E-25	3.43232E-10	3.10645E-11	3.41558E-11
1755.181427	0.0203146	2.46318E-25	4.92307E-10	8.09448E-12	8.2298E-12
1755.181427	0.0203146	2.46183E-25	4.92038E-10	7.64413E-12	7.76476E-12
1755.181427	0.0203146	2.41299E-25	4.82277E-10	1.22784E-11	1.25992E-11
1755.181427	0.0203146	2.37877E-25	4.75436E-10	1.46577E-11	1.51239E-11
1758.000241	0.020347225	2.45433E-25	4.9054E-10	1.77433E-11	1.84092E-11
1758.000241	0.020347225	2.14017E-25	4.27748E-10	3.29382E-11	3.56861E-11
1802.956088	0.020867547	2.57786E-25	5.15228E-10	9.86963E-12	1.00624E-11
1802.956088	0.020867547	2.57452E-25	5.1456E-10	1.07857E-11	1.10166E-11
1802.956088	0.020867547	2.52439E-25	5.04541E-10	1.05757E-11	1.08021E-11
1802.956088	0.020867547	2.50699E-25	5.01063E-10	1.81239E-11	1.88041E-11
1805.775635	0.020900181	2.47933E-25	4.95535E-10	2.14302E-11	2.23989E-11
1805.775635	0.020900181	2.31872E-25	4.63434E-10	2.61255E-11	2.76863E-11
1855.722665	0.021478272	2.72432E-25	5.44502E-10	9.93827E-12	1.0123E-11
1855.722665	0.021478272	2.66376E-25	5.32397E-10	9.23572E-12	9.39876E-12
1855.722665	0.021478272	2.64823E-25	5.29293E-10	1.01391E-11	1.03371E-11
1855.722665	0.021478272	2.56302E-25	5.12262E-10	1.30418E-11	1.33825E-11
1858.542977	0.021510914	2.63714E-25	5.27077E-10	1.90649E-11	1.97804E-11
1858.542977	0.021510914	2.44631E-25	4.88937E-10	2.7988E-11	2.96873E-11
1858.542977	0.021510914	2.43471E-25	4.86618E-10	4.15892E-11	4.54758E-11
1903.827523	0.022035041	2.90575E-25	5.80763E-10	9.54888E-12	9.7085E-12
1903.827523	0.022035041	2.81421E-25	5.62466E-10	1.22968E-11	1.25716E-11
1903.827523	0.022035041	2.80993E-25	5.61611E-10	8.21553E-12	8.33749E-12
1903.827523	0.022035041	2.79224E-25	5.58075E-10	1.57089E-11	1.61638E-11
1906.648203	0.022067688	2.94533E-25	5.88673E-10	2.12929E-11	2.2092E-11
1906.648203	0.022067688	2.82431E-25	5.64485E-10	4.00974E-11	4.31635E-11
1951.601683	0.022587982	2.99982E-25	5.99565E-10	9.85801E-12	1.00228E-11
1951.601683	0.022587982	2.99193E-25	5.97988E-10	2.10987E-11	2.18704E-11
1951.601683	0.022587982	2.98508E-25	5.96618E-10	1.41174E-11	1.44596E-11
1951.601683	0.022587982	2.95978E-25	5.9156E-10	7.57889E-12	7.67725E-12
1954.422569	0.022620632	3.00285E-25	6.0017E-10	1.63563E-11	1.68145E-11
1954.422569	0.022620632	2.71174E-25	5.41986E-10	3.52427E-11	3.76937E-11
1983.525144	0.022957467	3.0741E-25	6.14409E-10	5.40614E-11	5.92771E-11
1999.37608	0.023140927	3.24533E-25	6.48633E-10	1.12521E-11	1.14507E-11
1999.37608	0.023140927	3.21733E-25	6.43037E-10	7.65346E-12	7.74564E-12
1999.37608	0.023140927	3.21334E-25	6.42239E-10	1.75028E-11	1.79932E-11
1999.37608	0.023140927	3.20296E-25	6.40166E-10	1.91646E-11	1.9756E-11
2002.198273	0.023173591	3.38792E-25	6.77133E-10	1.66312E-11	1.705E-11
2002.198273	0.023173591	3.28736E-25	6.57035E-10	2.89932E-11	3.03317E-11
2002.198273	0.023173591	3.21005E-25	6.41583E-10	4.39248E-11	4.71531E-11
2056.061696	0.02379701	3.36712E-25	6.72975E-10	8.00978E-12	8.10626E-12
2056.061696	0.02379701	3.3079E-25	6.61139E-10	1.97924E-11	2.04032E-11
2056.061696	0.02379701	3.29425E-25	6.5841E-10	1.55796E-11	1.59572E-11
2058.884221	0.023829678	3.34898E-25	6.69349E-10	2.65834E-11	2.76829E-11
2058.884221	0.023829678	3.2714E-25	6.53844E-10	1.78191E-11	1.83183E-11
2058.884221	0.023829678	3.24226E-25	6.4802E-10	3.76567E-11	3.99799E-11
2100.246991	0.024308414	3.21926E-25	6.43423E-10	1.46461E-11	1.49872E-11
2100.246991	0.024308414	3.21558E-25	6.42686E-10	1.23112E-11	1.25517E-11
2100.246991	0.024308414	3.20255E-25	6.40082E-10	1.16828E-11	1.19E-11
2100.246991	0.024308414	3.16484E-25	6.32546E-10	1.55361E-11	1.59273E-11
2103.441391	0.024345386	3.33666E-25	6.66888E-10	3.1187E-11	3.2717E-11
2103.441391	0.024345386	3.25637E-25	6.5084E-10	1.77372E-11	1.82341E-11
2103.441391	0.024345386	3.07927E-25	6.15444E-10	4.21353E-11	4.5232E-11
2148.020967	0.024861354	3.26251E-25	6.52067E-10	2.1847E-11	2.26043E-11
2148.020967	0.024861354	3.23114E-25	6.45798E-10	1.35366E-11	1.38264E-11
2148.020967	0.024861354	3.22623E-25	6.44816E-10	1.0602E-11	1.07793E-11
2148.020967	0.024861354	3.12794E-25	6.25171E-10	8.57767E-12	8.697E-12
2150.844843	0.024894038	3.28434E-25	6.5643E-10	4.21188E-11	4.50066E-11
2150.844843	0.024894038	3.26839E-25	6.53242E-10	1.83876E-11	1.89202E-11
2188.286618	0.025327391	3.39431E-25	6.7841E-10	2.15206E-11	2.22257E-11
2188.286618	0.025327391	3.38031E-25	6.75611E-10	1.41615E-11	1.44647E-11
2188.286618	0.025327391	3.33625E-25	6.66805E-10	7.93635E-12	8.03194E-12
2191.110593	0.025360076	3.66719E-25	7.3295E-10	2.97573E-11	3.10165E-11
2191.110593	0.025360076	3.59127E-25	7.17775E-10	4.23326E-11	4.49857E-11
2191.110593	0.025360076	3.22487E-25	6.44544E-10	3.40905E-11	3.59943E-11
2329.422458	0.026960908	3.51198E-25	7.01928E-10	2.16404E-11	2.23288E-11
2329.422458	0.026960908	3.44426E-25	6.88392E-10	1.69078E-11	1.73335E-11
2329.422458	0.026960908	3.39828E-25	6.79202E-10	1.17824E-11	1.19904E-11
2332.289353	0.02699409	3.57712E-25	7.14947E-10	2.01246E-11	2.07074E-11
2332.289353	0.02699409	3.50629E-25	7.00791E-10	3.58417E-11	3.77736E-11
2367.955254	0.02740689	3.62206E-25	7.2393E-10	1.64787E-11	1.68625E-11
2367.955254	0.02740689	3.60373E-25	7.20265E-10	1.24947E-11	1.27153E-11
2367.955254	0.02740689	3.59136E-25	7.17793E-10	1.37499E-11	1.40185E-11
2367.955254	0.02740689	3.54728E-25	7.08983E-10	1.29404E-11	1.3181E-11
2370.780938	0.027439594	4.04494E-25	8.08449E-10	4.69793E-11	4.98777E-11
2370.780938	0.027439594	3.79781E-25	7.59056E-10	1.86434E-11	1.91128E-11
2370.780938	0.027439594	3.48697E-25	6.96929E-10	2.95254E-11	3.08316E-11
2408.55081	0.027876745	3.87572E-25	7.74627E-10	2.31899E-11	2.39056E-11
2408.55081	0.027876745	3.85617E-25	7.7072E-10	1.82371E-11	1.86791E-11
2408.55081	0.027876745	3.79748E-25	7.5899E-10	9.72395E-12	9.85015E-12
2411.418102	0.027909932	3.9821E-25	7.95889E-10	7.20325E-11	7.92006E-11
2411.418102	0.027909932	3.93309E-25	7.86093E-10	1.86009E-11	1.90517E-11
2411.418102	0.027909932	3.90524E-25	7.80528E-10	3.85543E-11	4.05577E-11
2449.187829	0.028347081	3.91518E-25	7.82515E-10	2.62175E-11	2.71263E-11
2449.187829	0.028347081	3.81501E-25	7.62493E-10	1.32273E-11	1.34608E-11
2449.187829	0.028347081	3.79976E-25	7.59445E-10	1.66032E-11	1.69743E-11
2449.187829	0.028347081	3.72614E-25	7.4473E-10	1.35929E-11	1.38456E-11
2452.055515	0.028380272	4.10709E-25	8.20869E-10	2.2371E-11	2.29977E-11
2452.055515	0.028380272	3.97052E-25	7.93575E-10	3.64145E-11	3.81658E-11
2452.055515	0.028380272	3.79938E-25	7.59369E-10	4.80689E-11	5.13173E-11
2712.975598	0.031400181	3.60373E-25	7.20265E-10	2.09187E-11	2.15444E-11
2712.975598	0.031400181	3.58225E-25	7.15973E-10	1.43616E-11	1.46556E-11
2712.975598	0.031400181	3.52581E-25	7.04692E-10	1.28621E-11	1.31012E-11
2712.975598	0.031400181	3.52124E-25	7.03778E-10	1.34815E-11	1.37448E-11
2715.803934	0.031432916	3.95287E-25	7.90047E-10	2.85768E-11	2.96492E-11
2715.803934	0.031432916	3.88628E-25	7.76737E-10	2.11682E-11	2.17613E-11
2715.803934	0.031432916	3.75706E-25	7.50911E-10	6.6072E-11	7.24465E-11
2760.378152	0.031948821	3.42572E-25	6.84688E-10	1.68168E-11	1.72402E-11
2760.378152	0.031948821	3.3524E-25	6.70033E-10	1.34401E-11	1.37152E-11
2760.378152	0.031948821	3.29227E-25	6.58015E-10	1.0819E-11	1.09999E-11
2760.378152	0.031948821	3.27536E-25	6.54635E-10	1.19484E-11	1.21706E-11
2763.207052	0.031981563	3.7266E-25	7.44822E-10	2.56173E-11	2.65298E-11
2763.207052	0.031981563	3.64698E-25	7.2891E-10	2.50701E-11	2.5963E-11
2763.207052	0.031981563	3.1452E-25	6.2862E-10	6.52572E-11	7.28162E-11
2803.160075	0.032443982	3.30485E-25	6.6053E-10	1.68166E-11	1.72559E-11
2803.160075	0.032443982	3.2252E-25	6.44609E-10	1.17654E-11	1.19842E-11
2803.160075	0.032443982	3.22029E-25	6.43629E-10	1.17476E-11	1.1966E-11
2803.160075	0.032443982	3.15688E-25	6.30956E-10	9.8023E-12	9.95699E-12
2805.988748	0.032476722	3.54433E-25	7.08393E-10	2.37341E-11	2.45568E-11
2805.988748	0.032476722	3.4333E-25	6.86203E-10	3.08842E-11	3.23398E-11
2805.988748	0.032476722	3.42017E-25	6.83578E-10	3.9723E-11	4.21737E-11
2848.788609	0.03297209	3.19413E-25	6.38399E-10	1.91117E-11	1.97015E-11
2848.788609	0.03297209	3.1605E-25	6.31679E-10	1.21004E-11	1.23367E-11
2848.788609	0.03297209	3.13542E-25	6.26666E-10	1.25702E-11	1.28275E-11
2848.788609	0.03297209	3.09926E-25	6.1944E-10	1.24252E-11	1.26796E-11
2851.617812	0.033004836	3.37547E-25	6.74643E-10	1.65701E-11	1.69873E-11
2851.617812	0.033004836	3.35775E-25	6.71102E-10	4.47931E-11	4.79967E-11
2851.617812	0.033004836	3.32746E-25	6.65048E-10	2.64126E-11	2.75049E-11
2894.747363	0.03350402	3.13153E-25	6.25888E-10	1.14237E-11	1.16361E-11
2894.747363	0.03350402	3.1124E-25	6.22065E-10	1.1354E-11	1.15651E-11
2894.747363	0.03350402	3.07085E-25	6.13761E-10	1.12024E-11	1.14107E-11
2894.747363	0.03350402	3.06445E-25	6.12481E-10	1.61428E-11	1.65798E-11
2897.618144	0.033537247	3.25337E-25	6.50241E-10	3.15492E-11	3.3158E-11
2897.618144	0.033537247	3.15681E-25	6.3094E-10	4.58966E-11	4.94972E-11
2897.618144	0.033537247	2.89276E-25	5.78166E-10	2.95701E-11	3.1164E-11
2938.972985	0.034015891	3.24008E-25	6.47585E-10	1.29898E-11	1.32557E-11
2938.972985	0.034015891	3.23558E-25	6.46684E-10	2.05142E-11	2.11863E-11
2938.972985	0.034015891	3.2055E-25	6.40672E-10	1.05339E-11	1.071E-11
2938.972985	0.034015891	3.15688E-25	6.30956E-10	1.15162E-11	1.17303E-11
2942.174258	0.034052943	3.40496E-25	6.80539E-10	3.12276E-11	3.27294E-11
2942.174258	0.034052943	3.38169E-25	6.75887E-10	3.75146E-11	3.97192E-11
2942.174258	0.034052943	3.11063E-25	6.21711E-10	5.31349E-11	5.81005E-11
2985.302813	0.034552116	3.18825E-25	6.37224E-10	1.2782E-11	1.30436E-11
2985.302813	0.034552116	3.13253E-25	6.26089E-10	1.02941E-11	1.04662E-11
2985.302813	0.034552116	3.12576E-25	6.24736E-10	1.02719E-11	1.04436E-11
2985.302813	0.034552116	3.09926E-25	6.1944E-10	1.18659E-11	1.20976E-11
2988.13281	0.03458487	3.31386E-25	6.62329E-10	3.79134E-11	4.02154E-11
2988.13281	0.03458487	3.18602E-25	6.36778E-10	5.65642E-11	6.20786E-11
2988.13281	0.03458487	3.06558E-25	6.12707E-10	2.70372E-11	2.82853E-11
3028.786004	0.035055394	3.05318E-25	6.10228E-10	2.04452E-11	2.11539E-11
3028.786004	0.035055394	3.03498E-25	6.06592E-10	1.27148E-11	1.2987E-11
3028.786004	0.035055394	3.01645E-25	6.02887E-10	9.91263E-12	1.00783E-11
3028.786004	0.035055394	2.93264E-25	5.86137E-10	1.33421E-11	1.36529E-11
3031.616238	0.035088151	3.23544E-25	6.46657E-10	2.91044E-11	3.0476E-11
3031.616238	0.035088151	3.21005E-25	6.41583E-10	2.71807E-11	2.83831E-11
3031.616238	0.035088151	3.10204E-25	6.19995E-10	3.38728E-11	3.58303E-11
3142.217682	0.03636826	3.17217E-25	6.34011E-10	8.12275E-12	8.22817E-12
3142.217682	0.03636826	3.15688E-25	6.30956E-10	8.08362E-12	8.18853E-12
3142.217682	0.03636826	3.1474E-25	6.29061E-10	1.26182E-11	1.28765E-11
3144.608307	0.036395929	3.34144E-25	6.67843E-10	2.17807E-11	2.2515E-11
3144.608307	0.036395929	3.18649E-25	6.36873E-10	2.75426E-11	2.87876E-11
3144.608307	0.036395929	3.12786E-25	6.25156E-10	2.42751E-11	2.52558E-11
3322.626561	0.038456326	3.35392E-25	6.70336E-10	1.04141E-11	1.05784E-11
3322.626561	0.038456326	3.34115E-25	6.67784E-10	8.55545E-12	8.66648E-12
3322.626561	0.038456326	3.33393E-25	6.66341E-10	9.74756E-12	9.89227E-12
3322.626561	0.038456326	3.27536E-25	6.54635E-10	7.79149E-12	7.88535E-12
3325.392159	0.038488335	3.59032E-25	7.17586E-10	1.95562E-11	2.01041E-11
3325.392159	0.038488335	3.58189E-25	7.15901E-10	2.84322E-11	2.96081E-11
3325.392159	0.038488335	3.27829E-25	6.55222E-10	2.89132E-11	3.0248E-11
3506.637381	0.040586081	3.22665E-25	6.449E-10	9.43392E-12	9.57397E-12
3506.637381	0.040586081	3.2163E-25	6.42831E-10	8.23575E-12	8.34263E-12
3506.637381	0.040586081	3.16152E-25	6.31882E-10	8.09548E-12	8.20054E-12
3506.637381	0.040586081	3.09926E-25	6.1944E-10	7.93608E-12	8.03907E-12
3509.408353	0.040618152	3.55086E-25	7.09699E-10	2.81859E-11	2.93516E-11
3509.408353	0.040618152	3.35515E-25	6.70583E-10	1.94757E-11	2.00583E-11
3509.408353	0.040618152	3.27829E-25	6.55222E-10	2.77585E-11	2.89865E-11
3689.113171	0.042698069	2.93192E-25	5.85993E-10	1.12252E-11	1.14444E-11
3689.113171	0.042698069	2.9252E-25	5.84651E-10	8.02171E-12	8.1333E-12
3689.113171	0.042698069	2.90575E-25	5.80763E-10	5.32447E-12	5.37374E-12
3689.113171	0.042698069	2.87538E-25	5.74693E-10	6.84002E-12	6.92241E-12
3692.265198	0.042734551	3.06432E-25	6.12455E-10	1.94284E-11	2.00649E-11
3692.265198	0.042734551	2.95469E-25	5.90545E-10	2.13606E-11	2.21622E-11
3692.265198	0.042734551	2.94068E-25	5.87744E-10	2.59356E-11	2.71329E-11
3816.910415	0.044177204	3.05884E-25	6.11361E-10	1.66613E-11	1.71281E-11
3816.910415	0.044177204	3.00412E-25	6.00424E-10	1.0959E-11	1.11627E-11
3816.910415	0.044177204	2.8479E-25	5.69201E-10	2.05886E-11	2.13612E-11
3816.910415	0.044177204	2.81396E-25	5.62416E-10	1.53274E-11	1.57568E-11
3816.910415	0.044177204	2.79819E-25	5.59265E-10	3.97266E-11	4.27643E-11
3816.910415	0.044177204	2.79817E-25	5.5926E-10	3.97263E-11	4.27639E-11
3816.910415	0.044177204	2.64402E-25	5.28452E-10	3.75379E-11	4.04082E-11
3870.648358	0.044799171	2.71742E-25	5.43121E-10	7.4519E-12	7.55556E-12
3870.648358	0.044799171	2.70615E-25	5.40869E-10	8.89295E-12	9.04161E-12
3870.648358	0.044799171	2.70082E-25	5.39804E-10	7.40639E-12	7.50942E-12
3870.648358	0.044799171	2.6746E-25	5.34563E-10	7.81985E-12	7.93595E-12
3873.098663	0.044827531	2.88625E-25	5.76865E-10	1.82994E-11	1.88989E-11
3873.098663	0.044827531	2.78043E-25	5.55716E-10	2.45223E-11	2.56544E-11
3873.098663	0.044827531	2.77235E-25	5.541E-10	2.34745E-11	2.4513E-11
4052.396567	0.046902738	2.5232E-25	5.04304E-10	7.37721E-12	7.48673E-12
4052.396567	0.046902738	2.52055E-25	5.03774E-10	7.36946E-12	7.47886E-12
4052.396567	0.046902738	2.51974E-25	5.03612E-10	7.82394E-12	7.94741E-12
4052.396567	0.046902738	2.5076E-25	5.01186E-10	5.96514E-12	6.03699E-12
4055.555943	0.046939305	2.65909E-25	5.31464E-10	1.59104E-11	1.64014E-11
4055.555943	0.046939305	2.56595E-25	5.12847E-10	1.99141E-11	2.07186E-11
4055.555943	0.046939305	2.55219E-25	5.10097E-10	1.79977E-11	1.86559E-11
4231.095607	0.048971014	2.57011E-25	5.1368E-10	7.98034E-12	8.10628E-12
4231.095607	0.048971014	2.55009E-25	5.09679E-10	8.38011E-12	8.5202E-12
4231.095607	0.048971014	2.53081E-25	5.05824E-10	7.39944E-12	7.50929E-12
4231.095607	0.048971014	2.52055E-25	5.03774E-10	6.91204E-12	7.0082E-12
4233.881502	0.049003258	2.77673E-25	5.54976E-10	1.80997E-11	1.87099E-11
4233.881502	0.049003258	2.56359E-25	5.12375E-10	2.12547E-11	2.21745E-11
4233.881502	0.049003258	2.52646E-25	5.04955E-10	2.18376E-11	2.28247E-11
4410.350219	0.05104572	2.48858E-25	4.97385E-10	9.52783E-12	9.71391E-12
4410.350219	0.05104572	2.48461E-25	4.96591E-10	6.81349E-12	6.90827E-12
4410.350219	0.05104572	2.46693E-25	4.93056E-10	7.21267E-12	7.31975E-12
4410.350219	0.05104572	2.45412E-25	4.90496E-10	6.72986E-12	6.82349E-12
4413.135802	0.051077961	2.66645E-25	5.32935E-10	1.4524E-11	1.49309E-11
4413.135802	0.051077961	2.59686E-25	5.19025E-10	1.83127E-11	1.89824E-11
4413.135802	0.051077961	2.48721E-25	4.9711E-10	2.06214E-11	2.15139E-11
4593.983997	0.053171111	2.45444E-25	4.9056E-10	1.20488E-11	1.23522E-11
4593.983997	0.053171111	2.41744E-25	4.83166E-10	7.06799E-12	7.17292E-12
4593.983997	0.053171111	2.40711E-25	4.81101E-10	5.72608E-12	5.79505E-12
4593.983997	0.053171111	2.39474E-25	4.78629E-10	4.3881E-12	4.4287E-12
4596.7735	0.053203397	2.61056E-25	5.21764E-10	1.562E-11	1.6102E-11
4596.7735	0.053203397	2.47998E-25	4.95665E-10	1.79287E-11	1.86015E-11
4596.7735	0.053203397	2.39945E-25	4.79571E-10	1.90463E-11	1.9834E-11
4604.055364	0.053287678	2.57557E-25	5.14771E-10	3.6566E-11	3.9362E-11
4604.055364	0.053287678	2.52858E-25	5.0538E-10	3.58989E-11	3.8644E-11
4604.055364	0.053287678	2.51952E-25	5.03568E-10	1.37236E-11	1.41081E-11
4604.055364	0.053287678	2.45768E-25	4.91208E-10	1.77675E-11	1.84343E-11
4604.055364	0.053287678	2.17904E-25	4.35518E-10	3.09364E-11	3.3302E-11
4777.508553	0.055295238	2.26544E-25	4.52785E-10	8.6735E-12	8.84289E-12
4777.508553	0.055295238	2.26025E-25	4.51748E-10	7.0182E-12	7.12895E-12
4777.508553	0.055295238	2.24522E-25	4.48744E-10	6.157E-12	6.24266E-12
4777.508553	0.055295238	2.2279E-25	4.45283E-10	5.29978E-12	5.36361E-12
4780.297707	0.05532752	2.47933E-25	4.95535E-10	1.61611E-11	1.6706E-11
4780.297707	0.05532752	2.35349E-25	4.70384E-10	2.24103E-11	2.35314E-11
4780.297707	0.05532752	2.28059E-25	4.55815E-10	1.89084E-11	1.97267E-11
4961.839353	0.057428696	2.29032E-25	4.57758E-10	6.69631E-12	6.79572E-12
4961.839353	0.057428696	2.28696E-25	4.57087E-10	7.5154E-12	7.64104E-12
4961.839353	0.057428696	2.28219E-25	4.56134E-10	8.73764E-12	8.90829E-12
4961.839353	0.057428696	2.27487E-25	4.5467E-10	7.88735E-12	8.02659E-12
4965.000536	0.057465284	2.48619E-25	4.96906E-10	1.66484E-11	1.72255E-11
4965.000536	0.057465284	2.26177E-25	4.52052E-10	1.8353E-11	1.91297E-11
4965.000536	0.057465284	2.25378E-25	4.50456E-10	2.18558E-11	2.29703E-11
5144.402254	0.059541693	2.30812E-25	4.61317E-10	8.00265E-12	8.14393E-12
5144.402254	0.059541693	2.30439E-25	4.60571E-10	7.15526E-12	7.26818E-12
5144.402254	0.059541693	2.30331E-25	4.60355E-10	8.81849E-12	8.99071E-12
5144.402254	0.059541693	2.29877E-25	4.59448E-10	6.72102E-12	6.8208E-12
5147.197199	0.059574042	2.46113E-25	4.91897E-10	1.47259E-11	1.51803E-11
5147.197199	0.059574042	2.36618E-25	4.72921E-10	1.79449E-11	1.86526E-11
5147.197199	0.059574042	2.17627E-25	4.34963E-10	2.0341E-11	2.1339E-11
5325.854957	0.06164184	2.12303E-25	4.24323E-10	5.82193E-12	5.90292E-12
5325.854957	0.06164184	2.12176E-25	4.24068E-10	5.43304E-12	5.50355E-12
5325.854957	0.06164184	2.10503E-25	4.20726E-10	6.53624E-12	6.63939E-12
5325.854957	0.06164184	2.10064E-25	4.19848E-10	7.6631E-12	7.80556E-12
5328.651326	0.061674205	2.28209E-25	4.56115E-10	1.89208E-11	1.97397E-11
5328.651326	0.061674205	2.12446E-25	4.24608E-10	1.61117E-11	1.67471E-11
5328.651326	0.061674205	2.08791E-25	4.17304E-10	1.91487E-11	2.00696E-11
5376.348522	0.062226256	2.21675E-25	4.43055E-10	8.08667E-12	8.23701E-12
5376.348522	0.062226256	2.19562E-25	4.38831E-10	1.19594E-11	1.22944E-11
5376.348522	0.062226256	2.17904E-25	4.35518E-10	3.09364E-11	3.3302E-11
5376.348522	0.062226256	2.14055E-25	4.27825E-10	1.54748E-11	1.60556E-11
5376.348522	0.062226256	2.11503E-25	4.22725E-10	1.15204E-11	1.18432E-11
5376.348522	0.062226256	2.0839E-25	4.16503E-10	2.95857E-11	3.1848E-11
5376.348522	0.062226256	2.04585E-25	4.08897E-10	2.90454E-11	3.12664E-11
5506.945132	0.063737791	2.04766E-25	4.0926E-10	7.0996E-12	7.22493E-12
5506.945132	0.063737791	2.04151E-25	4.0803E-10	8.18461E-12	8.35215E-12
5506.945132	0.063737791	2.02561E-25	4.04852E-10	6.65656E-12	6.76783E-12
5506.945132	0.063737791	2.02253E-25	4.04237E-10	4.44319E-12	4.49257E-12
5509.743844	0.063770183	2.20654E-25	4.41014E-10	1.63432E-11	1.69722E-11
5509.743844	0.063770183	2.13567E-25	4.26849E-10	1.73298E-11	1.80631E-11
5509.743844	0.063770183	2.01395E-25	4.02521E-10	1.56301E-11	1.62615E-11
5887.337811	0.068140484	2.01259E-25	4.0225E-10	5.88432E-12	5.97167E-12
5887.337811	0.068140484	2.00056E-25	3.99846E-10	6.21186E-12	6.30989E-12
5887.337811	0.068140484	2.0003E-25	3.99794E-10	5.84838E-12	5.9352E-12
5887.337811	0.068140484	1.99186E-25	3.98106E-10	5.46222E-12	5.53821E-12
5890.46834	0.068176717	2.2036E-25	4.40427E-10	1.47561E-11	1.52677E-11
5890.46834	0.068176717	2.12446E-25	4.24608E-10	1.72388E-11	1.79683E-11
5890.46834	0.068176717	2.01796E-25	4.03323E-10	2.06278E-11	2.17397E-11
6068.388987	0.070235984	2.04766E-25	4.0926E-10	6.35811E-12	6.45845E-12
6068.388987	0.070235984	2.03749E-25	4.07226E-10	5.21726E-12	5.28497E-12
6068.388987	0.070235984	2.01445E-25	4.02621E-10	5.88974E-12	5.97718E-12
6068.388987	0.070235984	2.0098E-25	4.01691E-10	8.41984E-12	8.60011E-12
6071.190602	0.07026841	2.1955E-25	4.38808E-10	1.31365E-11	1.35419E-11
6071.190602	0.07026841	2.09755E-25	4.1923E-10	2.32691E-11	2.46365E-11
6071.190602	0.07026841	2.05706E-25	4.11139E-10	1.56006E-11	1.62159E-11
6305.467379	0.072979947	2.0151E-25	4.0275E-10	1.02537E-11	1.05216E-11
6305.467379	0.072979947	2.01029E-25	4.0179E-10	1.41763E-11	1.46948E-11
6305.467379	0.072979947	2.00889E-25	4.0151E-10	1.05824E-11	1.08688E-11
6305.467379	0.072979947	1.98405E-25	3.96545E-10	1.36387E-11	1.41245E-11
6308.646084	0.073016737	2.11414E-25	4.22546E-10	1.4157E-11	1.46478E-11
6308.646084	0.073016737	2.05328E-25	4.10382E-10	2.4914E-11	2.65243E-11
6308.646084	0.073016737	2.02727E-25	4.05184E-10	2.45985E-11	2.61884E-11
6480.014044	0.075000163	1.95037E-25	3.89814E-10	4.71588E-11	4.5555E-11
6708.56317	0.077645407	1.94246E-25	3.88233E-10	9.18654E-12	9.40918E-12
6708.56317	0.077645407	1.9398E-25	3.87701E-10	6.37455E-12	6.48111E-12
6708.56317	0.077645407	1.9244E-25	3.84624E-10	5.27723E-12	5.35065E-12
6708.56317	0.077645407	1.91981E-25	3.83706E-10	3.51784E-12	3.55039E-12
6711.370493	0.077677899	2.0813E-25	4.15982E-10	1.24532E-11	1.28375E-11
6711.370493	0.077677899	2.0498E-25	4.09688E-10	1.18986E-11	1.22545E-11
6711.370493	0.077677899	1.92153E-25	3.8405E-10	1.45727E-11	1.51475E-11
6941.089629	0.080336686	1.9371E-25	3.87162E-10	7.41642E-12	7.56126E-12
6941.089629	0.080336686	1.93444E-25	3.86631E-10	6.70705E-12	6.82545E-12
6941.089629	0.080336686	1.9244E-25	3.84624E-10	5.27723E-12	5.35065E-12
6941.089629	0.080336686	1.91981E-25	3.83706E-10	5.26465E-12	5.33789E-12
6943.942788	0.080369708	2.18743E-25	4.37194E-10	1.58137E-11	1.64072E-11
6943.942788	0.080369708	1.9793E-25	3.95597E-10	2.1613E-11	2.28621E-11
6943.942788	0.080369708	1.95726E-25	3.9119E-10	1.58821E-11	1.65542E-11
7105.08116	0.082234736	1.80201E-25	3.60161E-10	7.54933E-12	7.71095E-12
7105.08116	0.082234736	1.79994E-25	3.59749E-10	3.9542E-12	3.99814E-12
7105.08116	0.082234736	1.7877E-25	3.57302E-10	4.57765E-12	4.63706E-12
7105.08116	0.082234736	1.78629E-25	3.5702E-10	7.80528E-12	7.97973E-12
7107.893599	0.082267287	1.95674E-25	3.91088E-10	1.69132E-11	1.76777E-11
7107.893599	0.082267287	1.7722E-25	3.54203E-10	1.78059E-11	1.87484E-11
7107.893599	0.082267287	1.75893E-25	3.51551E-10	1.64403E-11	1.72468E-11
7354.932366	0.085126532	1.64157E-25	3.28095E-10	3.905E-12	3.95203E-12
7354.932366	0.085126532	1.6209E-25	3.23964E-10	5.03298E-12	5.11241E-12
7354.932366	0.085126532	1.61546E-25	3.22876E-10	5.01609E-12	5.09524E-12
7354.932366	0.085126532	1.5818E-25	3.16149E-10	6.34159E-12	6.4714E-12
7357.786692	0.085159568	1.68397E-25	3.36569E-10	1.39618E-11	1.4566E-11
7357.786692	0.085159568	1.65672E-25	3.31122E-10	1.75134E-11	1.84914E-11
7357.786692	0.085159568	1.56932E-25	3.13655E-10	1.63158E-11	1.72111E-11
7564.559323	0.08755277	1.53942E-25	3.07678E-10	4.77997E-12	4.85541E-12
7564.559323	0.08755277	1.5132E-25	3.02438E-10	4.42421E-12	4.48989E-12
7564.559323	0.08755277	1.51098E-25	3.01995E-10	3.59435E-12	3.63765E-12
7564.559323	0.08755277	1.50922E-25	3.01642E-10	6.86622E-12	7.02616E-12
7567.37374	0.087585344	1.63807E-25	3.27397E-10	1.30027E-11	1.35404E-11
7567.37374	0.087585344	1.62074E-25	3.23931E-10	1.54329E-11	1.62049E-11
7567.37374	0.087585344	1.48747E-25	2.97295E-10	1.15441E-11	1.20105E-11
7744.938548	0.089640492	1.45633E-25	2.91071E-10	3.46434E-12	3.50607E-12
7744.938548	0.089640492	1.44129E-25	2.88066E-10	7.33395E-12	7.52555E-12
7744.938548	0.089640492	1.42743E-25	2.85297E-10	5.20725E-12	5.30406E-12
7744.938548	0.089640492	1.42002E-25	2.83815E-10	3.89409E-12	3.94827E-12
7748.083937	0.089676897	1.5036E-25	3.0052E-10	1.16693E-11	1.21408E-11
7748.083937	0.089676897	1.45517E-25	2.90839E-10	1.30899E-11	1.37068E-11
7748.083937	0.089676897	1.33674E-25	2.6717E-10	1.82913E-11	1.96357E-11
7955.923943	0.092082453	1.40365E-25	2.80543E-10	3.59423E-12	3.64088E-12
7955.923943	0.092082453	1.40054E-25	2.79921E-10	4.60245E-12	4.67939E-12
7955.923943	0.092082453	1.39623E-25	2.79059E-10	5.34562E-12	5.45002E-12
7955.923943	0.092082453	1.3638E-25	2.72579E-10	7.42854E-12	7.63666E-12
7959.112934	0.092119363	1.54573E-25	3.0894E-10	1.41762E-11	1.4858E-11
7959.112934	0.092119363	1.45227E-25	2.90261E-10	1.25528E-11	1.31202E-11
7959.112934	0.092119363	1.36556E-25	2.72931E-10	1.32424E-11	1.39177E-11
8120.290768	0.093984847	1.35611E-25	2.71042E-10	4.45645E-12	4.53095E-12
8120.290768	0.093984847	1.35194E-25	2.70207E-10	5.17605E-12	5.27714E-12
8120.290768	0.093984847	1.34047E-25	2.67916E-10	3.67595E-12	3.72709E-12
8120.290768	0.093984847	1.33768E-25	2.67358E-10	6.0858E-12	6.22756E-12
8123.106278	0.094017434	1.46128E-25	2.92061E-10	1.05641E-11	1.09606E-11
8123.106278	0.094017434	1.40771E-25	2.81354E-10	1.29104E-11	1.35313E-11
8123.106278	0.094017434	1.37166E-25	2.7415E-10	1.35417E-11	1.42453E-11
8383.35859	0.097029613	1.34047E-25	2.67916E-10	2.70066E-12	2.72816E-12
8383.35859	0.097029613	1.30905E-25	2.61635E-10	4.06467E-12	4.12882E-12
8383.35859	0.097029613	1.29405E-25	2.58638E-10	7.04861E-12	7.24608E-12
8383.35859	0.097029613	1.2915E-25	2.58128E-10	3.77603E-12	3.83209E-12
8386.181334	0.097062284	1.38527E-25	2.76869E-10	9.5226E-12	9.86178E-12
8386.181334	0.097062284	1.26022E-25	2.51877E-10	9.78049E-12	1.01756E-11
8386.181334	0.097062284	1.24771E-25	2.49375E-10	1.12237E-11	1.17527E-11
8645.323938	0.10006162	1.26403E-25	2.52637E-10	6.20508E-12	6.36132E-12
8645.323938	0.10006162	1.26211E-25	2.52253E-10	4.60413E-12	4.68973E-12
8645.323938	0.10006162	1.25678E-25	2.51188E-10	3.44643E-12	3.49437E-12
8645.323938	0.10006162	1.2461E-25	2.49053E-10	5.2204E-12	5.33217E-12
8648.14325	0.100094251	1.33393E-25	2.66609E-10	1.31692E-11	1.38535E-11
8648.14325	0.100094251	1.24523E-25	2.48879E-10	1.07632E-11	1.12497E-11
8648.14325	0.100094251	1.20258E-25	2.40355E-10	1.35497E-11	1.43592E-11
9220.379057	0.10671735	1.15485E-25	2.30816E-10	5.89199E-11	5.97641E-11
13585.95628	0.157244864	5.37177E-26	1.07364E-10	3.23989E-11	3.28717E-11
13711.37638	0.158696486	5.78252E-26	1.15573E-10	3.3376E-11	3.26299E-11
33968.13637	0.393149727	7.64004E-27	1.52699E-11	5.25191E-13	5.43898E-13
33968.13637	0.393149727	7.43462E-27	1.48593E-11	1.03006E-12	1.10678E-12
33968.13637	0.393149727	7.04946E-27	1.40895E-11	7.20604E-13	7.59446E-13
33968.13637	0.393149727	6.79754E-27	1.3586E-11	9.18481E-13	9.85077E-13
33978.77429	0.393272851	8.41875E-27	1.68263E-11	2.9591E-12	3.59054E-12
34290.70999	0.396883217	7.71363E-27	1.5417E-11	9.49286E-13	1.01157E-12
34290.70999	0.396883217	7.58395E-27	1.51578E-11	5.61722E-13	5.83339E-13
34290.70999	0.396883217	7.52586E-27	1.50417E-11	8.34878E-13	8.8394E-13
34290.70999	0.396883217	6.75386E-27	1.34987E-11	1.02797E-12	1.11271E-12
34301.01816	0.397002525	8.09185E-27	1.61729E-11	2.8442E-12	3.45112E-12
37521.81357	0.43428025	7.33766E-27	1.46655E-11	3.99676E-13	4.10874E-13
37934.30967	0.43905451	6.37229E-27	1.27361E-11	4.71977E-13	4.90141E-13
37934.30967	0.43905451	6.32931E-27	1.26502E-11	6.80109E-13	7.18751E-13
37934.30967	0.43905451	5.74459E-27	1.14815E-11	1.01025E-12	1.10772E-12
37944.9534	0.439177701	5.90538E-27	1.18029E-11	2.16486E-12	2.65112E-12
38251.55281	0.442726306	6.45292E-27	1.28972E-11	8.16409E-13	8.71581E-13
38251.55281	0.442726306	6.11921E-27	1.22303E-11	5.82681E-13	6.1183E-13
38251.55281	0.442726306	5.69192E-27	1.13762E-11	1.00099E-12	1.09756E-12
41401.27653	0.479181441	4.34044E-27	8.67509E-12	1.65611E-12	2.04687E-12
44468.29713	0.514679365	5.19109E-27	1.03753E-11	1.33879E-12	1.53713E-12
44468.29713	0.514679365	4.46576E-27	8.92557E-12	7.85353E-13	8.61123E-13
44793.72142	0.51844585	5.1435E-27	1.02801E-11	1.48993E-12	1.74248E-12
44793.72142	0.51844585	4.63335E-27	9.26053E-12	8.92257E-13	9.87393E-13
44793.72142	0.51844585	4.21266E-27	8.4197E-12	9.50112E-13	1.07096E-12
69233.26143	0.801310896	2.66622E-27	5.32888E-12	4.68884E-13	5.14121E-13
69233.26143	0.801310896	1.94337E-27	3.88415E-12	5.62943E-13	6.58362E-13
105345.8726	1.219280932	1.13213E-27	2.26275E-12	2.91977E-13	3.35234E-13
105719.8097	1.223608908	1.02933E-27	2.05729E-12	3.30278E-13	3.93441E-13
106097.2946	1.227977947	1.2187E-27	2.43577E-12	3.33752E-13	3.86745E-13
179504.8305	2.077602205	7.41132E-28	1.48128E-12	1.79201E-13	2.03864E-13
180248.5573	2.086210154	8.10133E-28	1.61919E-12	2.96987E-13	3.63695E-13
180252.2962	2.086253429	8.27743E-28	1.65438E-12	2.26686E-13	2.62678E-13
180999.3798	2.094900229	6.63583E-28	1.32628E-12	2.0262E-13	2.39156E-13