Time (s)     Err_Time (s)     Flux (erg/cm^2/s/A)    Err_Flux (Jy)
            286.9000              20.6000    1.8113399580043927e-04    8.3415290114259906e-06
            335.0000              20.6000    2.0796965368261397e-04    9.5773567630065678e-06
            387.8000              13.1000    2.3878111152872040e-04    6.5977661246709010e-06
            419.0000              13.1000    2.5703956051475058e-04    7.1022657286714980e-06
            450.3000              13.1000    2.5234805974085165e-04    9.2968463573209298e-06
            498.5000              13.1000    2.8707803883739404e-04    7.9322595813886154e-06
            529.6000              13.1000    3.1188893775592209e-04    2.0108223503776811e-05
            560.8000              13.1000    3.3884413411928429e-04    1.8725219388776983e-05
            601.1000               5.0000    3.3884413411928429e-04    1.8725219388776983e-05
            616.9000               5.0000    3.3884413411928429e-04    9.3626096943884914e-06
            633.3000               5.0000    3.5809641412648183e-04    1.6490949775185274e-05
            649.4000               5.0000    3.7153520546272673e-04    1.0265897402985248e-05
            665.4000               5.0000    3.5809641412648183e-04    1.6490949775185274e-05
            681.5000               5.0000    3.5156041787500842e-04    1.2951964812632109e-05
            758.9000               5.0000    3.6140983950046842e-04    1.9972246388442941e-05
            774.4000               5.0000    3.5156041787500842e-04    1.2951964812632109e-05
            790.8000               5.0000    3.7497297844381138e-04    1.3814515444735878e-05
            806.2000               5.0000    3.6812895017424328e-04    1.0171779088473449e-05
            822.8000               5.0000    3.7153520546272673e-04    1.0265897402985248e-05
            838.7000               5.0000    3.6812895017424328e-04    1.0171779088473449e-05
            854.8000               5.0000    3.6812895017424328e-04    1.0171779088473449e-05
            870.3000               5.0000    3.9264491074563108e-04    1.0849180132199705e-05
            886.3000               5.0000    3.5156041787500842e-04    9.7139736094740801e-06
            919.1000               5.0000    3.7153520546272673e-04    1.0265897402985248e-05
            934.9000               5.0000    3.7497297844381138e-04    1.7268144305919846e-05
            961.2000               5.0000    3.7497297844381138e-04    6.9072577223679389e-06
            976.6000               5.0000    3.7153520546272673e-04    6.8439316019901667e-06
            992.8000               5.0000    3.5809641412648183e-04    9.8945698651111633e-06
           1008.3000               5.0000    3.7497297844381138e-04    6.9072577223679389e-06
           1024.3000               5.0000    3.6475392362241715e-04    1.3438031541157990e-05
           1039.7000               5.0000    3.8547833335598108e-04    1.0651160275316766e-05
           1056.3000               5.0000    3.7844256074712987e-04    1.0456754688198195e-05
           1071.7000               5.0000    3.8194424670070587e-04    1.4071346466010915e-05
           1087.9000               5.0000    3.6140983950046842e-04    6.6574154628143141e-06
           1103.3000               5.0000    4.1114969557079446e-04    1.1360486247168945e-05
           1119.4000               5.0000    3.8194424670070587e-04    7.0356732330054575e-06
           1134.9000               5.0000    3.7497297844381138e-04    6.9072577223679389e-06
           1161.2000               5.0000    3.6812895017424328e-04    1.3562372117964601e-05
           1176.8000               5.0000    3.9264491074563108e-04    7.2327867547998012e-06
           1192.9000               5.0000    3.8194424670070587e-04    1.7589183082513641e-05
           1208.3000               5.0000    4.0364536778911953e-04    1.8588556669672329e-05
           1224.3000               5.0000    3.8904512051294904e-04    1.0749714249404136e-05
           1239.7000               5.0000    3.8194424670070587e-04    7.0356732330054575e-06
           1255.8000               5.0000    3.8547833335598108e-04    1.4201547033755691e-05
           1271.2000               5.0000    3.8904512051294904e-04    1.4332952332538850e-05
           1287.4000               5.0000    3.7844256074712987e-04    2.7884679168528528e-05
           1303.6000               5.0000    3.9264491074563108e-04    1.0849180132199705e-05
           1319.8000               5.0000    3.8194424670070587e-04    1.0553509849508184e-05
           1335.3000               5.0000    3.7153520546272673e-04    1.3687863203980333e-05
           1363.0000               5.0000    3.6475392362241715e-04    6.7190157705789951e-06
           1378.5000               5.0000    3.6140983950046842e-04    1.3314830925628628e-05
           1394.8000               5.0000    3.9264491074563108e-04    1.0849180132199705e-05
           1410.3000               5.0000    3.5481336641937704e-04    9.8038559019800826e-06
           1426.8000               5.0000    3.7497297844381138e-04    6.9072577223679389e-06
           1442.3000               5.0000    3.6812895017424328e-04    6.7811860589823003e-06
           1458.8000               5.0000    3.4833729254260071e-04    1.9249830725582475e-05
           1474.2000               5.0000    3.5809641412648183e-04    1.3192759820148219e-05
           1490.4000               5.0000    3.6140983950046842e-04    9.9861231942214704e-06
           1505.8000               5.0000    3.5809641412648183e-04    6.5963799100741097e-06
           1522.6000               5.0000    3.5481336641937704e-04    9.8038559019800826e-06
           1538.1000               5.0000    3.3884413411928429e-04    1.2483479592517992e-05
           1775.3000              12.7000    3.3573759237884028e-04    1.8553545542979413e-05
           1807.2000              12.7000    3.2658781076961327e-04    1.5039924925601537e-05
           1839.3000              12.7000    3.2359363567871247e-04    8.9412228378177677e-06
           1871.5000              12.7000    3.2359363567871247e-04    1.1921630450423693e-05
           1903.7000              13.0000    3.0338909820390301e-04    1.3971584700237084e-05
           1936.2000              12.7000    3.0338909820390301e-04    1.1177267760189668e-05
           2057.2000              92.1000    2.7925436517143112e-04    1.0288111310529333e-05
           2259.4000              92.8000    2.5003451878862810e-04    6.9087092672469612e-06
           2464.1000              93.0000    2.4099052598403078e-04    4.4392096692645843e-06
           2656.8000              45.7000    2.1777096164876683e-04    1.6045957901271405e-05
           2764.8000              45.9000    2.1978597157787583e-04    8.0972146619728172e-06
           2876.3000              45.6000    2.0044718814229002e-04    7.3847475301756518e-06
           2986.8000              45.6000    1.9860947724805340e-04    1.0975565635292652e-05
           3133.7000              45.7000    2.0044718814229002e-04    9.2309344127195645e-06
           3241.7000              45.9000    1.8450152825680077e-04    5.0979657699445611e-06
           3352.3000              45.3000    1.6982435246200973e-04    7.8207006732694824e-06
           3463.8000              45.5000    1.7458220222160286e-04    8.0398077582000074e-06
           3656.4000              91.6000    1.6519616731912321e-04    6.0860518918249645e-06
           3856.9000              92.3000    1.5205474127633317e-04    4.2014278879337693e-06
           4059.1000              92.6000    1.4256074825667541e-04    6.5651652646353828e-06
           4263.0000              93.1000    1.3243414305924152e-04    6.0988178478052649e-06
           4478.1000              93.1000    1.3243414305924152e-04    7.3185814173663184e-06
           4679.4000              92.0000    1.3489627764149719e-04    4.9697626710322712e-06
           4881.6000              93.1000    1.3489627764149719e-04    4.9697626710322712e-06
           5085.5000              92.7000    1.3243414305924152e-04    6.0988178478052649e-06
           5303.2000              93.0000    1.3243414305924152e-04    6.0988178478052649e-06
           5504.5000              92.4000    1.2189895011380671e-04    5.6136542692789323e-06
           5705.0000              91.6000    1.1324002711515766e-04    4.1719168939504514e-06
           5908.0000              92.0000    1.1748974600447835e-04    4.3284823282810849e-06
           6350.4000              92.6000    1.1117316365731803e-04    5.1197135349524433e-06
           6553.4000              92.4000    1.1015392195134418e-04    3.0436654310607219e-06
           6755.6000              92.9000    1.0616954698443057e-04    3.9114307720624337e-06
           6958.7000              92.8000    1.0327613203624101e-04    3.8048334229529598e-06
           7232.5000              91.9000    1.0046157067931286e-04    2.7758558606905482e-06
           7432.1000              91.6000    9.6827777526415702e-05    3.5672672566152898e-06
           7634.3000              93.2000    8.9949750529884635e-05    4.1423392130222270e-06
           7839.9000              92.9000    8.6696180180845001e-05    3.9925067570147419e-06
           8220.1000              92.6000    8.1283044605070330e-05    3.7432226441756810e-06
           8421.4000              91.9000    8.4333468548261219e-05    3.8836998621977969e-06
           8621.9000              91.5000    7.9799461821525750e-05    2.9399209041412800e-06
           8824.0000              92.1000    7.9799461821525750e-05    2.2049406781059598e-06
           9067.7000              92.5000    7.7624704913824036e-05    4.2896998446747088e-06
           9269.0000              91.8000    7.8342957475879523e-05    2.8862612994898748e-06
           9468.6000              92.0000    7.6913037330935435e-05    2.8335810930145988e-06
           9672.5000              91.9000    7.5509216170339074e-05    2.7818624086838254e-06
           9909.2000              91.9000    7.2777974056115264e-05    4.0218595916189990e-06
          10110.5000              93.1000    7.3451380369029295e-05    2.7060489338625082e-06
          10315.3000              93.1000    7.2777974056115264e-05    4.0218595916189990e-06
          10519.2000              93.4000    6.8865223524104078e-05    3.1713608335429692e-06
          10900.2000             230.5000    6.6374301114445266e-05    3.0566496140749678e-06
          11384.9000             230.7000    6.1659494613630042e-05    2.8395247445218244e-06
          11868.8000             231.6000    5.7279597859010581e-05    2.1102584313555658e-06
          12356.1000             232.3000    5.7279597859010581e-05    2.1102584313555658e-06
          13907.7000             957.9000    5.5207738847715656e-05    2.0339283223710921e-06
          15859.2000             958.8000    4.9888444079820403e-05    1.8379582553247727e-06
          17824.8000             959.5000    4.9431064068497904e-05    1.8211077525052079e-06
          19786.6000             961.9000    4.4668354963596839e-05    2.0570538245731867e-06
          21794.8000             957.6000    3.9994471103598234e-05    1.8418135123285016e-06
          23769.1000             957.4000    3.4514370515900718e-05    1.2715564373092397e-06
          25745.3000             961.1000    3.3573758085928361e-05    1.8553544906385169e-06
