Time (s)     Err_Time (s)     Flux (erg/cm^2/s/A)    Err_Flux (Jy)
           5552.5000              98.5000    1.9022351242776659e+43    4.0296536972942470e+42
          12305.0000             264.0000    2.2042669929362773e+43    9.7449839328524423e+42
          41347.0000             397.0000    1.2225431417684636e+43    5.1796178384622381e+42
          57403.5000             376.5000    5.3859732037382808e+42    1.3393794924588052e+42
          74841.5000             475.0000    4.8224106268793081e+42    2.6649626739383298e+42
          92719.5000             770.0000    2.3728166606394296e+42    9.3974133769895167e+41
         110088.0000             780.0000    2.4169306166220695e+42    8.9043017101521081e+41
         137250.5000            4740.5000    1.2113347571451709e+42    2.1197930903897305e+41
         307310.0000            6753.0000    3.0708893611578943e+41    8.7680204933058973e+40
