time_sec	flux	flux_err	band	source
122095	2.5142964420345594e-14	3.8462514422216045e-15	g'	15328
122095	2.963525140443843e-14	2.7459129481450397e-15	r'	15328
122095	3.4485474856214734e-14	4.1461588348802175e-15	i'	15328
122095	4.015147642420054e-14	7.085836271314795e-15	z'	15328
121945	1.9667989919848042e-14	5.736412703630966e-15	J	15328
121945	1.9984413139101148e-14	8.824676553763238e-15	H	15328
121945	1.4853726238975597e-14	9.56699670749235e-15	K	15328
107124	3.5169136398080336e-14	2.9152774513329868e-15	R	15341
90760.5	4.10973112945708e-15	1.9838604790252276e-15	uvw2_swift	15343
