  1.746000E+002  1.433960E-012  5.969682E-013  5.969682E-013   J
  2.098500E+002  2.762719E-012  3.893174E-013  3.893174E-013   J
  2.460000E+002  2.667700E-012  3.931269E-013  3.931269E-013   J
  2.821500E+002  3.166190E-012  4.111798E-013  4.111798E-013   J
  3.183500E+002  3.866669E-012  5.092708E-013  5.092708E-013   J
  3.546500E+002  4.953786E-012  5.748883E-013  5.748883E-013   J
  3.908500E+002  5.031957E-012  5.422487E-013  5.422487E-013   J
  4.270500E+002  3.956733E-012  4.701129E-013  4.701129E-013   J
  4.633000E+002  5.901154E-012  4.946000E-013  4.946000E-013   J
  4.994000E+002  5.661570E-012  4.380179E-013  4.380179E-013   J
  5.536500E+002  6.033053E-012  3.556254E-013  3.556254E-013   J
  6.260500E+002  5.013455E-012  3.832577E-013  3.832577E-013   J
  6.984500E+002  5.215995E-012  3.507000E-013  3.507000E-013   J
  7.708500E+002  5.620013E-012  3.053972E-013  3.053972E-013   J
  8.442500E+002  5.022695E-012  4.070945E-013  4.070945E-013   J
  9.166000E+002  4.402880E-012  3.365818E-013  3.365818E-013   J
  9.890000E+002  4.243625E-012  3.244075E-013  3.244075E-013   J
  1.079550E+003  2.998730E-012  2.734313E-013  2.734313E-013   J
  1.188250E+003  2.957582E-012  2.124747E-013  2.124747E-013   J
  1.297900E+003  3.598629E-012  2.651568E-013  2.651568E-013   J
  1.407050E+003  3.324583E-012  2.020956E-013  2.020956E-013   J
  1.516150E+003  3.855998E-012  1.846783E-013  1.846783E-013   J
  1.624650E+003  3.934933E-012  1.884588E-013  1.884588E-013   J
  1.733150E+003  3.549254E-012  1.699872E-013  1.699872E-013   J
  1.841750E+003  3.494113E-012  1.673462E-013  1.673462E-013   J
  1.950350E+003  3.386390E-012  1.684250E-013  1.684250E-013   J
  2.058900E+003  3.160365E-012  1.833807E-013  1.833807E-013   J
  2.168500E+003  2.798576E-012  1.701206E-013  1.701206E-013   J
  2.277100E+003  2.531262E-012  1.818475E-013  1.818475E-013   J
  2.385700E+003  2.321330E-012  1.411096E-013  1.411096E-013   J
  2.494350E+003  2.306412E-012  1.508242E-013  1.508242E-013   J
  2.603900E+003  2.397380E-012  1.810617E-013  1.810617E-013   J
  2.712450E+003  1.911335E-012  1.531552E-013  1.531552E-013   J
  2.857250E+003  1.684755E-012  1.458614E-013  1.458614E-013   J
  3.075000E+003  1.655530E-012  1.067359E-013  1.067359E-013   J
  3.347050E+003  1.423433E-012  9.832728E-014  9.832728E-014   J
  3.655800E+003  1.244335E-012  9.397816E-014  9.397816E-014   J
  1.077075E+004  3.536200E-013  5.015719E-014  5.015719E-014   J
  1.488450E+004  1.918391E-013  4.028539E-014  4.028539E-014   J
