Skip Single 
log on
read serr 1,2
skip on
! this is NONE
   83.6840     5.0000  7.96218e+00   6.39971e-01 
   93.6840     5.0000  7.56018e+00   5.89007e-01 
  108.6840    10.0000  6.29952e+00   3.38868e-01 
  128.6840    10.0000  5.79426e+00   3.09948e-01 
  153.6840    15.0000  4.73492e+00   2.09424e-01 
  183.8260    15.1420  3.91128e+00   2.92189e-01 
  218.9680    20.0000  3.63796e+00   4.24448e-01 
  263.9680    25.0000  3.24820e+00   3.73358e-01 
  318.9680    30.0000  2.26383e+00   3.17238e-01 
  383.9680    35.0000  1.88471e+00   2.89411e-01 
  441.4350    22.4670  1.56124e+00   3.51028e-01 
 4577.7160   406.5000  4.12805e-01   2.28119e-02 
 5498.7160   508.5000  4.03186e-01   1.64803e-02 
 6230.2160   217.0000  3.01070e-01   3.34250e-02 
11011.7160  1055.5000  2.72058e-01   8.29747e-03 
12279.7160   208.5000  2.38337e-01   6.54809e-02 
17052.7160  1250.5000  1.80306e-01   1.19615e-02 
22812.7160  1278.5000  1.92062e-01   8.62633e-03 
28598.2160  1278.0000  1.83357e-01   9.73815e-03 
36754.2160  3645.0000  1.58035e-01   7.65957e-03 
43817.7160  3414.5000  1.16939e-01   7.09598e-03 
54629.7160  4174.5000  9.96835e-02   5.88174e-03 
68678.2160  6653.0000  7.38346e-02   4.44991e-03 
86285.7160  6903.5000  5.01015e-02   4.22412e-03 
106698.2160  9961.0000  4.15542e-02   3.35114e-03 
131865.2160 11976.0000  2.98181e-02   2.90529e-03 
190456.7160 18513.5000  1.44350e-02   2.32404e-03 
236932.7160 23636.5000  1.19277e-02   2.49938e-03 
294840.7160 29464.5000  4.93958e-03   2.34978e-03 
359064.2160 34752.0000  3.44285e-03   2.07041e-03 
442583.2160 44187.0000  3.03810e-04   1.72754e-03 
545993.2160 54297.0000  2.38389e-03   1.81814e-03 
670708.2160 64821.0000  7.51501e-04   1.51169e-03 
821680.2160 81609.0000 -4.76802e-04   1.62075e-03 
959897.2160 53253.0000  8.90899e-04   1.92296e-03 
1238049.7160 116379.5000  8.86427e-04   1.17560e-03 
1527190.7160 151119.5000  2.07596e-03   9.21194e-04 
1868308.7160 185960.5000 -1.14559e-03   7.18359e-04 
2284420.7160 226809.5000 -6.85247e-05   7.28201e-04 
2791090.7160 275379.5000 -6.51700e-04   6.11492e-04 
3449320.2160 344770.0000  1.45010e-05   8.46526e-04 
4091813.7160 292316.5000  6.96859e-04   7.15816e-04 
no no no no ! that was NONE
