    050319    2.54e+01    3.54e+01   -9.00e+00   -9.00e+00    1.00e+01        RC     15.96    100.00     -9.00     -9.00      RAPTOR           wozniak05  1  USNOA2.0
    050319    3.53e+01    4.53e+01   -9.00e+00   -9.00e+00    1.00e+01        RC     16.32      0.05     -9.00     -9.00      RAPTOR           wozniak05  0  USNOA2.0
    050319    6.03e+01    7.03e+01   -9.00e+00   -9.00e+00    1.00e+01        RC     16.53      0.05     -9.00     -9.00      RAPTOR           wozniak05  0  USNOA2.0
    050319    8.53e+01    9.53e+01   -9.00e+00   -9.00e+00    1.00e+01        RC     16.72      0.06     -9.00     -9.00      RAPTOR           wozniak05  0  USNOA2.0
    050319    1.10e+02    1.20e+02   -9.00e+00   -9.00e+00    1.00e+01        RC     16.82      0.06     -9.00     -9.00      RAPTOR           wozniak05  0  USNOA2.0
    050319    1.35e+02    1.45e+02   -9.00e+00   -9.00e+00    1.00e+01        RC     16.66      0.05     -9.00     -9.00      RAPTOR           wozniak05  0  USNOA2.0
    050319    1.60e+02    1.70e+02   -9.00e+00   -9.00e+00    1.00e+01        RC     16.87      0.06     -9.00     -9.00      RAPTOR           wozniak05  0  USNOA2.0
    050319    1.86e+02    1.96e+02   -9.00e+00   -9.00e+00    1.00e+01        RC     17.16      0.08     -9.00     -9.00      RAPTOR           wozniak05  0  USNOA2.0
    050319    2.10e+02    2.20e+02   -9.00e+00   -9.00e+00    1.00e+01        RC     17.02      0.08     -9.00     -9.00      RAPTOR           wozniak05  0  USNOA2.0
    050319    2.35e+02    2.45e+02   -9.00e+00   -9.00e+00    1.00e+01        RC     17.08      0.10     -9.00     -9.00      RAPTOR           wozniak05  0  USNOA2.0
    050319    2.60e+02    2.70e+02   -9.00e+00   -9.00e+00    1.00e+01        RC     17.01      0.09     -9.00     -9.00      RAPTOR           wozniak05  0  USNOA2.0
    050319    2.85e+02    3.15e+02   -9.00e+00   -9.00e+00    3.00e+01        RC     17.13      0.06     -9.00     -9.00      RAPTOR           wozniak05  0  USNOA2.0
    050319    3.30e+02    3.60e+02   -9.00e+00   -9.00e+00    3.00e+01        RC     17.31      0.07     -9.00     -9.00      RAPTOR           wozniak05  0  USNOA2.0
    050319    3.75e+02    4.05e+02   -9.00e+00   -9.00e+00    3.00e+01        RC     17.18      0.05     -9.00     -9.00      RAPTOR           wozniak05  0  USNOA2.0
    050319    4.20e+02    4.50e+02   -9.00e+00   -9.00e+00    3.00e+01        RC     17.36      0.06     -9.00     -9.00      RAPTOR           wozniak05  0  USNOA2.0
    050319    4.65e+02    4.95e+02   -9.00e+00   -9.00e+00    3.00e+01        RC     17.14      0.05     -9.00     -9.00      RAPTOR           wozniak05  0  USNOA2.0
    050319    5.10e+02    5.40e+02   -9.00e+00   -9.00e+00    3.00e+01        RC     17.53      0.07     -9.00     -9.00      RAPTOR           wozniak05  0  USNOA2.0
    050319    5.55e+02    5.85e+02   -9.00e+00   -9.00e+00    3.00e+01        RC     17.70      0.07     -9.00     -9.00      RAPTOR           wozniak05  0  USNOA2.0
    050319    6.00e+02    6.30e+02   -9.00e+00   -9.00e+00    3.00e+01        RC     17.64      0.07     -9.00     -9.00      RAPTOR           wozniak05  0  USNOA2.0
    050319    6.45e+02    6.75e+02   -9.00e+00   -9.00e+00    3.00e+01        RC     17.68      0.07     -9.00     -9.00      RAPTOR           wozniak05  0  USNOA2.0
    050319    6.90e+02    7.20e+02   -9.00e+00   -9.00e+00    3.00e+01        RC     17.95      0.09     -9.00     -9.00      RAPTOR           wozniak05  0  USNOA2.0
    050319    7.35e+02    7.65e+02   -9.00e+00   -9.00e+00    3.00e+01        RC     17.92      0.09     -9.00     -9.00      RAPTOR           wozniak05  0  USNOA2.0
    050319    7.80e+02    8.10e+02   -9.00e+00   -9.00e+00    3.00e+01        RC     17.95      0.09     -9.00     -9.00      RAPTOR           wozniak05  0  USNOA2.0
    050319    8.25e+02    8.55e+02   -9.00e+00   -9.00e+00    3.00e+01        RC     17.95      0.09     -9.00     -9.00      RAPTOR           wozniak05  0  USNOA2.0
    050319    8.70e+02    9.00e+02   -9.00e+00   -9.00e+00    3.00e+01        RC     17.91      0.09     -9.00     -9.00      RAPTOR           wozniak05  0  USNOA2.0
    050319    9.15e+02    9.45e+02   -9.00e+00   -9.00e+00    3.00e+01        RC     18.11      0.10     -9.00     -9.00      RAPTOR           wozniak05  0  USNOA2.0
    050319    9.60e+02    9.90e+02   -9.00e+00   -9.00e+00    3.00e+01        RC     17.87      0.09     -9.00     -9.00      RAPTOR           wozniak05  0  USNOA2.0
    050319    1.01e+03    1.04e+03   -9.00e+00   -9.00e+00    3.00e+01        RC     18.24      0.12     -9.00     -9.00      RAPTOR           wozniak05  0  USNOA2.0
    050319    1.05e+03    1.08e+03   -9.00e+00   -9.00e+00    3.00e+01        RC     17.90      0.09     -9.00     -9.00      RAPTOR           wozniak05  0  USNOA2.0
    050319    1.10e+03    1.13e+03   -9.00e+00   -9.00e+00    3.00e+01        RC     18.02      0.09     -9.00     -9.00      RAPTOR           wozniak05  0  USNOA2.0
    050319    1.14e+03    1.17e+03   -9.00e+00   -9.00e+00    3.00e+01        RC     18.27      0.12     -9.00     -9.00      RAPTOR           wozniak05  0  USNOA2.0
    050319    2.44e+03    2.65e+03   -9.00e+00   -9.00e+00    1.50e+02        RC     19.00      0.08     -9.00     -9.00      RAPTOR           wozniak05  0  USNOA2.0
    050319    2.67e+03    2.92e+03   -9.00e+00   -9.00e+00    1.80e+02        RC     19.11      0.10     -9.00     -9.00      RAPTOR           wozniak05  0  USNOA2.0
    050319    1.64e+02    1.69e+02   -9.00e+00   -9.00e+00    5.00e+00        CR     15.97      0.14     -9.00     -9.00       ROTSE            quimby05  0  henden05
    050319    1.79e+02    1.84e+02   -9.00e+00   -9.00e+00    5.00e+00        CR     16.31      0.19     -9.00     -9.00       ROTSE            quimby05  0  henden05
    050319    1.93e+02    1.98e+02   -9.00e+00   -9.00e+00    5.00e+00        CR     16.18      0.15     -9.00     -9.00       ROTSE            quimby05  0  henden05
    050319    2.07e+02    2.12e+02   -9.00e+00   -9.00e+00    5.00e+00        CR     16.31      0.16     -9.00     -9.00       ROTSE            quimby05  0  henden05
    050319    2.22e+02    2.27e+02   -9.00e+00   -9.00e+00    5.00e+00        CR     16.86      0.29     -9.00     -9.00       ROTSE            quimby05  0  henden05
    050319    2.36e+02    2.41e+02   -9.00e+00   -9.00e+00    5.00e+00        CR     16.22      0.15     -9.00     -9.00       ROTSE            quimby05  0  henden05
    050319    2.51e+02    2.70e+02   -9.00e+00   -9.00e+00    1.00e+01        CR     16.67      0.36     -9.00     -9.00       ROTSE            quimby05  0  henden05
    050319    2.80e+02    2.85e+02   -9.00e+00   -9.00e+00    5.00e+00        CR     16.43      0.18     -9.00     -9.00       ROTSE            quimby05  0  henden05
    050319    2.94e+02    2.99e+02   -9.00e+00   -9.00e+00    5.00e+00        CR     16.62      0.24     -9.00     -9.00       ROTSE            quimby05  0  henden05
    050319    3.09e+02    3.29e+02   -9.00e+00   -9.00e+00    2.00e+01        CR     16.89      0.13     -9.00     -9.00       ROTSE            quimby05  0  henden05
    050319    3.38e+02    3.58e+02   -9.00e+00   -9.00e+00    2.00e+01        CR     16.67      0.10     -9.00     -9.00       ROTSE            quimby05  0  henden05
    050319    3.68e+02    3.88e+02   -9.00e+00   -9.00e+00    2.00e+01        CR     16.79      0.15     -9.00     -9.00       ROTSE            quimby05  0  henden05
    050319    3.97e+02    4.47e+02   -9.00e+00   -9.00e+00    4.00e+01        CR     16.95      0.15     -9.00     -9.00       ROTSE            quimby05  0  henden05
    050319    4.56e+02    4.76e+02   -9.00e+00   -9.00e+00    2.00e+01        CR     16.96      0.22     -9.00     -9.00       ROTSE            quimby05  0  henden05
    050319    4.86e+02    5.35e+02   -9.00e+00   -9.00e+00    4.00e+01        CR     17.10      0.14     -9.00     -9.00       ROTSE            quimby05  0  henden05
    050319    5.45e+02    5.65e+02   -9.00e+00   -9.00e+00    2.00e+01        CR     17.05      0.18     -9.00     -9.00       ROTSE            quimby05  0  henden05
    050319    5.74e+02    5.94e+02   -9.00e+00   -9.00e+00    2.00e+01        CR     17.07      0.20     -9.00     -9.00       ROTSE            quimby05  0  henden05
    050319    6.04e+02    6.64e+02   -9.00e+00   -9.00e+00    6.00e+01        CR     17.44      0.16     -9.00     -9.00       ROTSE            quimby05  0  henden05
    050319    6.73e+02    7.33e+02   -9.00e+00   -9.00e+00    6.00e+01        CR     17.46      0.20     -9.00     -9.00       ROTSE            quimby05  0  henden05
    050319    7.42e+02    8.02e+02   -9.00e+00   -9.00e+00    6.00e+01        CR     17.45      0.20     -9.00     -9.00       ROTSE            quimby05  0  henden05
    050319    8.12e+02    8.72e+02   -9.00e+00   -9.00e+00    6.00e+01        CR     17.78      0.24     -9.00     -9.00       ROTSE            quimby05  0  henden05
    050319    8.81e+02    9.41e+02   -9.00e+00   -9.00e+00    6.00e+01        CR     17.42      0.16     -9.00     -9.00       ROTSE            quimby05  0  henden05
    050319    9.50e+02    1.08e+03   -9.00e+00   -9.00e+00    1.20e+02        CR     18.00      0.20     -9.00     -9.00       ROTSE            quimby05  0  henden05
    050319    1.09e+03    1.15e+03   -9.00e+00   -9.00e+00    6.00e+01        CR     17.93      0.28     -9.00     -9.00       ROTSE            quimby05  0  henden05
    050319    1.16e+03    1.22e+03   -9.00e+00   -9.00e+00    6.00e+01        CR     18.11      0.34     -9.00     -9.00       ROTSE            quimby05  0  henden05
    050319    1.23e+03    1.29e+03   -9.00e+00   -9.00e+00    6.00e+01        CR     17.99      0.31     -9.00     -9.00       ROTSE            quimby05  0  henden05
    050319    1.30e+03    1.43e+03   -9.00e+00   -9.00e+00    1.20e+02        CR     18.29      0.28     -9.00     -9.00       ROTSE            quimby05  0  henden05
    050319    1.44e+03    1.77e+03   -9.00e+00   -9.00e+00    3.00e+02        CR     18.32      0.21     -9.00     -9.00       ROTSE            quimby05  0  henden05
    050319    1.78e+03    2.05e+03   -9.00e+00   -9.00e+00    2.40e+02        CR     18.29      0.29     -9.00     -9.00       ROTSE            quimby05  0  henden05
    050319    2.06e+03    2.75e+03   -9.00e+00   -9.00e+00    6.00e+02        CR     19.50      0.29     -9.00     -9.00       ROTSE            quimby05  0  henden05
    050319    2.76e+03    3.16e+03   -9.00e+00   -9.00e+00    3.60e+02        CR     18.84      0.25     -9.00     -9.00       ROTSE            quimby05  0  henden05
    050319    3.17e+03    3.72e+03   -9.00e+00   -9.00e+00    4.80e+02        CR     18.70      0.15     -9.00     -9.00       ROTSE            quimby05  0  henden05
    050319    3.73e+03    4.35e+03   -9.00e+00   -9.00e+00    4.20e+02        CR     18.72      0.14     -9.00     -9.00       ROTSE            quimby05  0  henden05
    050319    4.36e+03    4.90e+03   -9.00e+00   -9.00e+00    4.80e+02        CR     18.67      0.31     -9.00     -9.00       ROTSE            quimby05  0  henden05
    050319   -9.00e+00   -9.00e+00    1.02e+02   -9.00e+00    2.50e+01         v     17.03      0.22     -9.00     -9.00        UVOT             mason06  0      Vega
    050319   -9.00e+00   -9.00e+00    1.27e+02   -9.00e+00    2.50e+01         v     16.99      0.21     -9.00     -9.00        UVOT             mason06  0      Vega
    050319   -9.00e+00   -9.00e+00    1.52e+02   -9.00e+00    2.50e+01         v     16.67      0.17     -9.00     -9.00        UVOT             mason06  0      Vega
    050319   -9.00e+00   -9.00e+00    1.77e+02   -9.00e+00    2.50e+01         v     17.28      0.26     -9.00     -9.00        UVOT             mason06  0      Vega
    050319   -9.00e+00   -9.00e+00    3.19e+02   -9.00e+00    2.00e+01         v     17.21      0.28     -9.00     -9.00        UVOT             mason06  0      Vega
    050319   -9.00e+00   -9.00e+00    5.06e+02   -9.00e+00    2.00e+01         v     17.56      0.34     -9.00     -9.00        UVOT             mason06  0      Vega
    050319   -9.00e+00   -9.00e+00    7.88e+02   -9.00e+00    4.00e+01         v     18.70      0.69     -9.00     -9.00        UVOT             mason06  0      Vega
    050319   -9.00e+00   -9.00e+00    1.25e+03   -9.00e+00    1.00e+02         v     18.54      0.35     -9.00     -9.00        UVOT             mason06  0      Vega
    050319   -9.00e+00   -9.00e+00    7.09e+03   -9.00e+00    7.00e+02         v     19.65      0.29     -9.00     -9.00        UVOT             mason06  0      Vega
    050319   -9.00e+00   -9.00e+00    1.87e+04   -9.00e+00    6.89e+02         v     20.35      0.57     -9.00     -9.00        UVOT             mason06  0      Vega
    050319   -9.00e+00   -9.00e+00    3.02e+04   -9.00e+00    7.26e+02         v     20.07      0.42     -9.00     -9.00        UVOT             mason06  0      Vega
    050319   -9.00e+00   -9.00e+00    4.18e+04   -9.00e+00    7.18e+02         v     20.09      0.43     -9.00     -9.00        UVOT             mason06  0      Vega
    050319   -9.00e+00   -9.00e+00    2.43e+02   -9.00e+00    1.00e+01         b     18.24      0.38     -9.00     -9.00        UVOT             mason06  0      Vega
    050319   -9.00e+00   -9.00e+00    3.33e+02   -9.00e+00    1.00e+01         b     18.17      0.36     -9.00     -9.00        UVOT             mason06  0      Vega
    050319   -9.00e+00   -9.00e+00    4.28e+02   -9.00e+00    1.00e+01         b     18.73      0.52     -9.00     -9.00        UVOT             mason06  0      Vega
    050319   -9.00e+00   -9.00e+00    5.22e+02   -9.00e+00    1.00e+01         b     19.19      0.86     -9.00     -9.00        UVOT             mason06  0      Vega
    050319   -9.00e+00   -9.00e+00    7.56e+02   -9.00e+00    4.00e+01         b     19.42      0.48     -9.00     -9.00        UVOT             mason06  0      Vega
    050319   -9.00e+00   -9.00e+00    1.04e+03   -9.00e+00    1.00e+02         b     18.76      0.17     -9.00     -9.00        UVOT             mason06  0      Vega
    050319   -9.00e+00   -9.00e+00    1.64e+03   -9.00e+00    2.60e+01         b     19.50    100.00     -9.00     -9.00        UVOT             mason06  1      Vega
    050319   -9.00e+00   -9.00e+00    5.37e+03   -9.00e+00    9.00e+02         b     20.63      0.25     -9.00     -9.00        UVOT             mason06  0      Vega
    050319   -9.00e+00   -9.00e+00    1.70e+04   -9.00e+00    9.00e+02         b     21.54      0.60     -9.00     -9.00        UVOT             mason06  0      Vega
    050319   -9.00e+00   -9.00e+00    2.85e+04   -9.00e+00    8.97e+02         b     21.27      0.47     -9.00     -9.00        UVOT             mason06  0      Vega
    050319   -9.00e+00   -9.00e+00    4.01e+04   -9.00e+00    9.00e+02         b     21.50    100.00     -9.00     -9.00        UVOT             mason06  1      Vega
    050319   -9.00e+00   -9.00e+00    5.16e+04   -9.00e+00    9.00e+02         b     21.50    100.00     -9.00     -9.00        UVOT             mason06  1      Vega
    050319    5.20e+03   -9.00e+00   -9.00e+00    1.00e-03   -9.00e+00        BJ     20.44      0.12     -9.00     -9.00        Kiso             huang07  0  henden05
    050319    1.51e+04   -9.00e+00   -9.00e+00    1.00e-03   -9.00e+00        BJ     21.04      0.16     -9.00     -9.00        Kiso             huang07  0  henden05
    050319    1.96e+04   -9.00e+00   -9.00e+00    1.00e-03   -9.00e+00        BJ     21.41      0.26     -9.00     -9.00        Kiso             huang07  0  henden05
    050319    2.40e+04   -9.00e+00   -9.00e+00    1.00e-03   -9.00e+00        BJ     20.92      0.12     -9.00     -9.00        Kiso             huang07  0  henden05
    050319    7.29e+03   -9.00e+00   -9.00e+00    1.00e-03   -9.00e+00        BJ     20.61      0.09     -9.00     -9.00       Lulin             huang07  0  henden05
    050319    1.15e+04   -9.00e+00   -9.00e+00    1.00e-03   -9.00e+00        BJ     20.90      0.12     -9.00     -9.00       Lulin             huang07  0  henden05
    050319    1.89e+04   -9.00e+00   -9.00e+00    1.00e-03   -9.00e+00        BJ     21.09      0.07     -9.00     -9.00       Lulin             huang07  0  henden05
    050319    2.58e+04   -9.00e+00   -9.00e+00    1.00e-03   -9.00e+00        BJ     21.00      0.10     -9.00     -9.00       Lulin             huang07  0  henden05
    050319    6.94e+03   -9.00e+00   -9.00e+00    1.00e-03   -9.00e+00        VJ     19.75      0.07     -9.00     -9.00       Lulin             huang07  0  henden05
    050319    8.33e+03   -9.00e+00   -9.00e+00    1.00e-03   -9.00e+00        VJ     19.66      0.06     -9.00     -9.00       Lulin             huang07  0  henden05
    050319    1.12e+04   -9.00e+00   -9.00e+00    1.00e-03   -9.00e+00        VJ     19.96      0.08     -9.00     -9.00       Lulin             huang07  0  henden05
    050319    1.26e+04   -9.00e+00   -9.00e+00    1.00e-03   -9.00e+00        VJ     20.01      0.08     -9.00     -9.00       Lulin             huang07  0  henden05
    050319    1.40e+04   -9.00e+00   -9.00e+00    1.00e-03   -9.00e+00        VJ     20.08      0.09     -9.00     -9.00       Lulin             huang07  0  henden05
    050319    1.54e+04   -9.00e+00   -9.00e+00    1.00e-03   -9.00e+00        VJ     20.16      0.11     -9.00     -9.00       Lulin             huang07  0  henden05
    050319    1.68e+04   -9.00e+00   -9.00e+00    1.00e-03   -9.00e+00        VJ     20.15      0.09     -9.00     -9.00       Lulin             huang07  0  henden05
    050319    1.82e+04   -9.00e+00   -9.00e+00    1.00e-03   -9.00e+00        VJ     20.28      0.08     -9.00     -9.00       Lulin             huang07  0  henden05
    050319    2.22e+04   -9.00e+00   -9.00e+00    1.00e-03   -9.00e+00        VJ     20.42      0.11     -9.00     -9.00       Lulin             huang07  0  henden05
    050319    2.64e+04   -9.00e+00   -9.00e+00    1.00e-03   -9.00e+00        VJ     20.81      0.16     -9.00     -9.00       Lulin             huang07  0  henden05
    050319    3.03e+04   -9.00e+00   -9.00e+00    1.00e-03   -9.00e+00        VJ     20.44      0.08     -9.00     -9.00       Lulin             huang07  0  henden05
    050319    3.06e+04   -9.00e+00   -9.00e+00    1.00e-03   -9.00e+00        VJ     20.36      0.09     -9.00     -9.00       Lulin             huang07  0  henden05
    050319    3.10e+04   -9.00e+00   -9.00e+00    1.00e-03   -9.00e+00        VJ     20.55      0.10     -9.00     -9.00       Lulin             huang07  0  henden05
    050319    3.13e+04   -9.00e+00   -9.00e+00    1.00e-03   -9.00e+00        VJ     20.37      0.08     -9.00     -9.00       Lulin             huang07  0  henden05
    050319    3.40e+04   -9.00e+00   -9.00e+00    1.00e-03   -9.00e+00        VJ     20.62      0.06     -9.00     -9.00       Lulin             huang07  0  henden05
    050319    3.43e+04   -9.00e+00   -9.00e+00    1.00e-03   -9.00e+00        VJ     20.42      0.06     -9.00     -9.00       Lulin             huang07  0  henden05
    050319    3.46e+04   -9.00e+00   -9.00e+00    1.00e-03   -9.00e+00        VJ     20.68      0.12     -9.00     -9.00       Lulin             huang07  0  henden05
    050319    4.70e+03   -9.00e+00   -9.00e+00    1.00e-03   -9.00e+00        RC     19.01      0.08     -9.00     -9.00        Kiso             huang07  0  henden05
    050319    7.11e+03   -9.00e+00   -9.00e+00    1.00e-03   -9.00e+00        RC     19.24      0.03     -9.00     -9.00        Kiso             huang07  0  henden05
    050319    7.63e+03   -9.00e+00   -9.00e+00    1.00e-03   -9.00e+00        RC     19.34      0.04     -9.00     -9.00        Kiso             huang07  0  henden05
    050319    1.46e+04   -9.00e+00   -9.00e+00    1.00e-03   -9.00e+00        RC     19.57      0.05     -9.00     -9.00        Kiso             huang07  0  henden05
    050319    1.92e+04   -9.00e+00   -9.00e+00    1.00e-03   -9.00e+00        RC     19.69      0.09     -9.00     -9.00        Kiso             huang07  0  henden05
    050319    2.36e+04   -9.00e+00   -9.00e+00    1.00e-03   -9.00e+00        RC     19.83      0.11     -9.00     -9.00        Kiso             huang07  0  henden05
    050319    2.82e+04   -9.00e+00   -9.00e+00    1.00e-03   -9.00e+00        RC     20.05      0.12     -9.00     -9.00        Kiso             huang07  0  henden05
    050319    7.30e+03   -9.00e+00   -9.00e+00    1.00e-03   -9.00e+00        RC     19.21      0.04     -9.00     -9.00       Lulin             huang07  0  henden05
    050319    8.68e+03   -9.00e+00   -9.00e+00    1.00e-03   -9.00e+00        RC     19.43      0.05     -9.00     -9.00       Lulin             huang07  0  henden05
    050319    1.15e+04   -9.00e+00   -9.00e+00    1.00e-03   -9.00e+00        RC     19.57      0.06     -9.00     -9.00       Lulin             huang07  0  henden05
    050319    1.43e+04   -9.00e+00   -9.00e+00    1.00e-03   -9.00e+00        RC     19.64      0.05     -9.00     -9.00       Lulin             huang07  0  henden05
    050319    1.57e+04   -9.00e+00   -9.00e+00    1.00e-03   -9.00e+00        RC     19.88      0.08     -9.00     -9.00       Lulin             huang07  0  henden05
    050319    1.85e+04   -9.00e+00   -9.00e+00    1.00e-03   -9.00e+00        RC     19.74      0.07     -9.00     -9.00       Lulin             huang07  0  henden05
    050319    2.29e+04   -9.00e+00   -9.00e+00    1.00e-03   -9.00e+00        RC     20.00      0.09     -9.00     -9.00       Lulin             huang07  0  henden05
    050319    2.36e+04   -9.00e+00   -9.00e+00    1.00e-03   -9.00e+00        RC     19.84      0.06     -9.00     -9.00       Lulin             huang07  0  henden05
    050319    2.75e+04   -9.00e+00   -9.00e+00    1.00e-03   -9.00e+00        RC     20.04      0.09     -9.00     -9.00       Lulin             huang07  0  henden05
    050319    3.20e+04   -9.00e+00   -9.00e+00    1.00e-03   -9.00e+00        RC     20.04      0.06     -9.00     -9.00       Lulin             huang07  0  henden05
    050319    3.23e+04   -9.00e+00   -9.00e+00    1.00e-03   -9.00e+00        RC     19.98      0.05     -9.00     -9.00       Lulin             huang07  0  henden05
    050319    3.50e+04   -9.00e+00   -9.00e+00    1.00e-03   -9.00e+00        RC     20.05      0.05     -9.00     -9.00       Lulin             huang07  0  henden05
    050319    3.54e+04   -9.00e+00   -9.00e+00    1.00e-03   -9.00e+00        RC     20.13      0.05     -9.00     -9.00       Lulin             huang07  0  henden05
    050319    3.57e+04   -9.00e+00   -9.00e+00    1.00e-03   -9.00e+00        RC     20.20      0.07     -9.00     -9.00       Lulin             huang07  0  henden05
    050319    9.02e+03   -9.00e+00   -9.00e+00    1.00e-03   -9.00e+00        IC     19.09      0.07     -9.00     -9.00       Lulin             huang07  0  henden05
    050319    1.19e+04   -9.00e+00   -9.00e+00    1.00e-03   -9.00e+00        IC     19.04      0.06     -9.00     -9.00       Lulin             huang07  0  henden05
    050319    1.33e+04   -9.00e+00   -9.00e+00    1.00e-03   -9.00e+00        IC     19.14      0.06     -9.00     -9.00       Lulin             huang07  0  henden05
    050319    1.47e+04   -9.00e+00   -9.00e+00    1.00e-03   -9.00e+00        IC     19.14      0.06     -9.00     -9.00       Lulin             huang07  0  henden05
    050319    1.61e+04   -9.00e+00   -9.00e+00    1.00e-03   -9.00e+00        IC     19.23      0.06     -9.00     -9.00       Lulin             huang07  0  henden05
    050319    1.75e+04   -9.00e+00   -9.00e+00    1.00e-03   -9.00e+00        IC     19.40      0.07     -9.00     -9.00       Lulin             huang07  0  henden05
    050319    1.89e+04   -9.00e+00   -9.00e+00    1.00e-03   -9.00e+00        IC     19.31      0.05     -9.00     -9.00       Lulin             huang07  0  henden05
    050319    2.40e+04   -9.00e+00   -9.00e+00    1.00e-03   -9.00e+00        IC     19.12      0.06     -9.00     -9.00       Lulin             huang07  0  henden05
    050319    2.46e+04   -9.00e+00   -9.00e+00    1.00e-03   -9.00e+00        IC     19.49      0.08     -9.00     -9.00       Lulin             huang07  0  henden05
    050319    2.89e+04   -9.00e+00   -9.00e+00    1.00e-03   -9.00e+00        IC     19.91      0.09     -9.00     -9.00       Lulin             huang07  0  henden05
    050319    3.30e+04   -9.00e+00   -9.00e+00    1.00e-03   -9.00e+00        IC     19.93      0.08     -9.00     -9.00       Lulin             huang07  0  henden05
    050319    2.22e+04   -9.00e+00   -9.00e+00   -9.00e+00    2.00e+01         J     13.12      0.08     -9.00     -9.00      Mt.Abu            george06  0      SDSS
    050319    2.22e+04   -9.00e+00   -9.00e+00   -9.00e+00    6.00e+01         J     14.55      0.10     -9.00     -9.00      Mt.Abu            george06  0      SDSS
    050319    2.23e+04   -9.00e+00   -9.00e+00   -9.00e+00    6.00e+01         J     14.81      0.20     -9.00     -9.00      Mt.Abu            george06  0      SDSS
    050319    2.23e+04   -9.00e+00   -9.00e+00   -9.00e+00    6.00e+01         J     14.79      0.20     -9.00     -9.00      Mt.Abu            george06  0      SDSS
    050319    2.24e+04   -9.00e+00   -9.00e+00   -9.00e+00    6.00e+01         J     15.29      0.28     -9.00     -9.00      Mt.Abu            george06  0      SDSS
    050319    2.24e+04   -9.00e+00   -9.00e+00   -9.00e+00    6.00e+01         J     15.50    100.00     -9.00     -9.00      Mt.Abu            george06  1      SDSS
    050319    3.06e+04   -9.00e+00   -9.00e+00   -9.00e+00    1.80e+03        BJ     21.02      0.14     -9.00     -9.00       ARIES            kamble07  0  henden05
    050319    3.02e+04   -9.00e+00   -9.00e+00   -9.00e+00    6.00e+02        VJ     20.23      0.20     -9.00     -9.00       ARIES            kamble07  0  henden05
    050319    3.97e+04   -9.00e+00   -9.00e+00   -9.00e+00    6.00e+02        VJ     20.60      0.21     -9.00     -9.00       ARIES            kamble07  0  henden05
    050319    2.58e+04   -9.00e+00   -9.00e+00   -9.00e+00    3.00e+02        RC     19.46      0.16     -9.00     -9.00       ARIES            kamble07  0  henden05
    050319    2.62e+04   -9.00e+00   -9.00e+00   -9.00e+00    3.00e+02        RC     19.25      0.10     -9.00     -9.00       ARIES            kamble07  0  henden05
    050319    2.81e+04   -9.00e+00   -9.00e+00   -9.00e+00    3.00e+02        RC     19.98      0.11     -9.00     -9.00       ARIES            kamble07  0  henden05
    050319    3.09e+04   -9.00e+00   -9.00e+00   -9.00e+00    3.00e+02        RC     20.06      0.13     -9.00     -9.00       ARIES            kamble07  0  henden05
    050319    3.38e+04   -9.00e+00   -9.00e+00   -9.00e+00    3.00e+02        RC     20.03      0.16     -9.00     -9.00       ARIES            kamble07  0  henden05
    050319    2.73e+04   -9.00e+00   -9.00e+00   -9.00e+00    3.00e+02        IC     19.59      0.19     -9.00     -9.00       ARIES            kamble07  0  henden05
    050319    3.13e+04   -9.00e+00   -9.00e+00   -9.00e+00    3.00e+02        IC     19.66      0.25     -9.00     -9.00       ARIES            kamble07  0  henden05
    050319   -9.00e+00   -9.00e+00    2.86e+04    1.00e-03   -9.00e+00        BJ     21.09      0.08     -9.00     -9.00         MAO              kann10  0       NNN
    050319   -9.00e+00   -9.00e+00    4.30e+04    1.00e-03   -9.00e+00        BJ     21.42      0.07     -9.00     -9.00         MAO              kann10  0       NNN
    050319   -9.00e+00   -9.00e+00    5.72e+04    1.00e-03   -9.00e+00        BJ     21.81      0.16     -9.00     -9.00         NOT              kann10  0       NNN
    050319   -9.00e+00   -9.00e+00    3.15e+05    1.00e-03   -9.00e+00        BJ     22.50    100.00     -9.00     -9.00         NOT              kann10  1       NNN
    050319   -9.00e+00   -9.00e+00    8.95e+05    1.00e-03   -9.00e+00        BJ     22.60    100.00     -9.00     -9.00         MAO              kann10  1       NNN
    050319   -9.00e+00   -9.00e+00    9.79e+05    1.00e-03   -9.00e+00        BJ     22.70    100.00     -9.00     -9.00         MAO              kann10  1       NNN
    050319   -9.00e+00   -9.00e+00    4.01e+05    1.00e-03   -9.00e+00        VJ     22.99      0.12     -9.00     -9.00         TNG              kann10  0       NNN
    050319   -9.00e+00   -9.00e+00    2.91e+04    1.00e-03   -9.00e+00        RC     19.96      0.03     -9.00     -9.00         MAO              kann10  0       NNN
    050319   -9.00e+00   -9.00e+00    3.28e+04    1.00e-03   -9.00e+00        RC     20.09      0.04     -9.00     -9.00      RTT150              kann10  0       NNN
    050319   -9.00e+00   -9.00e+00    3.86e+04    1.00e-03   -9.00e+00        RC     20.18      0.06     -9.00     -9.00         MAO              kann10  0       NNN
    050319   -9.00e+00   -9.00e+00    5.58e+04    1.00e-03   -9.00e+00        RC     20.43      0.05     -9.00     -9.00         NOT              kann10  0       NNN
    050319   -9.00e+00   -9.00e+00    1.28e+05    1.00e-03   -9.00e+00        RC     20.90      0.13     -9.00     -9.00         NOT              kann10  0       NNN
    050319   -9.00e+00   -9.00e+00    1.31e+05    1.00e-03   -9.00e+00        RC     21.22      0.09     -9.00     -9.00         MAO              kann10  0       NNN
    050319   -9.00e+00   -9.00e+00    1.40e+05    1.00e-03   -9.00e+00        RC     21.10    100.00     -9.00     -9.00      RTT150              kann10  1       NNN
    050319   -9.00e+00   -9.00e+00    2.03e+05    1.00e-03   -9.00e+00        RC     21.10    100.00     -9.00     -9.00      RTT150              kann10  1       NNN
    050319   -9.00e+00   -9.00e+00    2.14e+05    1.00e-03   -9.00e+00        RC     21.31      0.09     -9.00     -9.00         MAO              kann10  0       NNN
    050319   -9.00e+00   -9.00e+00    2.92e+05    1.00e-03   -9.00e+00        RC     21.77      0.13     -9.00     -9.00         MAO              kann10  0       NNN
    050319   -9.00e+00   -9.00e+00    3.16e+05    1.00e-03   -9.00e+00        RC     21.83      0.20     -9.00     -9.00         NOT              kann10  0       NNN
    050319   -9.00e+00   -9.00e+00    4.08e+05    1.00e-03   -9.00e+00        RC     22.38      0.12     -9.00     -9.00         NOT              kann10  0       NNN
    050319   -9.00e+00   -9.00e+00    4.87e+05    1.00e-03   -9.00e+00        RC     22.32      0.25     -9.00     -9.00         NOT              kann10  0       NNN
    050319   -9.00e+00   -9.00e+00    6.57e+05    1.00e-03   -9.00e+00        RC     23.41      0.15     -9.00     -9.00         NOT              kann10  0       NNN
    050319   -9.00e+00   -9.00e+00    8.07e+05    1.00e-03   -9.00e+00        RC     20.50    100.00     -9.00     -9.00         MAO              kann10  1       NNN
    050319   -9.00e+00   -9.00e+00    8.93e+05    1.00e-03   -9.00e+00        RC     23.50    100.00     -9.00     -9.00         MAO              kann10  1       NNN
    050319   -9.00e+00   -9.00e+00    9.77e+05    1.00e-03   -9.00e+00        RC     23.40    100.00     -9.00     -9.00         MAO              kann10  1       NNN
    050319   -9.00e+00   -9.00e+00    9.94e+05    1.00e-03   -9.00e+00        RC     24.30      0.30     -9.00     -9.00         TNG              kann10  0       NNN
    050319   -9.00e+00   -9.00e+00    1.69e+06    1.00e-03   -9.00e+00        RC     24.70    100.00     -9.00     -9.00         NOT              kann10  1       NNN
    050319   -9.00e+00   -9.00e+00    5.79e+04    1.00e-03   -9.00e+00        IC     20.19      0.05     -9.00     -9.00         NOT              kann10  0       NNN
    050319   -9.00e+00   -9.00e+00    3.18e+05    1.00e-03   -9.00e+00        IC     21.61      0.11     -9.00     -9.00         NOT              kann10  0       NNN
    050319   -9.00e+00   -9.00e+00    4.05e+05    1.00e-03   -9.00e+00        IC     21.93      0.05     -9.00     -9.00         TNG              kann10  0       NNN
    050319   -9.00e+00   -9.00e+00    5.65e+05    1.00e-03   -9.00e+00        KS     20.17      0.27     -9.00     -9.00         NOT              kann10  0       NNN