#T-T0(days)		Magnitude ±error	Band 
0.07464 		22.19	0.25 	uvw2
6.24391 		24.03	0.30 	uvw2 
8.33782 		23.54	0.22 	uvw2 
0.01117 		21.56	0.34 	uvm2 
0.06275 		21.78	0.22 	uvm2 
0.07939 		21.55	0.20 	uvm2 
5.25524 		23.07	0.19 	uvm2 
7.89360 		23.59	0.23 	uvm2 
0.01145 		21.42	0.32 	uvw1 
0.06513 		22.01	0.29 	uvw1 
0.08176 		21.77	0.29 	uvw1 
2.59007 		22.25	0.11 	uvw1 
6.43383 		23.52	0.31 	uvw1 
8.35208 		23.68	0.30 	uvw1
2.3256 			21.55	0.05 	u 
4.2138 			21.68	0.06 	u 
90.1587 		23.17	0.06 	u 
0.07524 		20.98	0.19 	u 
5.76062 		22.32	0.36 	u 
7.94797 		23.03	0.23 	u 
0.06988 		20.27	0.20 	b 
6.90466 		22.27	0.34 	b 
8.55971 		22.24	0.36 	b 
1067.3543 		23.23	0.10 	B 
1.50975 		20.45	0.09 	g 
2.3355 			21.05	0.02 	g 
4.2347 			21.56	0.06 	g 
17.7392 		22.71	0.06 	g 
28.3172 		22.94	0.04 	g 
90.1744 		23.01	0.04 	g 
2647.101 		22.99	0.09 	g 
6.5145 			21.86	0.04 	V 
0.34872 		18.79	0.04 	r 
1.44281 		19.85	0.07 	r 
1.50698 		19.98	0.08 	r 
2.3394 			20.59	0.04 	r 
2.46029 		20.66	0.09 	r 
4.2391 			21.09	0.04 	r 
28.3049 		22.23	0.04 	r 
90.1826 		22.34	0.04 	r 
2646.1457 		22.43	0.05 	r 
0.02276 		20.55	0.05 	RC 
0.06085 		21.44	0.26 	RC 
0.09378 		19.07	0.04 	RC 
0.09825 		18.97	0.09 	RC 
0.10723 		18.87	0.18 	RC 
0.11173 		18.71	0.03 	RC 
0.11637 		18.73	0.03 	RC 
1.14583 		19.33	0.09 	RC 
2.14583 		20.46	0.07 	RC 
2.15417 		20.44	0.09 	RC 
2.16250 		20.49	0.05 	RC 
2.20833 		20.50	0.03 	RC 
5.12917 		20.95	0.20 	RC 
6.5172 			21.52	0.06 	RC 
9.16667 		21.66	0.09 	RC 
13.06250 		21.98	0.08 	RC 
14.10417 		21.98	0.05 	RC 
15.13750 		21.96	0.03 	RC 
16.10417 		21.95	0.03 	RC 
17.7395 		22.02	0.06 	RC
18.14583 		22.11	0.06 	RC 
21.12500 		22.11	0.05 	RC 
22.10417 		22.12	0.05 	RC 
25.6361 		22.31	0.05 	RC 
57.07083 		22.24	0.06 	RC 
106.96389 		22.31	0.05 	RC 
1.51242 		19.63	0.07 	i 
2.3419 			20.22	0.03 	i 
4.2435 			20.66	0.03 	i 
28.3131 		21.86	0.04 	i 
90.1961 		22.07	0.04 	i 
2646.1187 		21.90	0.06 	i 
6.5197 			21.06	0.03 	IC 
15.3697 		21.40	0.03 	IC 
1067.7231 		21.98	0.06 	IC 