71640.	18.81  0.10 V			9937
72000.	18.24  0.04 I			9937
72000.	18.06  0.03 R			9937
46978.5	18.78	0.04	White_swift	9938
80100.	17.9	?	R		9942
47159.	18.71	0.04	white_swift	9948
70135.5	19.32	0.05	white_swift	9948
47530.	18.45	0.16	v_swift		9948
46790.	18.21	0.07	u_swift		9948
69662.5	18.85	0.09	u_swift		9948
86331.5	18.52	0.07	u_swift		9948
86400	17.8	?	R		9953
93600.	18.0	?	R		9953
354240.	20.09	0.58	R		9982
527040.	20.40	0.58	R		9984
959040.	21.45	0.60	R		10003
1.97856e6  23.7	?	r'		10049
74160.	18.17	0.06	I		10113
258264.	19.53	0.07	I		10113
429048.	20.33	0.10	I		10113