Time (s)     Err_Time (s)     Flux (erg/cm^2/s/A)    Err_Flux (Jy)
             61.0000               0.0010    7.4474373654327946e-03    2.7437374003708669e-04
             80.0000               0.0010    5.1051306025210663e-03    2.8211995107731082e-04
             84.0000               0.0010    4.7939075730187835e-03    9.8327641063959475e-04
            100.0000               0.0010    3.4578333163341876e-03    4.3863009381397370e-04
            100.0000               0.0010    3.5318874420207972e-03    1.9517931859792492e-04
            110.0000               0.0010    2.8634081267008976e-03    3.4566213467914837e-04
            119.0000               0.0010    3.0199993782812715e-03    2.2252178398295420e-04
            120.0000               0.0010    2.4800912052175060e-03    3.0077796190158758e-04
            130.0000               0.0010    2.3289536844329759e-03    2.8302131629895507e-04
            138.0000               0.0010    2.1281726190608423e-03    1.9601194756147924e-04
            140.0000               0.0010    2.2874881437191402e-03    2.7814332846165036e-04
            150.0000               0.0010    2.1480859342751422e-03    2.6172295765040568e-04
            157.0000               0.0010    1.9409164939401399e-03    2.1451802468878297e-04
            160.0000               0.0010    1.8605273149745790e-03    2.4027209698403398e-04
            170.0000               0.0010    1.8274018081669695e-03    2.2381523099177045e-04
            176.0000               0.0010    1.7378282386859600e-03    1.9207188056530393e-04
            180.0000               0.0010    1.6406730698351659e-03    2.1265423192536037e-04
            190.0000               0.0010    1.3464816783619251e-03    1.8486372879919052e-04
            195.0000               0.0010    1.5417247670888713e-03    1.7039772328292590e-04
            202.0000               0.0010    1.2353432534336565e-03    2.6915298411787903e-04
            214.0000               0.0010    1.5275901492543599e-03    1.8290513317109486e-04
            233.0000               0.0010    1.5703875709375161e-03    2.0249326244893494e-04
            248.0000               0.0010    1.0568341703230495e-03    1.3627323787876729e-04
            252.0000               0.0010    1.2464866967751911e-03    2.1603142648562963e-04
            277.0000               0.0010    9.5500764038240077e-04    1.3193918518465030e-04
            302.0000               0.0010    1.0894006923651103e-03    2.0501929254390923e-04
            306.0000               0.0010    8.9537887908626966e-04    1.3194791161071423e-04
            336.0000               0.0010    8.7097731850108867e-04    1.2835196464964379e-04
            365.0000               0.0010    6.7298726147831708e-04    1.3016728037585292e-04
            394.0000               0.0010    6.4864465478592175e-04    1.1948476446054398e-04
            423.0000               0.0010    6.7298726147831708e-04    1.1157195460787394e-04
            452.0000               0.0010    7.0470417445212625e-04    1.2981130990212845e-04
            481.0000               0.0010    6.1377167637430502e-04    1.1871397046932884e-04
            500.0000               0.0010    5.2165868490223609e-04    9.9866505332647305e-05
            510.0000               0.0010    5.1051304273579546e-04    1.2225197460555702e-04
            542.0000               0.0010    4.3252064401359385e-04    9.9591561598822082e-05
            571.0000               0.0010    5.0119512945316744e-04    1.0617209096240105e-04
            601.0000               0.0010    3.4995067827672723e-04    1.0958760840610694e-04
            633.0000               0.0010    5.8902705480129382e-04    1.4978084072078340e-04
            695.0000               0.0010    4.4463827150520668e-04    1.1466755834420323e-04
            720.0000               0.0010    4.2264257222308070e-04    1.2031374803197353e-04
            724.0000               0.0010    3.0761452539442512e-04    1.0199644429714148e-04
            753.0000               0.0010    3.4356335846232055e-04    1.0442307354177151e-04
            783.0000               0.0010    3.3395076241239923e-04    1.3207272932527268e-04
            820.0000               0.0010    4.1886304035401419e-04    1.2997971557728664e-04
            825.0000               0.0010    2.6303094045089954e-04    6.5410323110699057e-05
            855.2000               0.0010    2.9923117544769143e-04    1.3780105275599321e-05
            894.0000               0.0010    3.0479429843199266e-04    6.7374223507475639e-05
            964.0000               0.0010    2.6546473581396827e-04    6.6015557387741713e-05
           1034.0000               0.0010    2.7555407508412063e-04    7.7593224011264901e-05
           1063.0000               0.0010    2.2427746401051870e-04    7.5597336583406669e-05
           1112.6000               0.0010    2.2477729302558934e-04    2.4278672804515849e-05
           1201.6000               0.0010    2.1877960634559480e-04    1.2090208193391232e-05
           1211.0000               0.0010    1.3677503466612558e-04    4.5350807757454157e-05
           1291.7000               0.0010    2.1468239737412899e-04    2.3241483092775737e-05
           1384.7000               0.0010    2.0156913681979648e-04    2.7339554013493901e-05
           1385.0000               0.0010    2.0371848421066766e-04    6.8114791332776276e-05
           1420.0000               0.0010    1.3552107359241319e-04    4.2438638544019773e-05
           1478.0000               0.0010    1.9952937214335803e-04    1.1026400907309291e-05
           1567.7000               0.0010    1.7219004320903820e-04    2.6753937889519679e-05
           1662.6000               0.0010    1.4182475230814978e-04    2.2500219514932247e-05
           1941.5000               0.0010    1.5849181340647352e-04    7.2988179483445567e-06
           2027.7000               0.0010    1.2143481981685942e-04    1.3520759131173119e-05
           2118.1000               0.0010    1.2231204651160825e-04    1.6978182688612094e-05
           2177.0000               0.0010    1.3677503466612558e-04    8.8182126195049755e-06
           2204.5000               0.0010    1.1372240415125686e-04    1.0637396594102771e-05
           2293.1000               0.0010    1.3182774804601597e-04    6.0708923246429669e-06
           2387.7000               0.0010    1.1705189054168923e-04    1.3056102330945827e-05
           2461.0000               0.0010    1.1376451831432351e-04    6.2868597965586192e-06
           2482.5000               0.0010    1.1896412992512667e-04    1.6534525209418838e-05
           2522.0000               0.0010    1.0000157302256421e-04    9.2104855178591591e-06
           2522.0000               0.0010    9.2720642208299797e-05    2.7106031711207063e-05
           2569.4000               0.0010    1.0674541547346948e-04    1.1556450578217726e-05
           2652.0000               0.0010    9.8176338586716935e-05    5.4254251253349365e-06
           2663.9000               0.0010    9.8176338586716935e-05    6.3296626462240935e-06
           2750.7000               0.0010    9.4750439069606328e-05    1.1061043130494498e-05
           2846.7000               0.0010    1.1150450965133293e-04    1.5543834160231198e-05
           2864.0000               0.0010    1.4588372159617618e-04    5.3745550772478224e-05
           2874.0000               0.0010    9.2046404949566764e-05    5.0866724640482792e-06
           2934.7000               0.0010    1.0019647236307292e-04    1.1626583116125464e-05
           3031.7000               0.0010    8.6299212071919211e-05    6.3587611191813371e-06
           3100.0000               0.0010    9.3757675408705910e-05    3.4541605114358543e-05
           3119.2000               0.0010    8.2549268706341044e-05    9.6964810893219629e-06
           3125.0000               0.0010    8.6299212071919211e-05    4.7690708393860035e-06
           3210.7000               0.0010    7.3535394983809935e-05    1.1935615411571201e-05
           3299.1000               0.0010    6.7299963538474926e-05    1.0013832126025085e-05
           3397.8000               0.0010    7.1122469759073831e-05    5.8955595609107516e-06
           3402.0000               0.0010    7.5858950450223249e-05    4.1921206441270100e-06
           3486.3000               0.0010    8.8034242301210743e-05    1.0310993657217164e-05
           3582.1000               0.0010    6.9564942284502013e-05    1.1726328666389458e-05
           3670.8000               0.0010    6.9779399732006553e-05    9.8068924822247175e-06
           3683.0000               0.0010    7.1780557879098583e-05    3.9667403351351966e-06
           3760.7000               0.0010    6.9184184977814743e-05    5.7348891931264273e-06
           3787.0000               0.0010    7.3791583418706357e-05    2.9224761635874445e-05
           3849.1000               0.0010    6.5004351304535026e-05    8.3397175416373584e-06
           3942.0000               0.0010    7.2187371649180200e-05    1.1724323228018667e-05
           4018.0000               0.0010    7.4474368543719121e-05    3.4296715151113426e-06
           4031.1000               0.0010    6.4324145945813854e-05    9.5751942095656476e-06
           4121.5000               0.0010    5.8614737993376430e-05    5.9384787360216408e-06
           4217.5000               0.0010    6.9323555533046811e-05    8.5220833746991606e-06
           4310.6000               0.0010    4.5035939426554822e-05    9.1888336456946398e-06
           4400.4000               0.0010    5.1772510783326325e-05    9.0195290132192518e-06
           4551.8000               0.0010    6.4864463253015098e-05    4.1819666126307790e-06
           4709.4000               0.0010    5.5602257887203820e-05    7.8034572343358015e-06
           4930.9000               0.0010    4.1823273874906656e-05    6.9218316906192445e-06
           5309.4000               0.0010    5.2967177060121159e-05    4.3906116897945638e-06
           5468.0000               0.0010    4.1435675740910905e-05    5.6307470767050137e-06
           5689.1000               0.0010    3.5736928631065943e-05    6.3724292512176338e-06
           6073.3000               0.0010    4.1687593548446696e-05    4.2235263061542386e-06
           6092.8000               0.0010    4.5204037482155085e-05    4.6385699455051574e-06
           6234.1000               0.0010    4.3784624160425736e-05    5.4849946190000111e-06
           6457.4000               0.0010    4.3399869746777165e-05    6.9336714738022837e-06
           6903.4000               0.0010    3.0479428797413725e-05    3.6494369814383971e-06
           7116.5000               0.0010    4.6132482587150896e-05    3.8240629115741208e-06
           7332.1000               0.0010    3.9084703833642905e-05    3.2398509240801589e-06
           7551.9000               0.0010    2.7150636983082142e-05    3.7440021129777916e-06
           7766.0000               0.0010    2.7909600707337317e-05    4.1731860959277588e-06
           7979.4000               0.0010    2.8954656924989254e-05    4.1493118460755412e-06
           8602.8000               0.0010    1.7691848848418341e-05    3.5649365646279720e-06
           9322.4000               0.0010    2.9283758967420423e-05    3.4639585336391021e-06
          82747.0000               0.0010    2.2284700767436918e-06    3.2839949610310977e-07
          92160.0000               0.0010    1.7235536449998619e-06    5.2300374665193103e-07
        1113287.0000               0.0010    3.0199989638021903e-07    5.5630438360751507e-08
        1278472.0000               0.0010    3.3612467447949819e-07    5.4245746100821677e-08
       34343882.0000               0.0010    1.6904673618791398e-07    3.8924450597112603e-08
