read serr 2
skip single
!Main filter is gg
!
/Users/elena/Desktop/ANALISIOTTICA2011/ANALISI/LC_FIT/091127_LC/comb/091127_IC_combLC.dat
       8024.1000       17.131631     0.021402559
       13743.800       17.422703     0.028182573
       19515.300       17.692983     0.028382671
       100554.90       19.959182     0.038048070
       110840.80       19.979973     0.038061081
       363807.90       22.079845     0.066870873
       532489.20       22.194195     0.057350168
       793240.80       22.454080     0.032148483
       795062.30       22.485266     0.076799080
       968336.60       22.422894     0.076777329
       1138734.7       22.402103     0.076770091
       1560669.8       22.402103     0.026581029
       1743120.0       22.443685     0.076784573
       1913474.9       22.391708     0.066994426
       2085264.0       22.412498     0.076773709
       4070512.1       23.005037     0.032609717
       6576561.4       23.192154     0.027377160
       8816327.6       23.431248     0.057934019
no no
!
/Users/elena/Desktop/ANALISIOTTICA2011/ANALISI/LC_FIT/091127_LC/comb/091127_gg_combLC.dat
       3303.1000       16.570000     0.010000000
       3403.9000       16.620000     0.010000000
       3519.5000       16.630000     0.010000000
       3619.2000       16.650000     0.010000000
       3720.2000       16.670000     0.010000000
       3822.2000       16.670000     0.010000000
       3992.0000       16.690000     0.010000000
       4176.2000       16.720000     0.010000000
       4363.8000       16.740000     0.010000000
       4551.3000       16.760000     0.010000000
       4769.3000       16.790000     0.010000000
       4956.1000       16.810000     0.010000000
       5154.4000       16.820000     0.010000000
       5350.7000       16.840000     0.010000000
       5533.0000       16.870000     0.010000000
       5632.8000       16.860000     0.010000000
       5734.0000       16.890000     0.010000000
       5836.0000       16.890000     0.010000000
       5971.4000       16.910000     0.010000000
       6072.2000       16.910000     0.010000000
       6174.0000       16.910000     0.010000000
       6275.5000       16.930000     0.010000000
       6403.5000       16.940000     0.010000000
       6502.9000       16.950000     0.010000000
       6604.2000       16.950000     0.010000000
       6705.9000       16.980000     0.010000000
       6829.4000       16.970000     0.010000000
       6932.2000       16.990000     0.010000000
       7034.1000       17.000000     0.010000000
       7135.9000       17.010000     0.010000000
       7259.2000       17.020000     0.010000000
       7360.0000       17.020000     0.010000000
       7462.3000       17.030000     0.010000000
       7563.8000       17.040000     0.010000000
       7680.4000       17.050000     0.010000000
       7781.9000       17.060000     0.010000000
       7883.7000       17.070000     0.010000000
       7985.8000       17.070000     0.010000000
       8103.5000       17.070000     0.010000000
       8203.3000       17.090000     0.010000000
       8306.0000       17.100000     0.010000000
       8408.3000       17.100000     0.010000000
       8554.8000       17.130000     0.010000000
       8655.1000       17.120000     0.010000000
       8756.3000       17.140000     0.010000000
       8857.8000       17.140000     0.010000000
       8976.5000       17.150000     0.010000000
       9075.2000       17.160000     0.010000000
       9176.4000       17.170000     0.010000000
       9278.0000       17.170000     0.010000000
       9399.1000       17.170000     0.010000000
       9498.4000       17.180000     0.010000000
       9600.3000       17.190000     0.010000000
       9702.4000       17.190000     0.010000000
       9823.0000       17.210000     0.010000000
       9922.4000       17.210000     0.010000000
       10023.800       17.220000     0.010000000
       10126.100       17.220000     0.010000000
       10250.700       17.240000     0.010000000
       10352.000       17.240000     0.010000000
       10454.000       17.250000     0.010000000
       10558.100       17.250000     0.010000000
       10678.200       17.250000     0.010000000
       10776.800       17.260000     0.010000000
       10878.300       17.260000     0.010000000
       10979.600       17.290000     0.010000000
       11101.300       17.280000     0.010000000
       11201.300       17.290000     0.010000000
       11302.300       17.300000     0.010000000
       11403.500       17.290000     0.010000000
       11533.500       17.310000     0.010000000
       11633.000       17.320000     0.010000000
       11736.500       17.330000     0.010000000
       11840.500       17.320000     0.010000000
       11961.000       17.330000     0.010000000
       12062.400       17.340000     0.010000000
       12164.200       17.350000     0.010000000
       12265.500       17.370000     0.010000000
       12391.100       17.350000     0.010000000
       12492.400       17.370000     0.010000000
       12594.300       17.380000     0.010000000
       12695.300       17.370000     0.010000000
       12820.800       17.380000     0.010000000
       12919.400       17.390000     0.010000000
       13021.500       17.390000     0.010000000
       13124.300       17.400000     0.010000000
       13248.200       17.390000     0.010000000
       13350.100       17.420000     0.010000000
       13452.200       17.420000     0.010000000
       13553.700       17.410000     0.010000000
       13676.600       17.430000     0.010000000
       13778.300       17.430000     0.010000000
       13879.700       17.440000     0.010000000
       13981.800       17.440000     0.010000000
       14102.500       17.460000     0.010000000
       14203.500       17.460000     0.010000000
       14306.400       17.470000     0.010000000
       14407.600       17.470000     0.010000000
       14529.600       17.480000     0.010000000
       14631.500       17.470000     0.010000000
       14730.600       17.480000     0.010000000
       14831.800       17.480000     0.010000000
       14955.500       17.490000     0.010000000
       15057.900       17.500000     0.010000000
       15159.600       17.510000     0.010000000
       15264.300       17.500000     0.010000000
       15389.200       17.520000     0.010000000
       15488.600       17.540000     0.010000000
       15590.300       17.530000     0.010000000
       15691.500       17.520000     0.010000000
       15813.700       17.540000     0.010000000
       15916.200       17.540000     0.010000000
       16017.600       17.540000     0.010000000
       16119.700       17.540000     0.010000000
       16239.500       17.570000     0.010000000
       16338.800       17.570000     0.010000000
       16442.400       17.570000     0.010000000
       16544.400       17.580000     0.010000000
       16946.400       17.600000     0.010000000
       17127.300       17.620000     0.010000000
       17327.900       17.620000     0.010000000
       17538.300       17.620000     0.010000000
       17736.000       17.620000     0.010000000
       17933.900       17.630000     0.010000000
       18131.200       17.650000     0.010000000
       18315.800       17.650000     0.010000000
       18520.900       17.670000     0.010000000
       18712.800       17.690000     0.010000000
       18906.100       17.680000     0.010000000
       19102.000       17.690000     0.010000000
       19318.200       17.710000     0.010000000
       19501.200       17.700000     0.010000000
       19684.000       17.730000     0.010000000
       19867.600       17.740000     0.010000000
       20078.100       17.730000     0.010000000
       20272.600       17.750000     0.010000000
       20457.000       17.760000     0.010000000
       20657.700       17.770000     0.010000000
       20874.400       17.770000     0.010000000
       21071.700       17.760000     0.010000000
       21267.300       17.790000     0.010000000
       21458.000       17.810000     0.010000000
       92429.500       19.660000     0.020000000
       93289.000       19.700000     0.020000000
       108856.50       19.920000     0.020000000
       179662.00       20.780000     0.020000000
       189912.50       20.850000     0.030000000
       277045.00       21.550000     0.050000000
       363930.60       21.960000     0.090000000
       533529.40       22.430000     0.080000000
       959036.90       23.180000     0.050000000
       960842.90       23.210000     0.050000000
       3985512.9       23.810000     0.080000000
       4244342.3       23.870000      0.11000000
       4673684.0       23.900000      0.19000000
       29225210.       24.120000     0.080000000
no no
!
/Users/elena/Desktop/ANALISIOTTICA2011/ANALISI/LC_FIT/091127_LC/comb/091127_rr_combLC.dat
       3303.1000       16.633489     0.014083820
       3403.9000       16.663677     0.014096339
       3519.5000       16.663677     0.014096339
       3619.2000       16.683802     0.014104690
       3720.2000       16.693865     0.014108868
       3822.2000       16.713990     0.014117228
       3992.0000       16.724052     0.014121409
       4176.2000       16.744178     0.014129777
       4363.8000       16.764303     0.014138149
       4551.3000       16.794491     0.014150717
       4769.3000       16.814616     0.014159102
       4956.1000       16.824678     0.014163296
       5154.4000       16.844804     0.014171689
       5350.7000       16.864929     0.014180087
       5533.0000       16.874991     0.014184287
       5632.8000       16.895117     0.014192693
       5734.0000       16.895117     0.014192693
       5836.0000       16.915242     0.014201103
       5971.4000       16.915242     0.014201103
       6072.2000       16.935367     0.014209518
       6174.0000       16.935367     0.014209518
       6275.5000       16.955492     0.014217938
       6403.5000       16.965555     0.014222151
       6502.9000       16.965555     0.014222151
       6604.2000       16.975618     0.014226364
       6705.9000       16.985680     0.014230578
       6829.4000       16.995743     0.014234794
       6932.2000       17.005805     0.014239011
       7034.1000       17.025931     0.014247449
       7135.9000       17.025931     0.014247449
       7259.2000       17.035993     0.014251670
       7360.0000       17.035993     0.014251670
       7462.3000       17.046056     0.014255892
       7563.8000       17.056118     0.014260115
       7680.4000       17.066181     0.014264340
       7781.9000       17.066181     0.014264340
       7883.7000       17.076244     0.014268565
       7985.8000       17.096369     0.014277020
       8103.5000       17.096369     0.014277020
       8203.3000       17.106431     0.014281250
       8306.0000       17.116494     0.014285481
       8408.3000       17.116494     0.014285481
       8554.8000       17.126557     0.014289712
       8655.1000       17.136619     0.014293946
       8756.3000       17.136619     0.014293946
       8857.8000       17.136619     0.014293946
       8976.5000       17.146682     0.014298180
       9075.2000       17.146682     0.014298180
       9176.4000       17.166807     0.014306652
       9278.0000       17.176870     0.014310891
       9399.1000       17.176870     0.014310891
       9498.4000       17.196995     0.014319370
       9600.3000       17.196995     0.014319370
       9702.4000       17.196995     0.014319370
       9823.0000       17.207057     0.014323612
       9922.4000       17.217120     0.014327855
       10023.800       17.227183     0.014332099
       10126.100       17.227183     0.014332099
       10250.700       17.247308     0.014340591
       10352.000       17.247308     0.014340591
       10454.000       17.257371     0.014344839
       10558.100       17.257371     0.014344839
       10678.200       17.247308     0.014340591
       10776.800       17.267433     0.014349088
       10878.300       17.277496     0.014353339
       10979.600       17.277496     0.014353339
       11101.300       17.267433     0.014349088
       11201.300       17.287558     0.014357590
       11302.300       17.297621     0.014361843
       11403.500       17.297621     0.014361843
       11533.500       17.317746     0.014370352
       11633.000       17.317746     0.014370352
       11736.500       17.327809     0.014374608
       11840.500       17.317746     0.014370352
       11961.000       17.327809     0.014374608
       12062.400       17.337871     0.014378866
       12164.200       17.347934     0.014383125
       12265.500       17.347934     0.014383125
       12391.100       17.357997     0.014387385
       12492.400       17.357997     0.014387385
       12594.300       17.378122     0.014395908
       12695.300       17.368059     0.014391646
       12820.800       17.388184     0.014400172
       12919.400       17.388184     0.014400172
       13021.500       17.398247     0.014404437
       13124.300       17.398247     0.014404437
       13248.200       17.398247     0.014404437
       13350.100       17.418372     0.014412970
       13452.200       17.408310     0.014408703
       13553.700       17.418372     0.014412970
       13676.600       17.418372     0.014412970
       13778.300       17.428435     0.014417238
       13879.700       17.428435     0.014417238
       13981.800       17.448560     0.014425779
       14102.500       17.448560     0.014425779
       14203.500       17.448560     0.014425779
       14306.400       17.448560     0.014425779
       14407.600       17.468685     0.014434324
       14529.600       17.468685     0.014434324
       14631.500       17.468685     0.014434324
       14730.600       17.478748     0.014438599
       14831.800       17.478748     0.014438599
       14955.500       17.488810     0.014442874
       15057.900       17.498873     0.014447151
       15159.600       17.508936     0.014451429
       15264.300       17.508936     0.014451429
       15389.200       17.508936     0.014451429
       15488.600       17.529061     0.014459989
       15590.300       17.539124     0.014464270
       15691.500       17.518998     0.014455708
       15813.700       17.529061     0.014459989
       15916.200       17.539124     0.014464270
       16017.600       17.529061     0.014459989
       16119.700       17.549186     0.014468553
       16239.500       17.549186     0.014468553
       16338.800       17.559249     0.014472837
       16442.400       17.569311     0.014477122
       16544.400       17.579374     0.014481409
       16946.400       17.589437     0.014485696
       17127.300       17.599499     0.014489985
       17327.900       17.609562     0.014494275
       17538.300       17.619624     0.014498566
       17736.000       17.639750     0.014507151
       17933.900       17.639750     0.014507151
       18131.200       17.649812     0.014511446
       18315.800       17.659875     0.014515742
       18520.900       17.669937     0.014520039
       18712.800       17.690063     0.014528636
       18906.100       17.680000     0.014524337
       19102.000       17.700125     0.014532937
       19318.200       17.700125     0.014532937
       19501.200       17.710188     0.014537238
       19684.000       17.710188     0.014537238
       19867.600       17.720250     0.014541541
       20078.100       17.730313     0.014545845
       20272.600       17.740376     0.014550150
       20457.000       17.750438     0.014554457
       20657.700       17.760501     0.014558764
       20874.400       17.770563     0.014563073
       21071.700       17.790689     0.014571694
       21267.300       17.780626     0.014567383
       21458.000       17.800751     0.014576006
       92429.500       19.601958     0.023235135
       93289.000       19.612020     0.015370160
       108856.50       19.843460     0.015474060
       179662.00       20.658532     0.023554197
       189912.50       20.728970     0.023575906
       277045.00       21.352851     0.042191347
       363930.60       21.805669     0.051944902
       533529.40       22.208173     0.061792449
       959036.90       22.399363     0.032975542
       960842.90       22.409425     0.032977941
       3985512.9       23.003119     0.052125842
       4244342.3       23.244622     0.061926083
       4673684.0       23.304997      0.12153798
       29225210.       23.425748     0.052191856
no no
!
/Users/elena/Desktop/ANALISIOTTICA2011/ANALISI/LC_FIT/091127_LC/comb/091127_ii_combLC.dat
       3303.1000       16.671739     0.020485910
       3403.9000       16.702088     0.020514115
       3519.5000       16.702088     0.020514115
       3619.2000       16.712205     0.020523519
       3720.2000       16.722321     0.020532925
       3822.2000       16.742554     0.020551740
       3992.0000       16.742554     0.020551740
       4176.2000       16.772903     0.020579974
       4363.8000       16.783019     0.020589388
       4551.3000       16.803252     0.020608220
       4769.3000       16.843717     0.020645900
       4956.1000       16.853834     0.020655324
       5154.4000       16.884183     0.020683602
       5350.7000       16.884183     0.020683602
       5533.0000       16.914532     0.020711893
       5632.8000       16.904415     0.020702461
       5734.0000       16.924648     0.020721326
       5836.0000       16.954997     0.020749633
       5971.4000       16.934764     0.020730760
       6072.2000       16.944881     0.020740196
       6174.0000       16.944881     0.020740196
       6275.5000       16.965113     0.020759071
       6403.5000       16.995462     0.020787394
       6502.9000       16.985346     0.020777952
       6604.2000       16.985346     0.020777952
       6705.9000       17.005579     0.020796838
       6829.4000       17.015695     0.020806283
       6932.2000       17.015695     0.020806283
       7034.1000       17.025812     0.020815729
       7135.9000       17.035928     0.020825177
       7259.2000       17.035928     0.020825177
       7360.0000       17.046044     0.020834625
       7462.3000       17.066277     0.020853527
       7563.8000       17.056161     0.020844076
       7680.4000       17.076393     0.020862980
       7781.9000       17.076393     0.020862980
       7883.7000       17.106742     0.020891347
       7985.8000       17.086510     0.020872434
       8103.5000       17.116859     0.020900805
       8203.3000       17.106742     0.020891347
       8306.0000       17.116859     0.020900805
       8408.3000       17.126975     0.020910264
       8554.8000       17.126975     0.020910264
       8655.1000       17.126975     0.020910264
       8756.3000       17.157324     0.020938651
       8857.8000       17.157324     0.020938651
       8976.5000       17.147208     0.020929187
       9075.2000       17.157324     0.020938651
       9176.4000       17.167440     0.020948115
       9278.0000       17.167440     0.020948115
       9399.1000       17.187673     0.020967049
       9498.4000       17.197789     0.020976517
       9600.3000       17.207906     0.020985987
       9702.4000       17.207906     0.020985987
       9823.0000       17.218022     0.020995458
       9922.4000       17.218022     0.020995458
       10023.800       17.228138     0.021004931
       10126.100       17.228138     0.021004931
       10250.700       17.228138     0.021004931
       10352.000       17.248371     0.021023880
       10454.000       17.258487     0.021033356
       10558.100       17.278720     0.021052313
       10678.200       17.258487     0.021033356
       10776.800       17.268604     0.021042834
       10878.300       17.258487     0.021033356
       10979.600       17.298953     0.021071274
       11101.300       17.278720     0.021052313
       11201.300       17.298953     0.021071274
       11302.300       17.309069     0.021080757
       11403.500       17.319186     0.021090241
       11533.500       17.309069     0.021080757
       11633.000       17.309069     0.021080757
       11736.500       17.329302     0.021099726
       11840.500       17.339418     0.021109213
       11961.000       17.329302     0.021099726
       12062.400       17.329302     0.021099726
       12164.200       17.339418     0.021109213
       12265.500       17.349535     0.021118701
       12391.100       17.349535     0.021118701
       12492.400       17.359651     0.021128190
       12594.300       17.359651     0.021128190
       12695.300       17.359651     0.021128190
       12820.800       17.369767     0.021137680
       12919.400       17.369767     0.021137680
       13021.500       17.400116     0.021166159
       13124.300       17.390000     0.021156665
       13248.200       17.390000     0.021156665
       13350.100       17.410233     0.021175654
       13452.200       17.410233     0.021175654
       13553.700       17.420349     0.021185151
       13676.600       17.420349     0.021185151
       13778.300       17.420349     0.021185151
       13879.700       17.440582     0.021204148
       13981.800       17.460814     0.021223150
       14102.500       17.450698     0.021213649
       14203.500       17.460814     0.021223150
       14306.400       17.450698     0.021213649
       14407.600       17.450698     0.021213649
       14529.600       17.460814     0.021223150
       14631.500       17.470931     0.021232653
       14730.600       17.470931     0.021232653
       14831.800       17.481047     0.021242158
       14955.500       17.481047     0.021242158
       15057.900       17.511396     0.021270678
       15159.600       17.491163     0.021251663
       15264.300       17.501280     0.021261170
       15389.200       17.501280     0.021261170
       15488.600       17.521513     0.021280187
       15590.300       17.501280     0.021261170
       15691.500       17.501280     0.021261170
       15813.700       17.521513     0.021280187
       15916.200       17.541745     0.021299209
       16017.600       17.521513     0.021280187
       16119.700       17.531629     0.021289697
       16239.500       17.541745     0.021299209
       16338.800       17.521513     0.021280187
       16442.400       17.531629     0.021289697
       16544.400       17.551862     0.021308722
       16946.400       17.572094     0.021327751
       17127.300       17.602443     0.021356305
       17327.900       17.602443     0.021356305
       17538.300       17.612560     0.021365825
       17736.000       17.622676     0.021375347
       17933.900       17.622676     0.021375347
       18131.200       17.653025     0.021403919
       18315.800       17.632792     0.021384869
       18520.900       17.673258     0.021422973
       18712.800       17.642909     0.021394393
       18906.100       17.663141     0.021413445
       19102.000       17.673258     0.021422973
       19318.200       17.703607     0.021451563
       19501.200       17.713723     0.021461095
       19684.000       17.703607     0.021451563
       19867.600       17.713723     0.021461095
       20078.100       17.723839     0.021470629
       20272.600       17.713723     0.021461095
       20457.000       17.723839     0.021470629
       20657.700       17.733956     0.027720369
       20874.400       17.744072     0.027727759
       21071.700       17.754188     0.021499237
       21267.300       17.764305     0.021508776
       21458.000       17.784538     0.021527857
       92429.500       19.514433     0.029054024
       93289.000       19.544782     0.029077305
       108856.50       19.807807     0.029279807
       179662.00       20.546300     0.029855170
       189912.50       20.657580     0.029942713
       277045.00       21.284793     0.046418598
       363930.60       21.729913     0.064987348
       533529.40       22.164916     0.065154858
       959036.90       22.114334     0.065135231
       960842.90       22.175032     0.055856266
       3985512.9       22.620151     0.065333239
       4244342.3       22.913525     0.084553040
       4673684.0       23.024805      0.13379388
       29225210.       23.146201     0.075008967
no no
!
/Users/elena/Desktop/ANALISIOTTICA2011/ANALISI/LC_FIT/091127_LC/comb/091127_zz_combLC.dat
       3303.1000       16.664931     0.022651579
       3403.9000       16.695397     0.022684672
       3519.5000       16.705552     0.022695706
       3619.2000       16.725863     0.022717777
       3720.2000       16.725863     0.022717777
       3822.2000       16.746174     0.022739854
       3992.0000       16.766484     0.022761936
       4176.2000       16.786795     0.022784024
       4363.8000       16.796951     0.022795070
       4551.3000       16.807106     0.022806117
       4769.3000       16.857883     0.022861372
       4956.1000       16.857883     0.022861372
       5154.4000       16.868038     0.022872427
       5350.7000       16.878193     0.022883483
       5533.0000       16.918815     0.022927722
       5632.8000       16.918815     0.022927722
       5734.0000       16.918815     0.022927722
       5836.0000       16.928970     0.022938785
       5971.4000       16.928970     0.022938785
       6072.2000       16.969591     0.022983049
       6174.0000       16.959436     0.022971981
       6275.5000       16.959436     0.022971981
       6403.5000       16.979747     0.022994118
       6502.9000       16.979747     0.022994118
       6604.2000       17.000058     0.023016261
       6705.9000       17.000058     0.023016261
       6829.4000       17.000058     0.023016261
       6932.2000       17.010213     0.023027334
       7034.1000       17.030524     0.023049484
       7135.9000       17.030524     0.023049484
       7259.2000       17.040679     0.023060561
       7360.0000       17.040679     0.023060561
       7462.3000       17.050834     0.023071640
       7563.8000       17.060990     0.023082719
       7680.4000       17.050834     0.023071640
       7781.9000       17.081300     0.023104882
       7883.7000       17.101611     0.023127051
       7985.8000       17.091456     0.023115966
       8103.5000       17.111766     0.023138137
       8203.3000       17.111766     0.023138137
       8306.0000       17.111766     0.023138137
       8408.3000       17.132077     0.023160312
       8554.8000       17.132077     0.023160312
       8655.1000       17.132077     0.023160312
       8756.3000       17.132077     0.023160312
       8857.8000       17.152388     0.023182493
       8976.5000       17.152388     0.023182493
       9075.2000       17.172699     0.023204679
       9176.4000       17.172699     0.023204679
       9278.0000       17.172699     0.023204679
       9399.1000       17.182854     0.023215774
       9498.4000       17.182854     0.023215774
       9600.3000       17.213320     0.023249066
       9702.4000       17.213320     0.023249066
       9823.0000       17.223475     0.023260166
       9922.4000       17.223475     0.023260166
       10023.800       17.223475     0.023260166
       10126.100       17.233631     0.023271267
       10250.700       17.233631     0.023271267
       10352.000       17.233631     0.023271267
       10454.000       17.253941     0.023293473
       10558.100       17.253941     0.023293473
       10678.200       17.274252     0.023315683
       10776.800       17.264097     0.023304577
       10878.300       17.284407     0.023326791
       10979.600       17.264097     0.023304577
       11101.300       17.294563     0.023337899
       11201.300       17.284407     0.023326791
       11302.300       17.304718     0.023349009
       11403.500       17.294563     0.023337899
       11533.500       17.304718     0.023349009
       11633.000       17.325029     0.023371232
       11736.500       17.325029     0.023371232
       11840.500       17.325029     0.023371232
       11961.000       17.335184     0.023382346
       12062.400       17.335184     0.023382346
       12164.200       17.345339     0.023393460
       12265.500       17.345339     0.023393460
       12391.100       17.345339     0.023393460
       12492.400       17.355495     0.023404576
       12594.300       17.375806     0.023426812
       12695.300       17.355495     0.023404576
       12820.800       17.375806     0.023426812
       12919.400       17.396116     0.023449052
       13021.500       17.375806     0.023426812
       13124.300       17.385961     0.023437931
       13248.200       17.385961     0.023437931
       13350.100       17.406272     0.023460174
       13452.200       17.416427     0.023471297
       13553.700       17.416427     0.023471297
       13676.600       17.406272     0.023460174
       13778.300       17.426582     0.023482422
       13879.700       17.426582     0.023482422
       13981.800       17.416427     0.023471297
       14102.500       17.436738     0.023493547
       14203.500       17.446893     0.023504674
       14306.400       17.426582     0.023482422
       14407.600       17.457048     0.023515802
       14529.600       17.457048     0.023515802
       14631.500       17.457048     0.023515802
       14730.600       17.477359     0.023538062
       14831.800       17.487514     0.023549194
       14955.500       17.477359     0.023538062
       15057.900       17.487514     0.023549194
       15159.600       17.487514     0.023549194
       15264.300       17.497670     0.023560327
       15389.200       17.497670     0.023560327
       15488.600       17.507825     0.023571461
       15590.300       17.497670     0.023560327
       15691.500       17.507825     0.023571461
       15813.700       17.517980     0.023582596
       15916.200       17.528136     0.023593732
       16017.600       17.507825     0.023571461
       16119.700       17.528136     0.023593732
       16239.500       17.538291     0.023604870
       16338.800       17.558602     0.023627149
       16442.400       17.578913     0.023649433
       16544.400       17.599223     0.023671721
       16946.400       17.578913     0.023649433
       17127.300       17.578913     0.023649433
       17327.900       17.589068     0.023660576
       17538.300       17.589068     0.023660576
       17736.000       17.609379     0.023682867
       17933.900       17.609379     0.023682867
       18131.200       17.629689     0.023705163
       18315.800       17.650000     0.023727463
       18520.900       17.650000     0.023727463
       18712.800       17.660155     0.023738615
       18906.100       17.660155     0.023738615
       19102.000       17.690621     0.023772078
       19318.200       17.670311     0.023749768
       19501.200       17.700777     0.023783234
       19684.000       17.690621     0.023772078
       19867.600       17.690621     0.023772078
       20078.100       17.741398     0.023827872
       20272.600       17.731243     0.023816711
       20457.000       17.731243     0.023816711
       20657.700       17.761709     0.023850198
       20874.400       17.751554     0.029625885
       21071.700       17.761709     0.023850198
       21267.300       17.751554     0.023839035
       21458.000       17.761709     0.023850198
       92429.500       19.518585     0.038607848
       93289.000       19.518585     0.038607848
       108856.50       19.772468     0.031458473
       179662.00       20.615362     0.039440387
       189912.50       20.666139     0.039479595
       277045.00       21.336392     0.066217349
       363930.60       21.722296     0.066402305
       533529.40       22.280840     0.085634219
       959036.90       22.707365      0.15480846
       960842.90       22.636277      0.12492910
       3985512.9       22.961249     0.095560924
       4244342.3       23.032336      0.17489424
       4673684.0       23.133890      0.19498810
       29225210.       23.743211      0.18505856
no no
!
/Users/elena/Desktop/ANALISIOTTICA2011/ANALISI/LC_FIT/091127_LC/comb/091127_J_combLC.dat
       3694.8000       16.769027     0.035896786
       4299.1000       16.850977     0.036015164
       5087.7000       16.912440     0.036104070
       5709.2000       16.922683     0.036118897
       6147.9000       16.963658     0.036178237
       6579.2000       17.004633     0.036237623
       7007.2000       17.035365     0.036282193
       7436.2000       17.055852     0.036311920
       7856.9000       17.096827     0.036371409
       8279.9000       17.137802     0.036430942
       8731.1000       17.158290     0.036460726
       9151.2000       17.178777     0.036490521
       9575.5000       17.240240     0.036579974
       9999.0000       17.219752     0.036550145
       10429.100       17.250483     0.036594892
       10853.000       17.311946     0.036684461
       11278.400       17.322190     0.036699399
       11711.500       17.311946     0.036684461
       12137.100       17.311946     0.036684461
       12567.000       17.352921     0.036744229
       12996.800       17.414384     0.036833963
       13425.800       17.393896     0.036804041
       13854.400       17.424627     0.036848928
       14280.500       17.455359     0.036893840
       14705.500       17.486090     0.036938777
       15135.100       17.465602     0.036908816
       15565.600       17.496334     0.036953761
       15991.700       17.516821     0.036983737
       16411.800       17.537309     0.037013724
       17299.100       17.578284     0.037073731
       18055.900       17.639746     0.037163821
       18838.300       17.680721     0.037223934
       19620.200       17.701209     0.037254006
       20394.900       17.711452     0.037269047
       21193.200       17.762671     0.037344287
       92454.900       19.504110     0.098361945
       93315.100       19.555328     0.098393361
       107400.90       19.698741     0.070544979
       179688.70       20.579704     0.099036780
       189939.10       20.579704     0.089578999
       277070.90       21.040673      0.32988000
       363957.10       21.388961      0.18818159
       533555.70       22.054805      0.33008461
       3985537.1       22.269923      0.28948407
no no
!
/Users/elena/Desktop/ANALISIOTTICA2011/ANALISI/LC_FIT/091127_LC/comb/091127_H_combLC.dat
       3694.8000       16.795521     0.043942969
       4299.1000       16.826433     0.043983842
       5087.7000       16.929473     0.044120354
       5709.2000       16.950081     0.044147705
       6147.9000       16.980993     0.044188763
       6579.2000       17.011905     0.044229857
       7007.2000       17.032513     0.044257274
       7436.2000       17.032513     0.044257274
       7856.9000       17.094337     0.044339620
       8279.9000       17.104641     0.044353359
       8731.1000       17.145857     0.044408353
       9151.2000       17.197377     0.044477186
       9575.5000       17.228289     0.044518534
       9999.0000       17.269505     0.044573720
       10429.100       17.259201     0.044559917
       10853.000       17.279809     0.044587526
       11278.400       17.279809     0.044587526
       11711.500       17.279809     0.044587526
       12137.100       17.310721     0.044628969
       12567.000       17.372545     0.044711961
       12996.800       17.393153     0.044739656
       13425.800       17.393153     0.044739656
       13854.400       17.393153     0.044739656
       14280.500       17.393153     0.044739656
       14705.500       17.444673     0.044808964
       15135.100       17.444673     0.044808964
       15565.600       17.496193     0.044878368
       15991.700       17.516801     0.044906157
       16411.800       17.568321     0.044975698
       17299.100       17.547713     0.044947870
       18055.900       17.630145     0.045059273
       18838.300       17.671361     0.045115067
       19620.200       17.733185     0.045198873
       20394.900       17.784705     0.045268815
       21193.200       17.764097     0.045240827
       92454.900       19.402433      0.10917407
       93315.100       19.474561     0.099556007
       107400.90       19.587905     0.090120902
       179688.70       20.484353      0.11957350
       189939.10       20.525569      0.12940492
       277070.90       21.164417      0.24023762
       363957.10       21.648705      0.30151552
no no
