       16473054.       623.23834       21505.726       0.0000000  -1.5863208e+09
       319124.12       7231.3800
       623.23834     0.050819455       1.1674112       0.0000000      -109933.78
       26.796910      0.61132800
       21505.726       1.1674112       109.31145       0.0000000      -3286832.8
       2515.6428       57.352157
       0.0000000       0.0000000       0.0000000       0.0000000       0.0000000
       0.0000000       0.0000000
  -1.5863208e+09      -109933.78      -3286832.8       0.0000000   2.4948144e+11
      -72253808.      -1647259.8
       319124.12       26.796910       2515.6428       0.0000000      -72253808.
       62742.487       1432.1344
       7231.3800      0.61132800       57.352157       0.0000000      -1647259.8
       1432.1344       32.690063
