       3154.1569
       8731.2378
       0.0000000
  -3.3322240e+10
      -4606012.4
       33397.319
      -1722.5173
       0.0000000
   7.2500727e+09
      0.52234972
       0.0000000
      -2032506.8
      -276.32005
       1.9988494
     -0.10297257
       0.0000000
       432977.61
       0.0000000
      -5563966.2
      -834.85534
       6.0970801
     -0.29591932
       0.0000000
       1300060.0
       0.0000000
       0.0000000
       0.0000000
       0.0000000
       0.0000000
       0.0000000
   2.9798768e+09
      -21606169.
       1096903.4
       0.0000000
  -4.6615351e+12
      -3650.1356
       189.02165
       0.0000000
  -7.8483633e+08
      -1.1652553
       0.0000000
       6017670.5
       0.0000000
      -245474.97
       0.0000000
