       7268.4670
       11780.643
       0.0000000
  -2.0292230e+10
       1134342.8
       8552.1536
      -891.02618
       0.0000000
   7.0186223e+09
       1.3413794
       0.0000000
      -2802654.3
       115.85392
      0.84231422
     -0.10381059
       0.0000000
       724937.48
       0.0000000
      -3850913.6
       313.77582
       2.2495399
     -0.19923936
       0.0000000
       1741041.0
       0.0000000
       0.0000000
       0.0000000
       0.0000000
       0.0000000
       0.0000000
  -3.6841230e+08
      -2570845.7
       295409.94
       0.0000000
  -2.1467494e+12
       756.68565
      -6.3732446
       0.0000000
   2.3515761e+08
     -0.15125432
       0.0000000
       1590090.8
       0.0000000
      -123387.87
       0.0000000
