       1.4485391
       1.4746339
       0.0000000
      -44559116.
       94413.925
       2.6105199
    -0.047873727
       0.0000000
      -1773580.9
    0.0030791475
       0.0000000
      -173164.35
       437.34904
     0.011547803
  -0.00012369902
       0.0000000
      -8630.5752
       0.0000000
      -95173.832
       17.330965
    0.0025377297
  -0.00035254234
       0.0000000
       1041.0382
       0.0000000
       0.0000000
       0.0000000
       0.0000000
       0.0000000
       0.0000000
  -1.4998832e+10
      -372258.11
       633.38386
       0.0000000
   3.0970754e+11
       1105.8176
       98.580433
       0.0000000
  -1.1506693e+09
   0.00012979173
       0.0000000
      -23380.345
       0.0000000
      -920.55084
       0.0000000
