0.0001357	9.546	0.09	0.09	0.21	0.9371
0.0001865	8.384	0.118	0.118	0.21	0.9371
0.0002182	7.856	0.57	0.57	0.21	0.9371
0.000222	7.8956028	1.0513692	1.0513692	0.21	0.9371
0.0002332	6.636	0.18	0.18	0.21	0.9371
0.0002335	6.6759339	0.8178817	0.8178817	0.21	0.9371
0.000235	6.9784548	1.042583	1.042583	0.21	0.9371
0.0002365	7.0044674	1.0732236	1.0732236	0.21	0.9371
0.000237	6.7579861	0.3769741	0.3769741	0.21	0.9371
0.000238	6.9549285	0.8306141	0.8306141	0.21	0.9371
0.000241	6.0888834	0.4535819	0.4535819	0.21	0.9371
0.0002425	6.6967481	1.0421023	1.0421023	0.21	0.9371
0.0002455	6.4684813	0.5696083	0.5696083	0.21	0.9371
0.000247	6.8227684	1.1757466	1.1757466	0.21	0.9371
0.0002482	6.316	0.14	0.14	0.21	0.9371
0.0002485	6.4590388	0.6194348	0.6194348	0.21	0.9371
0.00025	6.2177078	0.4653518	0.4653518	0.21	0.9371
0.0002515	5.5642564	0.2955804	0.2955804	0.21	0.9371
0.0002521	6.1511299	0.2059111	0.2059111	0.21	0.9371
0.000253	6.2022458	0.4337389	0.4337389	0.21	0.9371
0.0002545	6.0442221	0.4411601	0.4411601	0.21	0.9371
0.000256	5.6016341	0.4234335	0.4234335	0.21	0.9371
0.0002575	5.6229702	0.3236952	0.3236952	0.21	0.9371
0.0002605	6.1916091	0.6246377	0.6246377	0.21	0.9371
0.0002621	5.6941126	0.2881157	0.2881157	0.21	0.9371
0.0002632	5.676	0.08	0.08	0.21	0.9371
0.0002636	5.7167868	0.420813	0.420813	0.21	0.9371
0.0002651	6.0225002	0.494239	0.494239	0.21	0.9371
0.0002666	5.8965645	0.5652213	0.5652213	0.21	0.9371
0.0002671	5.6029643	0.1502726	0.1502726	0.21	0.9371
0.0002681	5.2517753	0.3645398	0.3645398	0.21	0.9371
0.0002696	5.4867807	0.3182425	0.3182425	0.21	0.9371
0.0002711	5.2397929	0.1838697	0.1838697	0.21	0.9371
0.0002726	5.8075906	0.3510383	0.3510383	0.21	0.9371
0.0002741	5.6238427	0.4016841	0.4016841	0.21	0.9371
0.0002756	5.226484	0.2847811	0.2847811	0.21	0.9371
0.0002771	5.7567318	0.332794	0.332794	0.21	0.9371
0.0002786	5.4939294	0.3359864	0.3359864	0.21	0.9371
0.0002801	5.0724732	0.3163107	0.3163107	0.21	0.9371
0.0002816	5.1145923	0.2345266	0.2345266	0.21	0.9371
0.0002821	5.3110333	0.1022951	0.1022951	0.21	0.9371
0.0002827	5.336	0.05	0.05	0.21	0.9371
0.0002831	5.2816888	0.2738987	0.2738987	0.21	0.9371
0.0002846	5.5963824	0.2353587	0.2353587	0.21	0.9371
0.0002861	5.1750273	0.2587232	0.2587232	0.21	0.9371
0.0002876	5.268197	0.2734567	0.2734567	0.21	0.9371
0.0002891	5.3472214	0.2486129	0.2486129	0.21	0.9371
0.0002906	5.2338028	0.2454646	0.2454646	0.21	0.9371
0.0002921	5.3973171	0.3358376	0.3358376	0.21	0.9371
0.0002936	4.9343805	0.317059	0.317059	0.21	0.9371
0.0002951	5.3492414	0.2717416	0.2717416	0.21	0.9371
0.0002966	5.1451419	0.2344719	0.2344719	0.21	0.9371
0.0002972	5.021056	0.1023542	0.1023542	0.21	0.9371
0.0002977	5.166	0.05	0.05	0.21	0.9371
0.0002981	5.074007	0.1800471	0.1800471	0.21	0.9371
0.0002996	4.9117187	0.1606482	0.1606482	0.21	0.9371
0.0003026	5.0207005	0.193795	0.193795	0.21	0.9371
0.0003041	5.257432	0.2144217	0.2144217	0.21	0.9371
0.0003056	5.162699	0.2061377	0.2061377	0.21	0.9371
0.0003071	4.877294	0.1667173	0.1667173	0.21	0.9371
0.0003086	5.3328502	0.2265176	0.2265176	0.21	0.9371
0.0003116	5.0662562	0.208531	0.208531	0.21	0.9371
0.0003122	5.0214086	0.0994597	0.0994597	0.21	0.9371
0.0003127	5.126	0.05	0.05	0.21	0.9371
0.0003131	5.0668708	0.1638622	0.1638622	0.21	0.9371
0.0003145	5.536	0.03	0.03	0.21	0.9371
0.0003146	5.060724	0.2217389	0.2217389	0.21	0.9371
0.0003161	4.9445776	0.1789363	0.1789363	0.21	0.9371
0.0003176	4.9159827	0.2860129	0.2860129	0.21	0.9371
0.0003191	5.1524366	0.2194926	0.2194926	0.21	0.9371
0.0003206	5.235663	0.1838617	0.1838617	0.21	0.9371
0.0003221	4.9146604	0.2051359	0.2051359	0.21	0.9371
0.0003236	5.2106284	0.1992941	0.1992941	0.21	0.9371
0.0003266	5.3499769	0.2222675	0.2222675	0.21	0.9371
0.0003272	4.8843338	0.073229	0.073229	0.21	0.9371
0.0003277	4.986	0.04	0.04	0.21	0.9371
0.0003281	4.9055657	0.1832222	0.1832222	0.21	0.9371
0.0003293	5.322	0.1	0.1	0.21	0.9371
0.0003311	5.076123	0.1907499	0.1907499	0.21	0.9371
0.0003326	4.9698904	0.1887136	0.1887136	0.21	0.9371
0.0003356	4.8603297	0.164347	0.164347	0.21	0.9371
0.0003371	4.9106799	0.2901879	0.2901879	0.21	0.9371
0.0003401	5.068407	0.2287706	0.2287706	0.21	0.9371
0.0003416	4.9875172	0.2408507	0.2408507	0.21	0.9371
0.0003422	4.8931732	0.0683478	0.0683478	0.21	0.9371
0.0003427	5.076	0.04	0.04	0.21	0.9371
0.0003431	4.7767569	0.1771721	0.1771721	0.21	0.9371
0.0003446	5.013904	0.1702823	0.1702823	0.21	0.9371
0.0003461	5.0416788	0.2323699	0.2323699	0.21	0.9371
0.0003476	5.0493183	0.2431925	0.2431925	0.21	0.9371
0.0003491	4.8752721	0.1655548	0.1655548	0.21	0.9371
0.0003506	4.8495254	0.191323	0.191323	0.21	0.9371
0.0003521	4.7864	0.1616404	0.1616404	0.21	0.9371
0.0003536	5.0317498	0.1768619	0.1768619	0.21	0.9371
0.0003551	4.7676862	0.1797893	0.1797893	0.21	0.9371
0.0003566	4.7536616	0.1780107	0.1780107	0.21	0.9371
0.0003572	4.7771833	0.0748208	0.0748208	0.21	0.9371
0.0003577	5.126	0.05	0.05	0.21	0.9371
0.0003581	4.7881961	0.1904031	0.1904031	0.21	0.9371
0.0003596	4.9132102	0.1841595	0.1841595	0.21	0.9371
0.0003611	4.8446472	0.1905428	0.1905428	0.21	0.9371
0.0003626	4.9042225	0.2040724	0.2040724	0.21	0.9371
0.0003656	4.7880104	0.1705684	0.1705684	0.21	0.9371
0.0003671	4.9763223	0.2157271	0.2157271	0.21	0.9371
0.0003686	4.8610724	0.2368681	0.2368681	0.21	0.9371
0.0003701	5.1113347	0.2440405	0.2440405	0.21	0.9371
0.0003716	4.9239499	0.1942085	0.1942085	0.21	0.9371
0.0003722	4.849726	0.0772295	0.0772295	0.21	0.9371
0.0003728	5.176	0.05	0.05	0.21	0.9371
0.0003731	4.9234941	0.1612421	0.1612421	0.21	0.9371
0.0003761	4.9803359	0.2097379	0.2097379	0.21	0.9371
0.0003791	4.8754644	0.2666149	0.2666149	0.21	0.9371
0.0003806	4.8498664	0.242222	0.242222	0.21	0.9371
0.0003821	4.8109904	0.2623595	0.2623595	0.21	0.9371
0.0003851	4.9445328	0.2087294	0.2087294	0.21	0.9371
0.0003866	5.0075548	0.2143685	0.2143685	0.21	0.9371
0.0003873	5.0082071	0.0861751	0.0861751	0.21	0.9371
0.0003896	5.0527617	0.2072387	0.2072387	0.21	0.9371
0.0003926	4.9639787	0.1879478	0.1879478	0.21	0.9371
0.0003941	5.175882	0.2504705	0.2504705	0.21	0.9371
0.0003971	5.1428686	0.2183809	0.2183809	0.21	0.9371
0.0003986	5.3362782	0.2823033	0.2823033	0.21	0.9371
0.0004001	4.9960875	0.2754664	0.2754664	0.21	0.9371
0.0004016	5.1096385	0.2427008	0.2427008	0.21	0.9371
0.0004023	5.1410161	0.0896846	0.0896846	0.21	0.9371
0.0004031	5.1534149	0.3380057	0.3380057	0.21	0.9371
0.0004061	5.2516553	0.2461997	0.2461997	0.21	0.9371
0.0004091	5.303888	0.2035489	0.2035489	0.21	0.9371
0.0004173	4.9157723	0.0613778	0.0613778	0.21	0.9371
0.0004323	4.7880056	0.1316001	0.1316001	0.21	0.9371
0.0004473	4.8751729	0.1720302	0.1720302	0.21	0.9371
0.0004623	5.0700466	0.1705524	0.1705524	0.21	0.9371
0.0004773	5.3734278	0.0568222	0.0568222	0.21	0.9371
0.0004808	5.496	0.03	0.03	0.21	0.9371
0.0004841	5.776	0.03	0.03	0.21	0.9371
0.0004857	5.3968554	0.1144773	0.1144773	0.21	0.9371
0.0004872	5.5137882	0.1497349	0.1497349	0.21	0.9371
0.0004887	5.5409932	0.1802555	0.1802555	0.21	0.9371
0.0004902	5.5188209	0.1662029	0.1662029	0.21	0.9371
0.0004917	5.7964891	0.1800593	0.1800593	0.21	0.9371
0.0004923	5.5986591	0.0953571	0.0953571	0.21	0.9371
0.0004932	5.5385379	0.1357314	0.1357314	0.21	0.9371
0.0004947	5.5343146	0.1995783	0.1995783	0.21	0.9371
0.0004958	5.616	0.04	0.04	0.21	0.9371
0.0004962	5.4490401	0.1755398	0.1755398	0.21	0.9371
0.0004977	5.543148	0.1601322	0.1601322	0.21	0.9371
0.0004992	5.5272771	0.3366592	0.3366592	0.21	0.9371
0.0005022	5.7317964	0.2121895	0.2121895	0.21	0.9371
0.0005037	5.7125013	0.1724597	0.1724597	0.21	0.9371
0.0005052	5.3772885	0.1244671	0.1244671	0.21	0.9371
0.0005073	5.7313715	0.0650921	0.0650921	0.21	0.9371
0.0005082	5.6946045	0.1455909	0.1455909	0.21	0.9371
0.0005097	5.5991993	0.1347692	0.1347692	0.21	0.9371
0.0005108	5.386	0.03	0.03	0.21	0.9371
0.0005112	5.8410928	0.1690834	0.1690834	0.21	0.9371
0.0005127	5.504401	0.1616266	0.1616266	0.21	0.9371
0.0005142	5.7578506	0.1359389	0.1359389	0.21	0.9371
0.0005157	5.2793921	0.1489636	0.1489636	0.21	0.9371
0.0005172	5.4625047	0.1327697	0.1327697	0.21	0.9371
0.0005187	5.3841655	0.1651017	0.1651017	0.21	0.9371
0.0005202	5.3249081	0.1112402	0.1112402	0.21	0.9371
0.0005217	5.3761153	0.1462168	0.1462168	0.21	0.9371
0.0005223	5.359766	0.0670525	0.0670525	0.21	0.9371
0.0005232	5.5147704	0.1208918	0.1208918	0.21	0.9371
0.0005247	5.1804783	0.169873	0.169873	0.21	0.9371
0.0005258	5.156	0.03	0.03	0.21	0.9371
0.0005262	5.6945156	0.2429395	0.2429395	0.21	0.9371
0.0005277	5.2559883	0.1213062	0.1213062	0.21	0.9371
0.0005292	5.3623213	0.1245663	0.1245663	0.21	0.9371
0.0005307	5.1504912	0.0984005	0.0984005	0.21	0.9371
0.0005322	5.1521459	0.1460624	0.1460624	0.21	0.9371
0.0005337	5.3956139	0.1200625	0.1200625	0.21	0.9371
0.0005352	5.1546275	0.1123111	0.1123111	0.21	0.9371
0.0005367	5.2432172	0.1572505	0.1572505	0.21	0.9371
0.0005374	5.2007601	0.0543784	0.0543784	0.21	0.9371
0.0005382	5.2701617	0.1432902	0.1432902	0.21	0.9371
0.0005397	4.976049	0.1709739	0.1709739	0.21	0.9371
0.0005408	5.196	0.02	0.02	0.21	0.9371
0.0005412	5.3082389	0.124212	0.124212	0.21	0.9371
0.0005427	5.1270941	0.1448551	0.1448551	0.21	0.9371
0.0005435	5.469	0.017	0.017	0.21	0.9371
0.0005442	5.0772888	0.1297087	0.1297087	0.21	0.9371
0.0005457	5.2557411	0.0995864	0.0995864	0.21	0.9371
0.0005472	5.0049766	0.1056657	0.1056657	0.21	0.9371
0.0005487	5.0677121	0.1186753	0.1186753	0.21	0.9371
0.0005502	5.1356342	0.2487013	0.2487013	0.21	0.9371
0.0005517	5.198221	0.1078348	0.1078348	0.21	0.9371
0.0005524	5.2888971	0.0689816	0.0689816	0.21	0.9371
0.0005547	5.3945537	0.1641277	0.1641277	0.21	0.9371
0.0005558	5.266	0.03	0.03	0.21	0.9371
0.0005562	5.4228549	0.1844027	0.1844027	0.21	0.9371
0.0005577	5.4220131	0.1365121	0.1365121	0.21	0.9371
0.0005592	5.2647283	0.1174968	0.1174968	0.21	0.9371
0.0005607	5.3245084	0.1491114	0.1491114	0.21	0.9371
0.0005622	5.57298	0.1304363	0.1304363	0.21	0.9371
0.0005637	5.0191855	0.0802832	0.0802832	0.21	0.9371
0.0005652	5.1311132	0.1720664	0.1720664	0.21	0.9371
0.0005667	5.6655413	0.1565334	0.1565334	0.21	0.9371
0.0005674	5.3051562	0.06662	0.06662	0.21	0.9371
0.0005682	5.2844512	0.2205525	0.2205525	0.21	0.9371
0.0005697	5.2180466	0.163109	0.163109	0.21	0.9371
0.0005709	5.446	0.03	0.03	0.21	0.9371
0.0005712	5.3815167	0.186163	0.186163	0.21	0.9371
0.0005727	5.2583297	0.1665928	0.1665928	0.21	0.9371
0.0005742	5.4010909	0.1198376	0.1198376	0.21	0.9371
0.0005757	5.6418766	0.1858734	0.1858734	0.21	0.9371
0.0005772	5.448007	0.1505688	0.1505688	0.21	0.9371
0.0005787	5.4061645	0.1137837	0.1137837	0.21	0.9371
0.0005802	5.5678738	0.1621352	0.1621352	0.21	0.9371
0.0005824	5.4702034	0.0736041	0.0736041	0.21	0.9371
0.0005832	5.2997029	0.1674568	0.1674568	0.21	0.9371
0.0005847	5.4746375	0.1178782	0.1178782	0.21	0.9371
0.0005859	5.366	0.03	0.03	0.21	0.9371
0.0005862	5.4564083	0.145524	0.145524	0.21	0.9371
0.0005877	5.4326392	0.1574502	0.1574502	0.21	0.9371
0.0005892	5.3166045	0.1063304	0.1063304	0.21	0.9371
0.0005907	5.4275373	0.1507351	0.1507351	0.21	0.9371
0.0005922	5.4747408	0.2039023	0.2039023	0.21	0.9371
0.0005937	5.2747639	0.1098578	0.1098578	0.21	0.9371
0.0005952	5.6122646	0.130869	0.130869	0.21	0.9371
0.0005967	5.3641888	0.121565	0.121565	0.21	0.9371
0.0005974	5.3926179	0.0732116	0.0732116	0.21	0.9371
0.0005982	5.4103603	0.132504	0.132504	0.21	0.9371
0.0005997	5.3750222	0.1431917	0.1431917	0.21	0.9371
0.0006009	5.276	0.03	0.03	0.21	0.9371
0.0006012	5.5006369	0.1205986	0.1205986	0.21	0.9371
0.0006027	5.3668226	0.1415399	0.1415399	0.21	0.9371
0.0006042	5.4669829	0.1753097	0.1753097	0.21	0.9371
0.0006057	5.5495703	0.1236792	0.1236792	0.21	0.9371
0.0006072	5.4985356	0.1284606	0.1284606	0.21	0.9371
0.0006087	5.5022319	0.2178198	0.2178198	0.21	0.9371
0.0006102	5.6097651	0.1197231	0.1197231	0.21	0.9371
0.0006117	5.1601424	0.1346132	0.1346132	0.21	0.9371
0.0006124	5.3450182	0.0698096	0.0698096	0.21	0.9371
0.0006132	5.1558306	0.0924324	0.0924324	0.21	0.9371
0.0006147	5.1161906	0.1340146	0.1340146	0.21	0.9371
0.0006159	5.026	0.02	0.02	0.21	0.9371
0.0006162	5.0992601	0.1226019	0.1226019	0.21	0.9371
0.0006177	5.2892134	0.1292152	0.1292152	0.21	0.9371
0.0006192	5.5267151	0.1401878	0.1401878	0.21	0.9371
0.0006207	5.5256903	0.2473667	0.2473667	0.21	0.9371
0.0006222	5.0118029	0.1206051	0.1206051	0.21	0.9371
0.0006237	5.1541064	0.0973707	0.0973707	0.21	0.9371
0.0006252	5.0617798	0.0912834	0.0912834	0.21	0.9371
0.0006267	5.3021738	0.1103547	0.1103547	0.21	0.9371
0.0006274	5.1170902	0.0553012	0.0553012	0.21	0.9371
0.0006282	5.2182927	0.095763	0.095763	0.21	0.9371
0.0006309	5.156	0.02	0.02	0.21	0.9371
0.0006312	5.3066184	0.1103297	0.1103297	0.21	0.9371
0.0006327	4.8849864	0.1312619	0.1312619	0.21	0.9371
0.0006342	5.1884678	0.1247939	0.1247939	0.21	0.9371
0.0006357	5.4467143	0.2691661	0.2691661	0.21	0.9371
0.0006372	4.9736427	0.0940455	0.0940455	0.21	0.9371
0.0006387	5.0247669	0.2150983	0.2150983	0.21	0.9371
0.0006402	5.1756446	0.1764254	0.1764254	0.21	0.9371
0.0006417	5.090829	0.0866536	0.0866536	0.21	0.9371
0.0006424	5.2392751	0.0589959	0.0589959	0.21	0.9371
0.0006432	5.3683723	0.1015395	0.1015395	0.21	0.9371
0.0006447	5.2162234	0.1218839	0.1218839	0.21	0.9371
0.0006459	5.266	0.03	0.03	0.21	0.9371
0.0006462	5.4189119	0.1477574	0.1477574	0.21	0.9371
0.0006477	5.2540365	0.098778	0.098778	0.21	0.9371
0.0006492	5.6197499	0.129132	0.129132	0.21	0.9371
0.0006507	4.9687672	0.0824643	0.0824643	0.21	0.9371
0.0006522	5.3713579	0.1088625	0.1088625	0.21	0.9371
0.0006537	5.3921747	0.1021823	0.1021823	0.21	0.9371
0.0006552	5.1671874	0.1493888	0.1493888	0.21	0.9371
0.0006567	5.4134091	0.2745852	0.2745852	0.21	0.9371
0.0006574	5.3079735	0.058061	0.058061	0.21	0.9371
0.0006582	5.5980171	0.1719371	0.1719371	0.21	0.9371
0.0006597	5.2461534	0.1533672	0.1533672	0.21	0.9371
0.0006609	5.296	0.03	0.03	0.21	0.9371
0.0006612	5.4573416	0.1430882	0.1430882	0.21	0.9371
0.0006627	5.497512	0.1334334	0.1334334	0.21	0.9371
0.0006642	5.1719397	0.1330818	0.1330818	0.21	0.9371
0.0006657	5.1388568	0.1022984	0.1022984	0.21	0.9371
0.0006672	5.5152118	0.1927773	0.1927773	0.21	0.9371
0.0006687	5.2696067	0.1765773	0.1765773	0.21	0.9371
0.0006702	5.4543753	0.1452784	0.1452784	0.21	0.9371
0.0006717	5.4590779	0.1175241	0.1175241	0.21	0.9371
0.0006724	5.4047058	0.068274	0.068274	0.21	0.9371
0.0006732	5.2979872	0.1384049	0.1384049	0.21	0.9371
0.0006747	5.6121219	0.1331489	0.1331489	0.21	0.9371
0.0006759	5.376	0.03	0.03	0.21	0.9371
0.0006762	5.4752211	0.1156819	0.1156819	0.21	0.9371
0.0006777	5.3883143	0.1468352	0.1468352	0.21	0.9371
0.0006792	5.5735087	0.126335	0.126335	0.21	0.9371
0.0006807	5.2656625	0.0986196	0.0986196	0.21	0.9371
0.0006822	5.1682432	0.128165	0.128165	0.21	0.9371
0.0006837	5.3532961	0.2088806	0.2088806	0.21	0.9371
0.0006852	5.6506567	0.225004	0.225004	0.21	0.9371
0.0006867	5.6288475	0.2525098	0.2525098	0.21	0.9371
0.0006874	5.4431721	0.1146334	0.1146334	0.21	0.9371
0.0006882	5.4502419	0.1622413	0.1622413	0.21	0.9371
0.0006897	5.2200554	0.0981108	0.0981108	0.21	0.9371
0.0006909	5.576	0.04	0.04	0.21	0.9371
0.0006912	5.6034694	0.1941598	0.1941598	0.21	0.9371
0.0006927	5.6810682	0.167944	0.167944	0.21	0.9371
0.0006942	5.6563848	0.1819066	0.1819066	0.21	0.9371
0.0006957	5.5467903	0.233876	0.233876	0.21	0.9371
0.0006973	5.6901274	0.194074	0.194074	0.21	0.9371
0.0006988	5.8926852	0.1706555	0.1706555	0.21	0.9371
0.0007003	5.5118354	0.1205071	0.1205071	0.21	0.9371
0.0007018	5.5216926	0.1671049	0.1671049	0.21	0.9371
0.0007025	5.6023579	0.0791376	0.0791376	0.21	0.9371
0.0007033	5.7979687	0.1725008	0.1725008	0.21	0.9371
0.0007048	5.5487025	0.1452692	0.1452692	0.21	0.9371
0.0007059	5.646	0.04	0.04	0.21	0.9371
0.0007063	5.4863854	0.1710446	0.1710446	0.21	0.9371
0.0007078	5.4805193	0.1343475	0.1343475	0.21	0.9371
0.0007093	5.4416012	0.1214294	0.1214294	0.21	0.9371
0.0007108	5.4371132	0.1663378	0.1663378	0.21	0.9371
0.0007123	5.9176663	0.2071044	0.2071044	0.21	0.9371
0.0007138	5.6195162	0.157715	0.157715	0.21	0.9371
0.0007153	5.5206392	0.1492127	0.1492127	0.21	0.9371
0.0007168	5.7846031	0.2417958	0.2417958	0.21	0.9371
0.0007175	5.6974423	0.0956499	0.0956499	0.21	0.9371
0.0007183	5.7756147	0.1699151	0.1699151	0.21	0.9371
0.0007198	5.5426275	0.1160162	0.1160162	0.21	0.9371
0.0007209	5.856	0.05	0.05	0.21	0.9371
0.0007213	5.9818934	0.2049365	0.2049365	0.21	0.9371
0.0007228	5.6096719	0.1557296	0.1557296	0.21	0.9371
0.0007243	5.7066974	0.175149	0.175149	0.21	0.9371
0.0007258	5.6851275	0.1690634	0.1690634	0.21	0.9371
0.0007273	5.8278942	0.1670091	0.1670091	0.21	0.9371
0.0007288	6.1930477	0.2482214	0.2482214	0.21	0.9371
0.0007303	6.0116005	0.2520058	0.2520058	0.21	0.9371
0.0007318	6.1847021	0.2367392	0.2367392	0.21	0.9371
0.0007325	5.9364765	0.0858394	0.0858394	0.21	0.9371
0.0007333	5.9809361	0.2155018	0.2155018	0.21	0.9371
0.0007348	5.7853334	0.1828747	0.1828747	0.21	0.9371
0.0007359	5.856	0.04	0.04	0.21	0.9371
0.0007363	5.730961	0.1819063	0.1819063	0.21	0.9371
0.0007378	5.8027009	0.1949753	0.1949753	0.21	0.9371
0.0007393	5.7782431	0.2535301	0.2535301	0.21	0.9371
0.0007408	5.9253953	0.1752528	0.1752528	0.21	0.9371
0.0007423	6.346771	0.2533349	0.2533349	0.21	0.9371
0.0007438	5.7340675	0.1823191	0.1823191	0.21	0.9371
0.0007453	5.9200652	0.2007155	0.2007155	0.21	0.9371
0.0007468	5.9730451	0.2639534	0.2639534	0.21	0.9371
0.0007475	5.9109894	0.0996366	0.0996366	0.21	0.9371
0.0007483	6.0416114	0.2324807	0.2324807	0.21	0.9371
0.0007498	6.1374776	0.2796743	0.2796743	0.21	0.9371
0.0007509	6.016	0.05	0.05	0.21	0.9371
0.0007513	5.8974138	0.209638	0.209638	0.21	0.9371
0.0007528	5.6823977	0.1580605	0.1580605	0.21	0.9371
0.0007543	5.7138935	0.1576075	0.1576075	0.21	0.9371
0.0007558	6.2786943	0.2466603	0.2466603	0.21	0.9371
0.0007573	5.9548424	0.1918687	0.1918687	0.21	0.9371
0.0007588	6.1291122	0.221854	0.221854	0.21	0.9371
0.0007603	5.9651696	0.174158	0.174158	0.21	0.9371
0.0007618	5.8969378	0.1828626	0.1828626	0.21	0.9371
0.0007625	6.1690802	0.0977518	0.0977518	0.21	0.9371
0.0007633	6.4522735	0.2944248	0.2944248	0.21	0.9371
0.0007648	6.161543	0.2063051	0.2063051	0.21	0.9371
0.000766	6.096	0.06	0.06	0.21	0.9371
0.0007663	6.421128	0.2615168	0.2615168	0.21	0.9371
0.0007678	6.2278602	0.2757747	0.2757747	0.21	0.9371
0.0007693	6.2076218	0.2995565	0.2995565	0.21	0.9371
0.0007708	6.2930547	0.2922761	0.2922761	0.21	0.9371
0.0007723	6.1337341	0.2209502	0.2209502	0.21	0.9371
0.0007738	6.4480307	0.3121965	0.3121965	0.21	0.9371
0.0007753	6.1629563	0.2363315	0.2363315	0.21	0.9371
0.0007768	6.1766088	0.2081915	0.2081915	0.21	0.9371
0.0007775	6.1817414	0.1067145	0.1067145	0.21	0.9371
0.0007783	6.0443072	0.2129844	0.2129844	0.21	0.9371
0.0007798	6.2588268	0.2604256	0.2604256	0.21	0.9371
0.000781	6.316	0.07	0.07	0.21	0.9371
0.0007813	6.3136281	0.2705121	0.2705121	0.21	0.9371
0.0007822	6.372	0.02	0.02	0.21	0.9371
0.0007828	5.9667934	0.1866763	0.1866763	0.21	0.9371
0.0007843	6.1439659	0.3177207	0.3177207	0.21	0.9371
0.0007858	6.4529805	0.2680903	0.2680903	0.21	0.9371
0.0007873	6.506204	0.2798848	0.2798848	0.21	0.9371
0.0007888	6.2964582	0.2459088	0.2459088	0.21	0.9371
0.0007903	6.4075771	0.3340089	0.3340089	0.21	0.9371
0.0007918	6.1296695	0.240847	0.240847	0.21	0.9371
0.0007925	6.4571863	0.1311462	0.1311462	0.21	0.9371
0.0007933	6.8119515	0.3855628	0.3855628	0.21	0.9371
0.0007948	6.5116514	0.3172004	0.3172004	0.21	0.9371
0.000796	6.436	0.08	0.08	0.21	0.9371
0.0007963	6.5666594	0.3108394	0.3108394	0.21	0.9371
0.0007978	6.4275369	0.315615	0.315615	0.21	0.9371
0.0007993	6.4352595	0.3020903	0.3020903	0.21	0.9371
0.0008008	6.7823688	0.3708055	0.3708055	0.21	0.9371
0.0008023	6.3605508	0.2745234	0.2745234	0.21	0.9371
0.0008038	6.5689564	0.3325779	0.3325779	0.21	0.9371
0.0008053	6.4178048	0.292612	0.292612	0.21	0.9371
0.0008068	6.4607586	0.3094618	0.3094618	0.21	0.9371
0.0008075	6.5221309	0.1433454	0.1433454	0.21	0.9371
0.0008083	6.4658453	0.3706936	0.3706936	0.21	0.9371
0.0008098	6.991174	0.4320701	0.4320701	0.21	0.9371
0.000811	6.556	0.08	0.08	0.21	0.9371
0.0008113	6.5778954	0.3294749	0.3294749	0.21	0.9371
0.0008128	6.1626095	0.2614002	0.2614002	0.21	0.9371
0.0008137	6.719	0.035	0.035	0.21	0.9371
0.0008143	6.5244896	0.3523141	0.3523141	0.21	0.9371
0.0008158	6.6784872	0.3796772	0.3796772	0.21	0.9371
0.0008173	6.1978415	0.2597033	0.2597033	0.21	0.9371
0.0008188	6.6157747	0.3434474	0.3434474	0.21	0.9371
0.0008203	6.6420361	0.328906	0.328906	0.21	0.9371
0.0008218	6.9336135	0.4861129	0.4861129	0.21	0.9371
0.0008225	6.630139	0.1553896	0.1553896	0.21	0.9371
0.0008233	6.5049089	0.337331	0.337331	0.21	0.9371
0.0008248	7.0745181	0.4699344	0.4699344	0.21	0.9371
0.000826	6.766	0.1	0.1	0.21	0.9371
0.0008263	6.4459196	0.2748693	0.2748693	0.21	0.9371
0.0008278	6.4263421	0.317609	0.317609	0.21	0.9371
0.0008293	6.8078458	0.4017652	0.4017652	0.21	0.9371
0.0008308	6.7398285	0.4170519	0.4170519	0.21	0.9371
0.0008323	6.5297356	0.3332278	0.3332278	0.21	0.9371
0.0008338	6.5205731	0.2869568	0.2869568	0.21	0.9371
0.0008353	6.924748	0.4642035	0.4642035	0.21	0.9371
0.0008368	6.8562731	0.4155983	0.4155983	0.21	0.9371
0.0008375	6.8520421	0.1965631	0.1965631	0.21	0.9371
0.0008383	7.2156536	0.6668684	0.6668684	0.21	0.9371
0.0008398	6.7971749	0.3979684	0.3979684	0.21	0.9371
0.000841	6.656	0.1	0.1	0.21	0.9371
0.0008428	6.9427907	0.4118619	0.4118619	0.21	0.9371
0.0008443	6.7109702	0.4570581	0.4570581	0.21	0.9371
0.0008458	6.8438193	0.4359892	0.4359892	0.21	0.9371
0.0008473	6.859585	0.407773	0.407773	0.21	0.9371
0.0008488	6.2594223	0.2167748	0.2167748	0.21	0.9371
0.0008503	6.8626063	0.4312986	0.4312986	0.21	0.9371
0.0008518	6.7158168	0.3500088	0.3500088	0.21	0.9371
0.0008525	6.8614459	0.1846318	0.1846318	0.21	0.9371
0.0008533	6.5671214	0.3500539	0.3500539	0.21	0.9371
0.0008548	7.1565861	0.6098269	0.6098269	0.21	0.9371
0.0008578	7.0802782	0.5364826	0.5364826	0.21	0.9371
0.0008593	6.9126484	0.4502858	0.4502858	0.21	0.9371
0.0008608	6.6849932	0.3841592	0.3841592	0.21	0.9371
0.0008623	6.9284686	0.4764001	0.4764001	0.21	0.9371
0.0008653	6.8917232	0.4662678	0.4662678	0.21	0.9371
0.0008675	7.0471275	0.21993	0.21993	0.21	0.9371
0.0008683	6.9228999	0.3872685	0.3872685	0.21	0.9371
0.0008698	7.0105951	0.5591716	0.5591716	0.21	0.9371
0.0008728	6.6911766	0.3757122	0.3757122	0.21	0.9371
0.0008743	7.2548085	0.5457515	0.5457515	0.21	0.9371
0.0008788	6.5998099	0.3555062	0.3555062	0.21	0.9371
0.0008818	6.603465	0.3973311	0.3973311	0.21	0.9371
0.0008825	7.0940309	0.2437554	0.2437554	0.21	0.9371
0.000884	6.996	0.11	0.11	0.21	0.9371
0.0008848	7.0782207	0.5041157	0.5041157	0.21	0.9371
0.0008863	7.0249209	0.5059635	0.5059635	0.21	0.9371
0.0008878	7.1924862	0.6018177	0.6018177	0.21	0.9371
0.0008893	6.9593608	0.4022702	0.4022702	0.21	0.9371
0.0008923	6.9397429	0.4628258	0.4628258	0.21	0.9371
0.0008938	6.7140363	0.3716409	0.3716409	0.21	0.9371
0.0008953	6.8652534	0.398477	0.398477	0.21	0.9371
0.0008968	7.384553	0.7006551	0.7006551	0.21	0.9371
0.0008976	7.0672515	0.2298489	0.2298489	0.21	0.9371
0.0008983	7.4051642	0.6916757	0.6916757	0.21	0.9371
0.0008998	6.7635644	0.399676	0.399676	0.21	0.9371
0.0009013	6.9030901	0.4103305	0.4103305	0.21	0.9371
0.0009028	6.9415193	0.497732	0.497732	0.21	0.9371
0.0009043	7.2465582	0.5908687	0.5908687	0.21	0.9371
0.0009088	7.0077163	0.5521565	0.5521565	0.21	0.9371
0.0009118	7.1501484	0.5083884	0.5083884	0.21	0.9371
0.0009126	7.0643566	0.2255475	0.2255475	0.21	0.9371
0.0009148	7.105906	0.6114748	0.6114748	0.21	0.9371
0.0009276	7.36744	0.3032511	0.3032511	0.21	0.9371
0.0009426	7.4314651	0.3348285	0.3348285	0.21	0.9371
0.0009441	7.296	0.14	0.14	0.21	0.9371
0.0009576	7.4450989	0.3158809	0.3158809	0.21	0.9371
0.0009726	7.5183415	0.3536363	0.3536363	0.21	0.9371
0.0010026	7.5499982	0.3504217	0.3504217	0.21	0.9371
0.0010041	7.696	0.2	0.2	0.21	0.9371
0.001028	7.856	0.04	0.04	0.21	0.9371
0.0010326	7.760212	0.4377871	0.4377871	0.21	0.9371
0.0010626	8.3781765	0.7761751	0.7761751	0.21	0.9371
0.0010842	7.915	0.089	0.089	0.21	0.9371
0.0010927	8.1473147	0.601066	0.601066	0.21	0.9371
0.0011077	8.382214	0.7772579	0.7772579	0.21	0.9371
0.0011227	8.2574198	0.7036039	0.7036039	0.21	0.9371
0.0011242	8.246	0.33	0.33	0.21	0.9371
0.0011939	8.406	0.05	0.05	0.21	0.9371
0.0012354	8.312	0.02	0.02	0.21	0.9371
0.0012754	8.32	0.02	0.02	0.21	0.9371
0.0012907	8.379	0.02	0.02	0.21	0.9371
0.0013336	8.462	0.1	0.1	0.21	0.9371
0.0013629	8.766	0.05	0.05	0.21	0.9371
0.0014451	8.718	0.02	0.02	0.21	0.9371
0.0014451	8.728	0.02	0.02	0.21	0.9371
0.0014594	8.73	0.02	0.02	0.21	0.9371
0.0015297	8.996	0.1	0.1	0.21	0.9371
0.0015949	8.988	0.02	0.02	0.21	0.9371
0.0015949	8.953	0.02	0.02	0.21	0.9371
0.0016454	9.057	0.021	0.021	0.21	0.9371
0.0016876	9.192	0.02	0.02	0.21	0.9371
0.0017445	9.187	0.02	0.02	0.21	0.9371
0.0017445	9.169	0.02	0.02	0.21	0.9371
0.0018303	9.364	0.021	0.021	0.21	0.9371
0.0018943	9.383	0.02	0.02	0.21	0.9371
0.0018943	9.402	0.02	0.02	0.21	0.9371
0.0020015	9.636	0.09	0.09	0.21	0.9371
0.0020139	9.563	0.021	0.021	0.21	0.9371
0.0020439	9.591	0.02	0.02	0.21	0.9371
0.0020439	9.581	0.02	0.02	0.21	0.9371
0.002151	9.802	0.02	0.02	0.21	0.9371
0.0021977	9.804	0.021	0.021	0.21	0.9371
0.0022053	9.725	0.02	0.02	0.21	0.9371
0.0022053	9.78	0.02	0.02	0.21	0.9371
0.0023396	9.956	0.15	0.15	0.21	0.9371
0.0023548	9.896	0.02	0.02	0.21	0.9371
0.0023548	9.957	0.02	0.02	0.21	0.9371
0.0023833	9.953	0.022	0.022	0.21	0.9371
0.0025022	10.103	0.02	0.02	0.21	0.9371
0.0025022	10.112	0.02	0.02	0.21	0.9371
0.0025671	10.123	0.022	0.022	0.21	0.9371
0.0026027	10.242	0.02	0.02	0.21	0.9371
0.0026495	10.212	0.02	0.02	0.21	0.9371
0.0026495	10.263	0.02	0.02	0.21	0.9371
0.0026495	10.222	0.02	0.02	0.21	0.9371
0.0027551	10.403	0.023	0.023	0.21	0.9371
0.0027969	10.389	0.02	0.02	0.21	0.9371
0.0027969	10.424	0.02	0.02	0.21	0.9371
0.0027969	10.371	0.02	0.02	0.21	0.9371
0.0028469	10.546	0.12	0.12	0.21	0.9371
0.002936	10.539	0.024	0.024	0.21	0.9371
0.0029442	10.542	0.02	0.02	0.21	0.9371
0.0029442	10.54	0.02	0.02	0.21	0.9371
0.0029442	10.487	0.02	0.02	0.21	0.9371
0.0030543	10.712	0.02	0.02	0.21	0.9371
0.0030949	10.666	0.02	0.02	0.21	0.9371
0.0030949	10.681	0.02	0.02	0.21	0.9371
0.0030949	10.609	0.02	0.02	0.21	0.9371
0.0031211	10.687	0.024	0.024	0.21	0.9371
0.0032446	10.782	0.02	0.02	0.21	0.9371
0.0032446	10.787	0.02	0.02	0.21	0.9371
0.0032446	10.763	0.02	0.02	0.21	0.9371
0.0033047	10.837	0.026	0.026	0.21	0.9371
0.0033942	10.898	0.02	0.02	0.21	0.9371
0.0033942	10.943	0.02	0.02	0.21	0.9371
0.0033942	10.897	0.02	0.02	0.21	0.9371
0.0034895	11.019	0.028	0.028	0.21	0.9371
0.0035059	11.052	0.03	0.03	0.21	0.9371
0.0035439	11.022	0.02	0.02	0.21	0.9371
0.0035439	11.072	0.02	0.02	0.21	0.9371
0.0035439	11.025	0.02	0.02	0.21	0.9371
0.0036706	11.22	0.028	0.028	0.21	0.9371
0.0036934	11.185	0.02	0.02	0.21	0.9371
0.0036934	11.166	0.02	0.02	0.21	0.9371
0.0036934	11.128	0.02	0.02	0.21	0.9371
0.0038431	11.274	0.02	0.02	0.21	0.9371
0.0038431	11.305	0.02	0.02	0.21	0.9371
0.0038431	11.292	0.02	0.02	0.21	0.9371
0.0038566	11.329	0.03	0.03	0.21	0.9371
0.0039574	11.392	0.03	0.03	0.21	0.9371
0.0039903	11.39	0.02	0.02	0.21	0.9371
0.0039903	11.423	0.02	0.02	0.21	0.9371
0.0039903	11.381	0.02	0.02	0.21	0.9371
0.0040424	11.544	0.035	0.035	0.21	0.9371
0.0042263	11.548	0.035	0.035	0.21	0.9371
0.0042346	11.656	0.22	0.22	0.21	0.9371
0.0042795	11.58	0.02	0.02	0.21	0.9371
0.0042795	11.587	0.02	0.02	0.21	0.9371
0.0042795	11.551	0.02	0.02	0.21	0.9371
0.0043503	11.796	0.15	0.15	0.21	0.9371
0.004406	11.772	0.039	0.039	0.21	0.9371
0.0044204	11.732	0.04	0.04	0.21	0.9371
0.0044661	11.786	0.15	0.15	0.21	0.9371
0.0045818	11.846	0.14	0.14	0.21	0.9371
0.0045896	11.789	0.039	0.039	0.21	0.9371
0.0046901	11.869	0.02	0.02	0.21	0.9371
0.0046901	11.85	0.02	0.02	0.21	0.9371
0.0046901	11.745	0.02	0.02	0.21	0.9371
0.0046976	11.966	0.12	0.12	0.21	0.9371
0.0048133	11.976	0.12	0.12	0.21	0.9371
0.0048719	11.902	0.04	0.04	0.21	0.9371
0.0049291	12.096	0.11	0.11	0.21	0.9371
0.0049347	11.937	0.03	0.03	0.21	0.9371
0.0050448	12.096	0.11	0.11	0.21	0.9371
0.0051017	12.066	0.02	0.02	0.21	0.9371
0.0051017	11.996	0.02	0.02	0.21	0.9371
0.0051017	12.018	0.02	0.02	0.21	0.9371
0.0051606	12.226	0.1	0.1	0.21	0.9371
0.0052763	12.216	0.1	0.1	0.21	0.9371
0.0053921	12.226	0.1	0.1	0.21	0.9371
0.0053973	12.194	0.033	0.033	0.21	0.9371
0.0055078	12.246	0.1	0.1	0.21	0.9371
0.0055099	12.208	0.02	0.02	0.21	0.9371
0.0055099	12.136	0.02	0.02	0.21	0.9371
0.0055099	12.085	0.02	0.02	0.21	0.9371
0.0056235	12.326	0.09	0.09	0.21	0.9371
0.0057393	12.336	0.09	0.09	0.21	0.9371
0.0057748	12.322	0.05	0.05	0.21	0.9371
0.0058263	12.376	0.13	0.13	0.21	0.9371
0.0058538	12.395	0.038	0.038	0.21	0.9371
0.0059129	12.436	0.09	0.09	0.21	0.9371
0.0059285	12.405	0.02	0.02	0.21	0.9371
0.0059285	12.315	0.02	0.02	0.21	0.9371
0.0059285	12.275	0.02	0.02	0.21	0.9371
0.0060287	12.466	0.09	0.09	0.21	0.9371
0.0061444	12.536	0.08	0.08	0.21	0.9371
0.0062262	12.422	0.06	0.06	0.21	0.9371
0.0062438	12.429119	0.04	0.04	0.21	0.9371
0.0062601	12.596	0.08	0.08	0.21	0.9371
0.0063019	12.589	0.043	0.043	0.21	0.9371
0.0063365	12.461	0.02	0.02	0.21	0.9371
0.0063365	12.517	0.021	0.021	0.21	0.9371
0.0063365	12.456	0.02	0.02	0.21	0.9371
0.0063759	12.606	0.08	0.08	0.21	0.9371
0.0064916	12.606	0.08	0.08	0.21	0.9371
0.0066074	12.676	0.08	0.08	0.21	0.9371
0.0066777	12.482	0.05	0.05	0.21	0.9371
0.0067163	12.666	0.09	0.09	0.21	0.9371
0.0067481	12.622	0.02	0.02	0.21	0.9371
0.0067481	12.574	0.021	0.021	0.21	0.9371
0.0067481	12.483	0.02	0.02	0.21	0.9371
0.0067481	12.5	0.021	0.021	0.21	0.9371
0.0067692	12.671	0.047	0.047	0.21	0.9371
0.0069389	12.677	0.02	0.02	0.21	0.9371
0.0071596	12.726	0.02	0.02	0.21	0.9371
0.0071596	12.731	0.021	0.021	0.21	0.9371
0.0071596	12.703	0.02	0.02	0.21	0.9371
0.0071596	12.665	0.021	0.021	0.21	0.9371
0.0072283	12.782	0.02	0.02	0.21	0.9371
0.0072291	12.723	0.047	0.047	0.21	0.9371
0.007244	12.578045	0.26	0.26	0.21	0.9371
0.0073012	12.662	0.05	0.05	0.21	0.9371
0.0073032	12.923	0.028	0.028	0.21	0.9371
0.0075061	12.869	0.01	0.01	0.21	0.9371
0.0075712	12.858	0.02	0.02	0.21	0.9371
0.0075712	12.81	0.021	0.021	0.21	0.9371
0.0075712	12.771	0.02	0.02	0.21	0.9371
0.0075712	12.807	0.021	0.021	0.21	0.9371
0.0075926	12.813	0.042	0.042	0.21	0.9371
0.0077383	12.859	0.02	0.02	0.21	0.9371
0.0079826	12.949	0.02	0.02	0.21	0.9371
0.0079826	12.979	0.021	0.021	0.21	0.9371
0.0079826	12.876	0.02	0.02	0.21	0.9371
0.0079826	12.85	0.022	0.022	0.21	0.9371
0.0081	13.032	0.02	0.02	0.21	0.9371
0.0081428	12.95	0.03	0.03	0.21	0.9371
0.0082292	13.039	0.04	0.04	0.21	0.9371
0.0082427	12.982	0.07	0.07	0.21	0.9371
0.0083435	13.066	0.1	0.1	0.21	0.9371
0.0083918	12.97	0.02	0.02	0.21	0.9371
0.0083918	13.01	0.021	0.021	0.21	0.9371
0.0083918	12.944	0.02	0.02	0.21	0.9371
0.0083918	12.938	0.021	0.021	0.21	0.9371
0.0084593	13.116	0.08	0.08	0.21	0.9371
0.0085382	13.076	0.13	0.13	0.21	0.9371
0.0087215	13.157	0.03	0.03	0.21	0.9371
0.0087998	13.083	0.021	0.021	0.21	0.9371
0.0087998	13.113	0.021	0.021	0.21	0.9371
0.0087998	13.006	0.02	0.02	0.21	0.9371
0.0087998	13.046	0.022	0.022	0.21	0.9371
0.0088988	13.222	0.02	0.02	0.21	0.9371
0.0090109	13.172	0.02	0.02	0.21	0.9371
0.0092124	13.188	0.021	0.021	0.21	0.9371
0.0092124	13.196	0.022	0.022	0.21	0.9371
0.0092124	13.157	0.02	0.02	0.21	0.9371
0.0092124	13.107	0.022	0.022	0.21	0.9371
0.0092377	13.169119	0.04	0.04	0.21	0.9371
0.0092887	13.279	0.01	0.01	0.21	0.9371
0.0093866	13.392	0.046	0.046	0.21	0.9371
0.0095323	13.369	0.02	0.02	0.21	0.9371
0.0096263	13.242	0.021	0.021	0.21	0.9371
0.0096263	13.246	0.022	0.022	0.21	0.9371
0.0096263	13.252	0.021	0.021	0.21	0.9371
0.0096263	13.149	0.022	0.022	0.21	0.9371
0.0097091	13.352	0.02	0.02	0.21	0.9371
0.0099485	13.38	0.03	0.03	0.21	0.9371
0.0100377	13.288	0.021	0.021	0.21	0.9371
0.0100377	13.343	0.022	0.022	0.21	0.9371
0.0100377	13.288	0.021	0.021	0.21	0.9371
0.0100377	13.279	0.022	0.022	0.21	0.9371
0.0102325	13.328045	0.05	0.05	0.21	0.9371
0.0104481	13.475	0.021	0.021	0.21	0.9371
0.0104481	13.445	0.022	0.022	0.21	0.9371
0.0104481	13.385	0.021	0.021	0.21	0.9371
0.0104481	13.382	0.023	0.023	0.21	0.9371
0.0108509	13.612	0.03	0.03	0.21	0.9371
0.0108595	13.489	0.021	0.021	0.21	0.9371
0.0108595	13.529	0.022	0.022	0.21	0.9371
0.0108595	13.5	0.021	0.021	0.21	0.9371
0.0108595	13.548	0.023	0.023	0.21	0.9371
0.0112663	13.577	0.021	0.021	0.21	0.9371
0.0112663	13.653	0.023	0.023	0.21	0.9371
0.0112663	13.662	0.021	0.021	0.21	0.9371
0.0112663	13.586	0.024	0.024	0.21	0.9371
0.0114107	13.616	0.1	0.1	0.21	0.9371
0.0115265	13.616	0.08	0.08	0.21	0.9371
0.0115555	13.726	0.12	0.12	0.21	0.9371
0.0115579	13.672	0.04	0.04	0.21	0.9371
0.0116422	13.646	0.08	0.08	0.21	0.9371
0.0116742	13.663	0.021	0.021	0.21	0.9371
0.0116742	13.696	0.023	0.023	0.21	0.9371
0.0116742	13.716	0.021	0.021	0.21	0.9371
0.0116742	13.569	0.024	0.024	0.21	0.9371
0.0117591	13.676	0.08	0.08	0.21	0.9371
0.0118749	13.696	0.08	0.08	0.21	0.9371
0.0119906	13.896	0.09	0.09	0.21	0.9371
0.012088	13.726	0.021	0.021	0.21	0.9371
0.012088	13.808	0.023	0.023	0.21	0.9371
0.012088	13.725	0.021	0.021	0.21	0.9371
0.012088	13.687	0.024	0.024	0.21	0.9371
0.0121063	13.826	0.09	0.09	0.21	0.9371
0.0122221	13.826	0.08	0.08	0.21	0.9371
0.01233	13.902	0.05	0.05	0.21	0.9371
0.0123378	13.856	0.09	0.09	0.21	0.9371
0.0124536	13.846	0.09	0.09	0.21	0.9371
0.0125041	13.823	0.021	0.021	0.21	0.9371
0.0125041	13.842	0.023	0.023	0.21	0.9371
0.0125041	13.858	0.021	0.021	0.21	0.9371
0.0125041	13.722	0.024	0.024	0.21	0.9371
0.0125693	13.836	0.09	0.09	0.21	0.9371
0.0126851	13.916	0.09	0.09	0.21	0.9371
0.0128008	14.036	0.09	0.09	0.21	0.9371
0.0129165	13.926	0.09	0.09	0.21	0.9371
0.0129191	13.903	0.022	0.022	0.21	0.9371
0.0129191	13.904	0.024	0.024	0.21	0.9371
0.0129191	13.886	0.022	0.022	0.21	0.9371
0.0129191	13.861	0.026	0.026	0.21	0.9371
0.0130323	13.926	0.09	0.09	0.21	0.9371
0.013148	13.926	0.09	0.09	0.21	0.9371
0.0132469	13.879119	0.13	0.13	0.21	0.9371
0.0132638	14.076	0.09	0.09	0.21	0.9371
0.0133387	13.994	0.022	0.022	0.21	0.9371
0.0133387	13.945	0.024	0.024	0.21	0.9371
0.0133387	13.907	0.022	0.022	0.21	0.9371
0.0133387	13.911	0.026	0.026	0.21	0.9371
0.0133438	14.072	0.06	0.06	0.21	0.9371
0.0133795	13.996	0.09	0.09	0.21	0.9371
0.0133912	14.011	0.022	0.022	0.21	0.9371
0.0134952	14.036	0.09	0.09	0.21	0.9371
0.013611	14.156	0.09	0.09	0.21	0.9371
0.0137267	14.106	0.09	0.09	0.21	0.9371
0.0137466	14.057	0.022	0.022	0.21	0.9371
0.0137466	14.036	0.024	0.024	0.21	0.9371
0.0137466	13.982	0.022	0.022	0.21	0.9371
0.0137466	13.992	0.026	0.026	0.21	0.9371
0.01375	14.028	0.013	0.013	0.21	0.9371
0.0138068	14.282	0.08	0.08	0.21	0.9371
0.0138425	14.236	0.1	0.1	0.21	0.9371
0.0139582	14.036	0.09	0.09	0.21	0.9371
0.014074	14.066	0.09	0.09	0.21	0.9371
0.0140856	14.088	0.008	0.008	0.21	0.9371
0.0141592	14.104	0.023	0.023	0.21	0.9371
0.0141592	14.134	0.026	0.026	0.21	0.9371
0.0141592	14.128	0.022	0.022	0.21	0.9371
0.0141592	14.053	0.028	0.028	0.21	0.9371
0.0141897	14.226	0.1	0.1	0.21	0.9371
0.0142582	14.182	0.07	0.07	0.21	0.9371
0.0143054	14.176	0.09	0.09	0.21	0.9371
0.0144212	14.086	0.09	0.09	0.21	0.9371
0.0144444	14.108	0.022	0.022	0.21	0.9371
0.0145369	14.196	0.1	0.1	0.21	0.9371
0.014573	14.062	0.022	0.022	0.21	0.9371
0.014573	14.151	0.026	0.026	0.21	0.9371
0.014573	14.117	0.022	0.022	0.21	0.9371
0.014573	14.114	0.028	0.028	0.21	0.9371
0.0146527	14.276	0.1	0.1	0.21	0.9371
0.0147096	14.262	0.08	0.08	0.21	0.9371
0.0147684	14.296	0.1	0.1	0.21	0.9371
0.0148032	14.13	0.012	0.012	0.21	0.9371
0.0148841	14.156	0.09	0.09	0.21	0.9371
0.0149856	14.186	0.022	0.022	0.21	0.9371
0.0149856	14.252	0.026	0.026	0.21	0.9371
0.0149856	14.277	0.022	0.022	0.21	0.9371
0.0149856	14.151	0.028	0.028	0.21	0.9371
0.0149955	14.148045	0.07	0.07	0.21	0.9371
0.0149999	14.216	0.1	0.1	0.21	0.9371
0.0151156	14.446	0.1	0.1	0.21	0.9371
0.0151389	14.233	0.007	0.007	0.21	0.9371
0.0151726	14.251	0.09	0.09	0.21	0.9371
0.0152314	14.276	0.1	0.1	0.21	0.9371
0.0153471	14.376	0.1	0.1	0.21	0.9371
0.0153959	14.282	0.023	0.023	0.21	0.9371
0.0153959	14.391	0.028	0.028	0.21	0.9371
0.0153959	14.249	0.022	0.022	0.21	0.9371
0.0153959	14.281	0.031	0.031	0.21	0.9371
0.0154629	14.296	0.1	0.1	0.21	0.9371
0.0154977	14.317	0.022	0.022	0.21	0.9371
0.0155786	14.336	0.1	0.1	0.21	0.9371
0.0156943	14.556	0.11	0.11	0.21	0.9371
0.0158084	14.384	0.023	0.023	0.21	0.9371
0.0158084	14.3	0.026	0.026	0.21	0.9371
0.0158084	14.304	0.022	0.022	0.21	0.9371
0.0158084	14.295	0.03	0.03	0.21	0.9371
0.0158101	14.426	0.1	0.1	0.21	0.9371
0.0158179	14.402	0.08	0.08	0.21	0.9371
0.0158565	14.267	0.015	0.015	0.21	0.9371
0.015868	14.406	0.1	0.1	0.21	0.9371
0.0159698	14.296	0.11	0.11	0.21	0.9371
0.0161871	14.367	0.06	0.06	0.21	0.9371
0.0162212	14.349	0.024	0.024	0.21	0.9371
0.0162212	14.334	0.028	0.028	0.21	0.9371
0.0162212	14.38	0.023	0.023	0.21	0.9371
0.0162212	14.401	0.033	0.033	0.21	0.9371
0.01625	14.396	0.011	0.011	0.21	0.9371
0.0164649	14.412	0.05	0.05	0.21	0.9371
0.0165509	14.557	0.042	0.042	0.21	0.9371
0.0166088	14.481	0.025	0.025	0.21	0.9371
0.0166167	14.472	0.09	0.09	0.21	0.9371
0.0166301	14.442	0.023	0.023	0.21	0.9371
0.0166301	14.483	0.028	0.028	0.21	0.9371
0.0166301	14.427	0.022	0.022	0.21	0.9371
0.0166301	14.39	0.03	0.03	0.21	0.9371
0.0166835	14.418808	0.2	0.2	0.21	0.9371
0.0168287	14.491	0.046	0.046	0.21	0.9371
0.016956	14.427	0.02	0.02	0.21	0.9371
0.0170321	14.489	0.04	0.04	0.21	0.9371
0.0170393	14.523	0.024	0.024	0.21	0.9371
0.0170393	14.507	0.028	0.028	0.21	0.9371
0.0170393	14.418	0.023	0.023	0.21	0.9371
0.0170393	14.481	0.031	0.031	0.21	0.9371
0.0172522	14.476	0.01	0.01	0.21	0.9371
0.0173032	14.52	0.013	0.013	0.21	0.9371
0.0174155	14.542	0.09	0.09	0.21	0.9371
0.0174495	14.557	0.025	0.025	0.21	0.9371
0.0174495	14.563	0.032	0.032	0.21	0.9371
0.0174495	14.7	0.024	0.024	0.21	0.9371
0.0174495	14.56	0.038	0.038	0.21	0.9371
0.017495	14.43	0.06	0.06	0.21	0.9371
0.0175694	14.691	0.076	0.076	0.21	0.9371
0.017662	14.605	0.026	0.026	0.21	0.9371
0.0177187	14.506	0.12	0.12	0.21	0.9371
0.0178575	14.557	0.023	0.023	0.21	0.9371
0.0178575	14.601	0.028	0.028	0.21	0.9371
0.0178575	14.586	0.022	0.022	0.21	0.9371
0.0178575	14.566	0.032	0.032	0.21	0.9371
0.0180208	14.579	0.018	0.018	0.21	0.9371
0.0180506	14.547	0.07	0.07	0.21	0.9371
0.0182665	14.598	0.025	0.025	0.21	0.9371
0.0182665	14.707	0.032	0.032	0.21	0.9371
0.0182665	14.609	0.024	0.024	0.21	0.9371
0.0182665	14.63	0.037	0.037	0.21	0.9371
0.0183399	14.602	0.05	0.05	0.21	0.9371
0.0183565	14.623	0.011	0.011	0.21	0.9371
0.0183746	14.652	0.09	0.09	0.21	0.9371
0.0184144	14.791	0.046	0.046	0.21	0.9371
0.0185518	14.812	0.09	0.09	0.21	0.9371
0.018678	14.678	0.025	0.025	0.21	0.9371
0.018678	14.768	0.034	0.034	0.21	0.9371
0.018678	14.65	0.024	0.024	0.21	0.9371
0.018678	14.672	0.038	0.038	0.21	0.9371
0.0187037	14.77	0.052	0.052	0.21	0.9371
0.0187616	14.632	0.021	0.021	0.21	0.9371
0.0189071	14.719	0.04	0.04	0.21	0.9371
0.0190882	14.704	0.025	0.025	0.21	0.9371
0.0190882	14.777	0.032	0.032	0.21	0.9371
0.0190882	14.706	0.024	0.024	0.21	0.9371
0.0190882	14.788	0.038	0.038	0.21	0.9371
0.0191088	14.707	0.01	0.01	0.21	0.9371
0.0191272	14.826	0.02	0.02	0.21	0.9371
0.0193701	14.59	0.06	0.06	0.21	0.9371
0.0194444	14.793	0.081	0.081	0.21	0.9371
0.0194444	14.767	0.015	0.015	0.21	0.9371
0.0194974	14.751	0.027	0.027	0.21	0.9371
0.0194974	14.858	0.036	0.036	0.21	0.9371
0.0194974	14.756	0.025	0.025	0.21	0.9371
0.0194974	14.73	0.041	0.041	0.21	0.9371
0.0195705	14.796	0.16	0.16	0.21	0.9371
0.0197013	14.696	0.12	0.12	0.21	0.9371
0.019838	14.77	0.01	0.01	0.21	0.9371
0.0199122	14.748	0.026	0.026	0.21	0.9371
0.0199122	14.899	0.034	0.034	0.21	0.9371
0.0199122	14.776	0.024	0.024	0.21	0.9371
0.0199122	14.874	0.04	0.04	0.21	0.9371
0.0199256	14.717	0.07	0.07	0.21	0.9371
0.0200458	14.852	0.06	0.06	0.21	0.9371
0.0200632	14.829119	0.03	0.03	0.21	0.9371
0.0201852	14.823	0.028	0.028	0.21	0.9371
0.0203214	14.822	0.026	0.026	0.21	0.9371
0.0203214	14.867	0.034	0.034	0.21	0.9371
0.0203214	14.78	0.024	0.024	0.21	0.9371
0.0203214	14.845	0.039	0.039	0.21	0.9371
0.0205208	14.873	0.013	0.013	0.21	0.9371
0.020728	14.895	0.028	0.028	0.21	0.9371
0.020728	15.033	0.039	0.039	0.21	0.9371
0.020728	14.904	0.026	0.026	0.21	0.9371
0.020728	15.001	0.047	0.047	0.21	0.9371
0.0208681	14.867	0.016	0.016	0.21	0.9371
0.0211396	14.929	0.026	0.026	0.21	0.9371
0.0211396	14.938	0.034	0.034	0.21	0.9371
0.0211396	14.975	0.024	0.024	0.21	0.9371
0.0211396	14.966	0.041	0.041	0.21	0.9371
0.0212037	14.919	0.011	0.011	0.21	0.9371
0.0213753	14.956321	0.06	0.06	0.21	0.9371
0.0215509	14.94	0.028	0.028	0.21	0.9371
0.0215509	14.991	0.037	0.037	0.21	0.9371
0.0215509	15	0.026	0.026	0.21	0.9371
0.0215509	14.917	0.043	0.043	0.21	0.9371
0.0215509	14.937	0.021	0.021	0.21	0.9371
0.0217516	14.938045	0.06	0.06	0.21	0.9371
0.0219624	14.935	0.029	0.029	0.21	0.9371
0.0219624	14.966	0.039	0.039	0.21	0.9371
0.0219624	14.968	0.028	0.028	0.21	0.9371
0.0219624	15.025	0.049	0.049	0.21	0.9371
0.0221296	15.029	0.025	0.025	0.21	0.9371
0.0223749	15.008	0.03	0.03	0.21	0.9371
0.0223749	15.181	0.043	0.043	0.21	0.9371
0.0223749	14.976	0.027	0.027	0.21	0.9371
0.0223749	14.977	0.047	0.047	0.21	0.9371
0.0224769	15.023	0.01	0.01	0.21	0.9371
0.0227852	15.018	0.03	0.03	0.21	0.9371
0.0227852	15.045	0.041	0.041	0.21	0.9371
0.0227852	15.018	0.028	0.028	0.21	0.9371
0.0227852	15.083	0.053	0.053	0.21	0.9371
0.0228241	15.058	0.025	0.025	0.21	0.9371
0.0228969	15.096321	0.05	0.05	0.21	0.9371
0.0231597	15.041	0.011	0.011	0.21	0.9371
0.0231931	15.109	0.028	0.028	0.21	0.9371
0.0231931	15.115	0.039	0.039	0.21	0.9371
0.0231931	15.051	0.026	0.026	0.21	0.9371
0.0231931	15.133	0.047	0.047	0.21	0.9371
0.0234399	15.058808	0.21	0.21	0.21	0.9371
0.0235069	15.087	0.026	0.026	0.21	0.9371
0.0236023	14.999	0.03	0.03	0.21	0.9371
0.0236023	15.169	0.044	0.044	0.21	0.9371
0.0236023	15.148	0.028	0.028	0.21	0.9371
0.0236023	15.14	0.055	0.055	0.21	0.9371
0.0239236	15.158	0.043	0.043	0.21	0.9371
0.0240148	15.123	0.028	0.028	0.21	0.9371
0.0240148	15.154	0.036	0.036	0.21	0.9371
0.0240148	15.129	0.025	0.025	0.21	0.9371
0.0240148	15.205	0.048	0.048	0.21	0.9371
0.0242824	15.102	0.045	0.045	0.21	0.9371
0.0244253	15.196321	0.08	0.08	0.21	0.9371
0.0244309	15.121	0.031	0.031	0.21	0.9371
0.0244309	15.343	0.047	0.047	0.21	0.9371
0.0244309	15.16	0.028	0.028	0.21	0.9371
0.0244309	15.176	0.052	0.052	0.21	0.9371
0.0246296	15.181	0.01	0.01	0.21	0.9371
0.0248376	15.069	0.029	0.029	0.21	0.9371
0.0248376	15.24	0.042	0.042	0.21	0.9371
0.0248376	15.194	0.028	0.028	0.21	0.9371
0.0248376	15.216	0.052	0.052	0.21	0.9371
0.0249769	15.209	0.021	0.021	0.21	0.9371
0.025127	15.262	0.06	0.06	0.21	0.9371
0.0252467	15.143	0.03	0.03	0.21	0.9371
0.0252467	15.31	0.044	0.044	0.21	0.9371
0.0252467	15.266	0.028	0.028	0.21	0.9371
0.0252467	15.109	0.048	0.048	0.21	0.9371
0.0253241	15.231	0.011	0.011	0.21	0.9371
0.0256713	15.297	0.047	0.047	0.21	0.9371
0.0258493	15.182	0.025	0.025	0.21	0.9371
0.0258493	15.302	0.031	0.031	0.21	0.9371
0.0258493	15.201	0.024	0.024	0.21	0.9371
0.0258493	15.236	0.035	0.035	0.21	0.9371
0.0260301	15.229	0.041	0.041	0.21	0.9371
0.026713	15.307	0.01	0.01	0.21	0.9371
0.0268151	15.349119	0.04	0.04	0.21	0.9371
0.0269792	15.311	0.022	0.022	0.21	0.9371
0.0274653	15.293	0.042	0.042	0.21	0.9371
0.0279007	15.346	0.027	0.027	0.21	0.9371
0.0279007	15.451	0.034	0.034	0.21	0.9371
0.0279007	15.351	0.025	0.025	0.21	0.9371
0.0279007	15.39	0.041	0.041	0.21	0.9371
0.0281481	15.372	0.012	0.012	0.21	0.9371
0.0283947	15.466	0.029	0.029	0.21	0.9371
0.028502	15.398045	0.05	0.05	0.21	0.9371
0.0294734	15.39	0.037	0.037	0.21	0.9371
0.0295949	15.475	0.009	0.009	0.21	0.9371
0.029809	15.425	0.023	0.023	0.21	0.9371
0.0301899	15.428808	0.17	0.17	0.21	0.9371
0.0309447	15.55	0.024	0.024	0.21	0.9371
0.0309447	15.565	0.028	0.028	0.21	0.9371
0.0309447	15.521	0.023	0.023	0.21	0.9371
0.0309447	15.532	0.033	0.033	0.21	0.9371
0.0309954	15.573	0.013	0.013	0.21	0.9371
0.0323032	15.573	0.035	0.035	0.21	0.9371
0.0323843	15.612	0.013	0.013	0.21	0.9371
0.0326389	15.587	0.036	0.036	0.21	0.9371
0.0326505	15.585	0.02	0.02	0.21	0.9371
0.0338194	15.688	0.014	0.014	0.21	0.9371
0.0350678	15.71	0.025	0.025	0.21	0.9371
0.0350678	15.771	0.031	0.031	0.21	0.9371
0.0350678	15.8	0.024	0.024	0.21	0.9371
0.0350678	15.788	0.039	0.039	0.21	0.9371
0.0352662	15.722	0.016	0.016	0.21	0.9371
0.0354803	15.69	0.022	0.022	0.21	0.9371
0.0358484	15.784	0.031	0.031	0.21	0.9371
0.0366667	15.778	0.014	0.014	0.21	0.9371
0.0369063	15.796	0.037	0.037	0.21	0.9371
0.0380671	15.842	0.017	0.017	0.21	0.9371
0.0383275	15.816	0.035	0.035	0.21	0.9371
0.0385332	15.902	0.05	0.05	0.21	0.9371
0.0391871	15.893	0.027	0.027	0.21	0.9371
0.0391871	15.961	0.034	0.034	0.21	0.9371
0.0391871	15.906	0.025	0.025	0.21	0.9371
0.0391871	15.876	0.042	0.042	0.21	0.9371
0.0394383	15.929119	0.03	0.03	0.21	0.9371
0.0395139	15.872	0.014	0.014	0.21	0.9371
0.0401042	15.857	0.04	0.04	0.21	0.9371
0.0403492	15.948045	0.06	0.06	0.21	0.9371
0.0404678	15.883	0.039	0.039	0.21	0.9371
0.0404678	15.781	0.048	0.048	0.21	0.9371
0.0409028	15.95	0.021	0.021	0.21	0.9371
0.0411516	15.951	0.031	0.031	0.21	0.9371
0.0411609	16.002	0.043	0.043	0.21	0.9371
0.0412972	15.982	0.05	0.05	0.21	0.9371
0.041307	15.816	0.038	0.038	0.21	0.9371
0.041307	15.878	0.056	0.056	0.21	0.9371
0.0421519	15.985	0.04	0.04	0.21	0.9371
0.0421519	15.869	0.054	0.054	0.21	0.9371
0.0421519	15.934	0.056	0.056	0.21	0.9371
0.0422034	16.019119	0.04	0.04	0.21	0.9371
0.0423032	15.971	0.014	0.014	0.21	0.9371
0.0427833	15.909	0.039	0.039	0.21	0.9371
0.0431086	16.048045	0.05	0.05	0.21	0.9371
0.0433007	15.972	0.028	0.028	0.21	0.9371
0.0433007	16.043	0.037	0.037	0.21	0.9371
0.0433007	15.953	0.026	0.026	0.21	0.9371
0.0433007	16.073	0.047	0.047	0.21	0.9371
0.0436516	16.053	0.043	0.043	0.21	0.9371
0.04375	16.032	0.015	0.015	0.21	0.9371
0.0439873	15.951	0.043	0.043	0.21	0.9371
0.0440507	16.082	0.05	0.05	0.21	0.9371
0.0449558	16.109119	0.04	0.04	0.21	0.9371
0.0451486	16.076	0.038	0.038	0.21	0.9371
0.0451486	16.114	0.053	0.053	0.21	0.9371
0.0451486	16.067	0.046	0.046	0.21	0.9371
0.0451505	16.052	0.02	0.02	0.21	0.9371
0.0458644	16.158045	0.06	0.06	0.21	0.9371
0.0461146	16.087	0.037	0.037	0.21	0.9371
0.0465972	16.099	0.018	0.018	0.21	0.9371
0.0468112	16.162	0.06	0.06	0.21	0.9371
0.0468345	16.039	0.031	0.031	0.21	0.9371
0.0471725	16.081	0.045	0.045	0.21	0.9371
0.0477163	16.179119	0.03	0.03	0.21	0.9371
0.0479861	16.17	0.016	0.016	0.21	0.9371
0.0486226	16.198045	0.04	0.04	0.21	0.9371
0.0492983	16.18	0.038	0.038	0.21	0.9371
0.0492983	16.16	0.052	0.052	0.21	0.9371
0.0492983	16.227	0.047	0.047	0.21	0.9371
0.0492998	16.153	0.042	0.042	0.21	0.9371
0.0493662	16.137	0.025	0.025	0.21	0.9371
0.0493662	16.232	0.032	0.032	0.21	0.9371
0.0493662	16.232	0.024	0.024	0.21	0.9371
0.0493662	16.216	0.039	0.039	0.21	0.9371
0.0493866	16.214	0.013	0.013	0.21	0.9371
0.0495659	16.242	0.06	0.06	0.21	0.9371
0.0501273	16.234	0.017	0.017	0.21	0.9371
0.0504745	16.249119	0.02	0.02	0.21	0.9371
0.0506887	16.143	0.043	0.043	0.21	0.9371
0.0508102	16.226	0.014	0.014	0.21	0.9371
0.0513796	16.258045	0.04	0.04	0.21	0.9371
0.0514931	16.25	0.017	0.017	0.21	0.9371
0.0521759	16.257	0.016	0.016	0.21	0.9371
0.0523264	16.292	0.05	0.05	0.21	0.9371
0.0523993	16.237	0.024	0.024	0.21	0.9371
0.0528588	16.306	0.014	0.014	0.21	0.9371
0.0532327	16.329119	0.03	0.03	0.21	0.9371
0.0534896	16.312	0.039	0.039	0.21	0.9371
0.0534896	16.387	0.055	0.055	0.21	0.9371
0.0534896	16.36	0.049	0.049	0.21	0.9371
0.0541389	16.348045	0.03	0.03	0.21	0.9371
0.0550834	16.362	0.06	0.06	0.21	0.9371
0.0559897	16.389119	0.03	0.03	0.21	0.9371
0.0568948	16.408045	0.05	0.05	0.21	0.9371
0.0570139	16.464	0.029	0.029	0.21	0.9371
0.0576059	16.429	0.028	0.028	0.21	0.9371
0.0576059	16.468	0.036	0.036	0.21	0.9371
0.0576059	16.379	0.026	0.026	0.21	0.9371
0.0576059	16.402	0.046	0.046	0.21	0.9371
0.0576865	16.397	0.039	0.039	0.21	0.9371
0.0576865	16.462	0.055	0.055	0.21	0.9371
0.0576865	16.413	0.049	0.049	0.21	0.9371
0.0578369	16.462	0.06	0.06	0.21	0.9371
0.0578993	16.421	0.028	0.028	0.21	0.9371
0.058044	16.394	0.019	0.019	0.21	0.9371
0.0582479	16.399	0.03	0.03	0.21	0.9371
0.0587443	16.449119	0.04	0.04	0.21	0.9371
0.0591898	16.443	0.011	0.011	0.21	0.9371
0.0593866	16.441	0.033	0.033	0.21	0.9371
0.0596495	16.458045	0.05	0.05	0.21	0.9371
0.0605939	16.502	0.05	0.05	0.21	0.9371
0.060621	16.479	0.03	0.03	0.21	0.9371
0.0608218	16.472	0.025	0.025	0.21	0.9371
0.061499	16.529119	0.03	0.03	0.21	0.9371
0.0615278	16.48	0.016	0.016	0.21	0.9371
0.0617188	16.493	0.042	0.042	0.21	0.9371
0.0618889	16.559	0.041	0.041	0.21	0.9371
0.0618889	16.469	0.056	0.056	0.21	0.9371
0.0618889	16.697	0.053	0.053	0.21	0.9371
0.0624053	16.528045	0.03	0.03	0.21	0.9371
0.0627315	16.513	0.017	0.017	0.21	0.9371
0.0629941	16.476	0.01	0.01	0.21	0.9371
0.0633486	16.582	0.05	0.05	0.21	0.9371
0.0635845	16.515	0.035	0.035	0.21	0.9371
0.0641435	16.442	0.046	0.046	0.21	0.9371
0.0642548	16.579119	0.03	0.03	0.21	0.9371
0.0650347	16.564	0.021	0.021	0.21	0.9371
0.06516	16.608045	0.04	0.04	0.21	0.9371
0.0653787	16.44	0.05	0.05	0.21	0.9371
0.0655324	16.547	0.024	0.024	0.21	0.9371
0.0658413	16.596	0.03	0.03	0.21	0.9371
0.0658413	16.633	0.04	0.04	0.21	0.9371
0.0658413	16.632	0.027	0.027	0.21	0.9371
0.0658413	16.573	0.05	0.05	0.21	0.9371
0.0661079	16.622	0.05	0.05	0.21	0.9371
0.0661087	16.585	0.041	0.041	0.21	0.9371
0.0661087	16.49	0.055	0.055	0.21	0.9371
0.0661087	16.504	0.05	0.05	0.21	0.9371
0.0665046	16.621	0.058	0.058	0.21	0.9371
0.0669213	16.62	0.055	0.055	0.21	0.9371
0.0670153	16.649119	0.03	0.03	0.21	0.9371
0.0673958	16.605	0.012	0.012	0.21	0.9371
0.0677402	16.676	0.06	0.06	0.21	0.9371
0.0679216	16.638045	0.05	0.05	0.21	0.9371
0.0688649	16.692	0.06	0.06	0.21	0.9371
0.0688773	16.51	0.052	0.052	0.21	0.9371
0.0697106	16.639	0.02	0.02	0.21	0.9371
0.0697711	16.679119	0.03	0.03	0.21	0.9371
0.0701132	16.507	0.05	0.05	0.21	0.9371
0.0701968	16.636	0.036	0.036	0.21	0.9371
0.0703398	16.681	0.043	0.043	0.21	0.9371
0.0703398	16.718	0.056	0.056	0.21	0.9371
0.0703398	16.686	0.055	0.055	0.21	0.9371
0.0706762	16.698045	0.04	0.04	0.21	0.9371
0.0708021	16.652	0.036	0.036	0.21	0.9371
0.07125	16.648	0.043	0.043	0.21	0.9371
0.07136	16.655	0.047	0.047	0.21	0.9371
0.071623	16.732	0.05	0.05	0.21	0.9371
0.0720718	16.711	0.017	0.017	0.21	0.9371
0.0724862	16.642	0.04	0.04	0.21	0.9371
0.0725304	16.739119	0.03	0.03	0.21	0.9371
0.0734378	16.778045	0.04	0.04	0.21	0.9371
0.0736343	16.778	0.033	0.033	0.21	0.9371
0.0740694	16.712	0.03	0.03	0.21	0.9371
0.0740694	16.825	0.043	0.043	0.21	0.9371
0.0740694	16.752	0.028	0.028	0.21	0.9371
0.0740694	16.886	0.064	0.064	0.21	0.9371
0.074375	16.755	0.021	0.021	0.21	0.9371
0.0743811	16.792	0.06	0.06	0.21	0.9371
0.074542	16.622	0.041	0.041	0.21	0.9371
0.074542	16.858	0.055	0.055	0.21	0.9371
0.074542	16.705	0.052	0.052	0.21	0.9371
0.0748708	16.739	0.03	0.03	0.21	0.9371
0.0748727	16.758	0.033	0.033	0.21	0.9371
0.0752862	16.789119	0.03	0.03	0.21	0.9371
0.0760069	16.829	0.039	0.039	0.21	0.9371
0.0760301	16.777	0.06	0.06	0.21	0.9371
0.0761913	16.838045	0.03	0.03	0.21	0.9371
0.0767477	16.745	0.025	0.025	0.21	0.9371
0.0771393	16.832	0.05	0.05	0.21	0.9371
0.0772437	16.869	0.04	0.04	0.21	0.9371
0.0777859	16.891	0.068	0.068	0.21	0.9371
0.0780444	16.819119	0.04	0.04	0.21	0.9371
0.0789518	16.808045	0.03	0.03	0.21	0.9371
0.0790509	16.822	0.017	0.017	0.21	0.9371
0.0794055	16.786	0.02	0.02	0.21	0.9371
0.0794931	16.83	0.042	0.042	0.21	0.9371
0.0794931	16.83	0.056	0.056	0.21	0.9371
0.0794931	16.84	0.053	0.053	0.21	0.9371
0.0795486	16.746	0.03	0.03	0.21	0.9371
0.0798939	16.882	0.06	0.06	0.21	0.9371
0.080706	16.81	0.068	0.068	0.21	0.9371
0.0808002	16.889119	0.03	0.03	0.21	0.9371
0.081412	16.864	0.022	0.022	0.21	0.9371
0.0817053	16.888045	0.06	0.06	0.21	0.9371
0.0826497	16.912	0.06	0.06	0.21	0.9371
0.082809	16.844	0.005	0.005	0.21	0.9371
0.083556	16.929119	0.03	0.03	0.21	0.9371
0.0844622	16.928045	0.05	0.05	0.21	0.9371
0.0854032	16.992	0.06	0.06	0.21	0.9371
0.0861574	16.917	0.005	0.005	0.21	0.9371
0.0863095	16.969119	0.06	0.06	0.21	0.9371
0.0872157	16.968045	0.06	0.06	0.21	0.9371
0.0875698	17.024	0.053	0.053	0.21	0.9371
0.0881602	16.992	0.03	0.03	0.21	0.9371
0.0882055	16.95	0.042	0.042	0.21	0.9371
0.0882055	17.023	0.058	0.058	0.21	0.9371
0.0890676	17.019119	0.04	0.04	0.21	0.9371
0.0899739	17.048045	0.04	0.04	0.21	0.9371
0.0900694	16.963	0.006	0.006	0.21	0.9371
0.0901505	16.997	0.023	0.023	0.21	0.9371
0.0909172	17.062	0.06	0.06	0.21	0.9371
0.0918246	17.049119	0.03	0.03	0.21	0.9371
0.0927355	17.048045	0.06	0.06	0.21	0.9371
0.0934383	17.188	0.059	0.059	0.21	0.9371
0.0936811	17.112	0.06	0.06	0.21	0.9371
0.0940046	17.088	0.004	0.004	0.21	0.9371
0.0941435	17.119	0.057	0.057	0.21	0.9371
0.0945885	17.089119	0.03	0.03	0.21	0.9371
0.0954982	17.138045	0.03	0.03	0.21	0.9371
0.0955398	17.047	0.042	0.042	0.21	0.9371
0.0959764	17.245	0.064	0.064	0.21	0.9371
0.0964438	17.122	0.06	0.06	0.21	0.9371
0.0973501	17.139119	0.03	0.03	0.21	0.9371
0.0981366	17.092	0.017	0.017	0.21	0.9371
0.0982563	17.138045	0.05	0.05	0.21	0.9371
0.0991996	17.172	0.06	0.06	0.21	0.9371
0.0992963	17.125	0.006	0.006	0.21	0.9371
0.1001059	17.179119	0.03	0.03	0.21	0.9371
0.1010121	17.208045	0.03	0.03	0.21	0.9371
0.1020833	17.125	0.012	0.012	0.21	0.9371
0.1025521	17.15	0.007	0.007	0.21	0.9371
0.1039342	17.286	0.045	0.045	0.21	0.9371
0.1039342	17.276	0.06	0.06	0.21	0.9371
0.1039342	17.208	0.055	0.055	0.21	0.9371
0.1039815	17.216	0.03	0.03	0.21	0.9371
0.1054971	17.272	0.05	0.05	0.21	0.9371
0.1064034	17.249119	0.04	0.04	0.21	0.9371
0.1064398	17.211	0.005	0.005	0.21	0.9371
0.1073096	17.268045	0.05	0.05	0.21	0.9371
0.108044	17.295	0.069	0.069	0.21	0.9371
0.1082494	17.282	0.06	0.06	0.21	0.9371
0.1091673	17.289119	0.04	0.04	0.21	0.9371
0.1100735	17.258045	0.04	0.04	0.21	0.9371
0.1103148	17.304	0.005	0.005	0.21	0.9371
0.1110168	17.352	0.05	0.05	0.21	0.9371
0.1119219	17.309119	0.04	0.04	0.21	0.9371
0.112037	17.268	0.03	0.03	0.21	0.9371
0.1123338	17.28	0.051	0.051	0.21	0.9371
0.1128305	17.288045	0.04	0.04	0.21	0.9371
0.1131942	17.186	0.071	0.071	0.21	0.9371
0.1137738	17.382	0.06	0.06	0.21	0.9371
0.1146789	17.319119	0.04	0.04	0.21	0.9371
0.1155851	17.378045	0.03	0.03	0.21	0.9371
0.1158958	17.345	0.008	0.008	0.21	0.9371
0.1160648	17.307	0.015	0.015	0.21	0.9371
0.1164532	17.42	0.059	0.059	0.21	0.9371
0.1165504	17.402	0.06	0.06	0.21	0.9371
0.1174763	17.359119	0.04	0.04	0.21	0.9371
0.1182865	17.418045	0.04	0.04	0.21	0.9371
0.1184722	17.312	0.028	0.028	0.21	0.9371
0.1191192	17.393	0.007	0.007	0.21	0.9371
0.1193282	17.422	0.06	0.06	0.21	0.9371
0.1201384	17.439119	0.03	0.03	0.21	0.9371
0.1207331	17.46	0.047	0.047	0.21	0.9371
0.1207331	17.355	0.062	0.062	0.21	0.9371
0.1210643	17.448045	0.06	0.06	0.21	0.9371
0.1219902	17.462	0.08	0.08	0.21	0.9371
0.1224537	17.442	0.019	0.019	0.21	0.9371
0.1229162	17.479119	0.04	0.04	0.21	0.9371
0.1230949	17.407	0.008	0.008	0.21	0.9371
0.1238421	17.458045	0.08	0.08	0.21	0.9371
0.1239468	17.481	0.036	0.036	0.21	0.9371
0.124768	17.492	0.09	0.09	0.21	0.9371
0.125694	17.469119	0.03	0.03	0.21	0.9371
0.1264352	17.455	0.019	0.019	0.21	0.9371
0.1266199	17.468045	0.06	0.06	0.21	0.9371
0.1272616	17.48	0.005	0.005	0.21	0.9371
0.1275458	17.542	0.06	0.06	0.21	0.9371
0.1284718	17.499119	0.02	0.02	0.21	0.9371
0.1291383	17.47	0.04	0.04	0.21	0.9371
0.1293977	17.498045	0.08	0.08	0.21	0.9371
0.1303236	17.582	0.05	0.05	0.21	0.9371
0.1304514	17.5	0.014	0.014	0.21	0.9371
0.1312495	17.539119	0.03	0.03	0.21	0.9371
0.1321755	17.588045	0.07	0.07	0.21	0.9371
0.1323495	17.544	0.044	0.044	0.21	0.9371
0.1331014	17.582	0.05	0.05	0.21	0.9371
0.1332442	17.569	0.008	0.008	0.21	0.9371
0.1339116	17.559119	0.03	0.03	0.21	0.9371
0.1344444	17.614	0.078	0.078	0.21	0.9371
0.1348375	17.548045	0.04	0.04	0.21	0.9371
0.1357634	17.612	0.05	0.05	0.21	0.9371
0.1358095	17.643	0.047	0.047	0.21	0.9371
0.1358095	17.603	0.06	0.06	0.21	0.9371
0.1358095	17.559	0.057	0.057	0.21	0.9371
0.1362575	17.606	0.09	0.09	0.21	0.9371
0.1364005	17.624	0.031	0.031	0.21	0.9371
0.1366894	17.599119	0.04	0.04	0.21	0.9371
0.1369132	17.565	0.007	0.007	0.21	0.9371
0.1376153	17.598045	0.04	0.04	0.21	0.9371
0.1379514	17.561	0.078	0.078	0.21	0.9371
0.138657	17.642	0.06	0.06	0.21	0.9371
0.1395829	17.619119	0.05	0.05	0.21	0.9371
0.1397648	17.556	0.09	0.09	0.21	0.9371
0.1403819	17.593	0.023	0.023	0.21	0.9371
0.1403931	17.638045	0.04	0.04	0.21	0.9371
0.1409838	17.609	0.009	0.009	0.21	0.9371
0.1414348	17.672	0.06	0.06	0.21	0.9371
0.1414583	17.707	0.082	0.082	0.21	0.9371
0.1422449	17.649119	0.04	0.04	0.21	0.9371
0.1431709	17.608045	0.04	0.04	0.21	0.9371
0.143272	17.816	0.11	0.11	0.21	0.9371
0.1440968	17.662	0.06	0.06	0.21	0.9371
0.1444097	17.597	0.014	0.014	0.21	0.9371
0.1449155	17.685	0.005	0.005	0.21	0.9371
0.145	17.731	0.071	0.071	0.21	0.9371
0.1450227	17.659119	0.04	0.04	0.21	0.9371
0.1459487	17.648045	0.06	0.06	0.21	0.9371
0.1468746	17.722	0.06	0.06	0.21	0.9371
0.1470425	17.737	0.07	0.07	0.21	0.9371
0.1478005	17.689119	0.04	0.04	0.21	0.9371
0.1487264	17.638045	0.05	0.05	0.21	0.9371
0.1496524	17.752	0.06	0.06	0.21	0.9371
0.1505783	17.699119	0.06	0.06	0.21	0.9371
0.150647	17.727	0.011	0.011	0.21	0.9371
0.1515042	17.668045	0.08	0.08	0.21	0.9371
0.1524302	17.782	0.06	0.06	0.21	0.9371
0.1533561	17.749119	0.05	0.05	0.21	0.9371
0.1538681	17.728	0.007	0.007	0.21	0.9371
0.1541663	17.718045	0.05	0.05	0.21	0.9371
0.1552079	17.772	0.06	0.06	0.21	0.9371
0.1560181	17.739119	0.04	0.04	0.21	0.9371
0.156362	17.639	0.061	0.061	0.21	0.9371
0.1564761	17.773	0.049	0.049	0.21	0.9371
0.1564761	17.725	0.068	0.068	0.21	0.9371
0.1569441	17.808045	0.06	0.06	0.21	0.9371
0.15787	17.802	0.07	0.07	0.21	0.9371
0.1580093	17.771	0.007	0.007	0.21	0.9371
0.1587959	17.779119	0.04	0.04	0.21	0.9371
0.1597218	17.758045	0.04	0.04	0.21	0.9371
0.1606478	17.822	0.06	0.06	0.21	0.9371
0.1615737	17.789119	0.05	0.05	0.21	0.9371
0.1620752	17.828	0.009	0.009	0.21	0.9371
0.1624996	17.818045	0.08	0.08	0.21	0.9371
0.1634256	17.812	0.06	0.06	0.21	0.9371
0.1643515	17.849119	0.04	0.04	0.21	0.9371
0.1652774	17.858045	0.06	0.06	0.21	0.9371
0.1662033	17.892	0.07	0.07	0.21	0.9371
0.1671293	17.859119	0.04	0.04	0.21	0.9371
0.1675185	17.868	0.011	0.011	0.21	0.9371
0.1679167	17.919	0.052	0.052	0.21	0.9371
0.1680552	17.798045	0.08	0.08	0.21	0.9371
0.1689811	17.892	0.06	0.06	0.21	0.9371
0.1699071	17.879119	0.04	0.04	0.21	0.9371
0.170833	17.848045	0.07	0.07	0.21	0.9371
0.1709167	17.902	0.014	0.014	0.21	0.9371
0.1717589	17.962	0.06	0.06	0.21	0.9371
0.1718981	17.889	0.029	0.029	0.21	0.9371
0.1726848	17.909119	0.04	0.04	0.21	0.9371
0.1736108	17.888045	0.04	0.04	0.21	0.9371
0.1745367	17.942	0.05	0.05	0.21	0.9371
0.1748866	17.889	0.007	0.007	0.21	0.9371
0.1754626	17.889119	0.04	0.04	0.21	0.9371
0.1758681	17.899	0.022	0.022	0.21	0.9371
0.1763885	17.948045	0.05	0.05	0.21	0.9371
0.1773145	17.942	0.05	0.05	0.21	0.9371
0.1773999	17.825	0.049	0.049	0.21	0.9371
0.1773999	17.938	0.065	0.065	0.21	0.9371
0.1773999	17.994	0.066	0.066	0.21	0.9371
0.1781247	17.939119	0.03	0.03	0.21	0.9371
0.1790506	18.098045	0.07	0.07	0.21	0.9371
0.1798264	17.891	0.022	0.022	0.21	0.9371
0.1799765	17.992	0.06	0.06	0.21	0.9371
0.1809024	17.909119	0.03	0.03	0.21	0.9371
0.181794	17.969	0.058	0.058	0.21	0.9371
0.1818284	18.048045	0.07	0.07	0.21	0.9371
0.1827543	18.022	0.1	0.1	0.21	0.9371
0.1836802	17.999119	0.03	0.03	0.21	0.9371
0.1846062	17.948045	0.05	0.05	0.21	0.9371
0.184875	17.995	0.008	0.008	0.21	0.9371
0.1855321	18.042	0.06	0.06	0.21	0.9371
0.1857755	18.036	0.038	0.038	0.21	0.9371
0.186458	18.029119	0.04	0.04	0.21	0.9371
0.1873839	18.048045	0.06	0.06	0.21	0.9371
0.1883099	18.082	0.07	0.07	0.21	0.9371
0.1892358	18.019119	0.03	0.03	0.21	0.9371
0.189838	18.001	0.099	0.099	0.21	0.9371
0.1901617	18.018045	0.05	0.05	0.21	0.9371
0.1902407	18.066	0.015	0.015	0.21	0.9371
0.1908681	18.08	0.052	0.052	0.21	0.9371
0.1910876	18.062	0.06	0.06	0.21	0.9371
0.1920136	18.069119	0.03	0.03	0.21	0.9371
0.1928238	18.058045	0.07	0.07	0.21	0.9371
0.1934537	18.09	0.012	0.012	0.21	0.9371
0.1937497	18.132	0.06	0.06	0.21	0.9371
0.1937963	17.993	0.022	0.022	0.21	0.9371
0.1946756	18.039119	0.03	0.03	0.21	0.9371
0.1956015	17.948045	0.05	0.05	0.21	0.9371
0.1960954	18.077	0.05	0.05	0.21	0.9371
0.1965275	18.082	0.07	0.07	0.21	0.9371
0.1974534	18.079119	0.03	0.03	0.21	0.9371
0.1975914	18.079	0.011	0.011	0.21	0.9371
0.1980307	17.997	0.079	0.079	0.21	0.9371
0.1980329	18.118	0.057	0.057	0.21	0.9371
0.1980623	18.038	0.074	0.074	0.21	0.9371
0.1993053	18.162	0.07	0.07	0.21	0.9371
0.2002312	18.159119	0.03	0.03	0.21	0.9371
0.2011571	18.188045	0.05	0.05	0.21	0.9371
0.2013657	18.147	0.042	0.042	0.21	0.9371
0.2015382	18.108	0.011	0.011	0.21	0.9371
0.202083	18.142	0.06	0.06	0.21	0.9371
0.203009	18.119119	0.03	0.03	0.21	0.9371
0.2039349	18.108045	0.11	0.11	0.21	0.9371
0.2048608	18.202	0.07	0.07	0.21	0.9371
0.2065965	18.132	0.04	0.04	0.21	0.9371
0.2067127	18.139119	0.03	0.03	0.21	0.9371
0.2076088	18.249	0.018	0.018	0.21	0.9371
0.2076386	18.078045	0.06	0.06	0.21	0.9371
0.2085645	18.242	0.04	0.04	0.21	0.9371
0.2096062	18.199119	0.03	0.03	0.21	0.9371
0.2106479	18.088045	0.07	0.07	0.21	0.9371
0.2110706	18.225	0.016	0.016	0.21	0.9371
0.2115738	18.242	0.08	0.08	0.21	0.9371
0.2118519	18.313	0.056	0.056	0.21	0.9371
0.2124997	18.199119	0.04	0.04	0.21	0.9371
0.2134256	18.038045	0.07	0.07	0.21	0.9371
0.2136689	18.219	0.06	0.06	0.21	0.9371
0.2143516	18.212	0.07	0.07	0.21	0.9371
0.2150706	18.19	0.008	0.008	0.21	0.9371
0.2152775	18.239119	0.03	0.03	0.21	0.9371
0.2153819	18.335	0.064	0.064	0.21	0.9371
0.2162034	18.228045	0.06	0.06	0.21	0.9371
0.2168256	18.309	0.07	0.07	0.21	0.9371
0.2171294	18.242	0.06	0.06	0.21	0.9371
0.2180553	18.229119	0.03	0.03	0.21	0.9371
0.2189812	18.238045	0.07	0.07	0.21	0.9371
0.2191748	18.212	0.01	0.01	0.21	0.9371
0.2199071	18.282	0.06	0.06	0.21	0.9371
0.2208331	18.279119	0.03	0.03	0.21	0.9371
0.2210637	18.25	0.098	0.098	0.21	0.9371
0.2214059	18.316	0.059	0.059	0.21	0.9371
0.2214108	18.124	0.072	0.072	0.21	0.9371
0.2216432	18.208045	0.07	0.07	0.21	0.9371
0.2226849	18.312	0.06	0.06	0.21	0.9371
0.2234951	18.229119	0.03	0.03	0.21	0.9371
0.224421	18.158045	0.06	0.06	0.21	0.9371
0.224515	18.337	0.015	0.015	0.21	0.9371
0.225347	18.352	0.06	0.06	0.21	0.9371
0.2262729	18.299119	0.03	0.03	0.21	0.9371
0.2271988	18.258045	0.05	0.05	0.21	0.9371
0.2280139	18.303	0.013	0.013	0.21	0.9371
0.2281247	18.352	0.05	0.05	0.21	0.9371
0.2290507	18.289119	0.04	0.04	0.21	0.9371
0.2299766	18.258045	0.08	0.08	0.21	0.9371
0.2309025	18.262	0.07	0.07	0.21	0.9371
0.2318284	18.299119	0.03	0.03	0.21	0.9371
0.2318958	18.28	0.017	0.017	0.21	0.9371
0.2327544	18.308045	0.06	0.06	0.21	0.9371
0.2336803	18.352	0.06	0.06	0.21	0.9371
0.2346062	18.329119	0.05	0.05	0.21	0.9371
0.2354164	18.338045	0.06	0.06	0.21	0.9371
0.2364581	18.362	0.04	0.04	0.21	0.9371
0.2366655	18.336	0.014	0.014	0.21	0.9371
0.2372683	18.359119	0.04	0.04	0.21	0.9371
0.2381942	18.268045	0.1	0.1	0.21	0.9371
0.2391201	18.362	0.06	0.06	0.21	0.9371
0.240046	18.379119	0.04	0.04	0.21	0.9371
0.240972	18.248045	0.07	0.07	0.21	0.9371
0.2418979	18.422	0.06	0.06	0.21	0.9371
0.2426539	18.449	0.023	0.023	0.21	0.9371
0.2428238	18.339119	0.05	0.05	0.21	0.9371
0.2437498	18.378045	0.06	0.06	0.21	0.9371
0.2446757	18.392	0.06	0.06	0.21	0.9371
0.2456016	18.369119	0.04	0.04	0.21	0.9371
0.2465275	18.238045	0.05	0.05	0.21	0.9371
0.2467527	18.217	0.07	0.07	0.21	0.9371
0.2467527	18.342	0.094	0.094	0.21	0.9371
0.2467728	18.339	0.06	0.06	0.21	0.9371
0.2474535	18.412	0.06	0.06	0.21	0.9371
0.2483794	18.379119	0.04	0.04	0.21	0.9371
0.2493053	18.308045	0.09	0.09	0.21	0.9371
0.2502312	18.422	0.06	0.06	0.21	0.9371
0.2511572	18.449119	0.04	0.04	0.21	0.9371
0.2519674	18.428045	0.08	0.08	0.21	0.9371
0.253009	18.412	0.05	0.05	0.21	0.9371
0.2538192	18.349119	0.04	0.04	0.21	0.9371
0.2547451	18.388045	0.07	0.07	0.21	0.9371
0.2556711	18.422	0.06	0.06	0.21	0.9371
0.256597	18.429119	0.05	0.05	0.21	0.9371
0.2575229	18.378045	0.1	0.1	0.21	0.9371
0.2577894	18.644	0.116	0.116	0.21	0.9371
0.2584488	18.462	0.07	0.07	0.21	0.9371
0.2594409	18.63	0.12	0.12	0.21	0.9371
0.2594905	18.439119	0.08	0.08	0.21	0.9371
0.2603007	18.418045	0.08	0.08	0.21	0.9371
0.2613424	18.542	0.06	0.06	0.21	0.9371
0.2621525	18.499119	0.04	0.04	0.21	0.9371
0.2630785	18.448045	0.08	0.08	0.21	0.9371
0.2640044	18.572	0.07	0.07	0.21	0.9371
0.2649303	18.509119	0.05	0.05	0.21	0.9371
0.2658563	18.498045	0.1	0.1	0.21	0.9371
0.2661667	18.568	0.021	0.021	0.21	0.9371
0.2667822	18.542	0.06	0.06	0.21	0.9371
0.2677081	18.489119	0.05	0.05	0.21	0.9371
0.268634	18.548045	0.1	0.1	0.21	0.9371
0.26956	18.512	0.06	0.06	0.21	0.9371
0.270044	18.513	0.021	0.021	0.21	0.9371
0.2704859	18.529119	0.05	0.05	0.21	0.9371
0.2714118	18.398045	0.07	0.07	0.21	0.9371
0.2723377	18.502	0.07	0.07	0.21	0.9371
0.2739063	18.402	0.118	0.118	0.21	0.9371
0.2836707	18.622	0.13	0.13	0.21	0.9371
0.2864902	18.461	0.09	0.09	0.21	0.9371
0.2916412	18.672	0.07	0.07	0.21	0.9371
0.2996225	18.549119	0.04	0.04	0.21	0.9371
0.3078382	18.652	0.12	0.12	0.21	0.9371
0.3162413	18.679119	0.05	0.05	0.21	0.9371
0.3240333	18.756321	0.07	0.07	0.21	0.9371
0.3246181	18.818	0.086	0.086	0.21	0.9371
0.3272137	18.792	0.09	0.09	0.21	0.9371
0.3296991	18.947	0.089	0.089	0.21	0.9371
0.3310405	18.829	0.1	0.1	0.21	0.9371
0.3320892	18.759119	0.06	0.06	0.21	0.9371
0.3322685	18.896	0.112	0.112	0.21	0.9371
0.3336099	18.719	0.14	0.14	0.21	0.9371
0.3348495	18.881	0.073	0.073	0.21	0.9371
0.3398673	18.896321	0.09	0.09	0.21	0.9371
0.339935	18.84	0.07	0.07	0.21	0.9371
0.3475463	18.968	0.101	0.101	0.21	0.9371
0.3512154	18.957	0.1	0.1	0.21	0.9371
0.3830909	19.036321	0.04	0.04	0.21	0.9371
0.3973413	19.156321	0.14	0.14	0.21	0.9371
0.5052	19.042	0.19	0.19	0.21	0.9371
0.5132	19.232	0.27	0.27	0.21	0.9371
0.5211	19.712	0.5	0.5	0.21	0.9371
0.5253819	19.411	0.121	0.121	0.21	0.9371
0.5279813	19.412	0.13	0.13	0.21	0.9371
0.5318168	19.669	0.18	0.18	0.21	0.9371
0.5322	19.932	0.39	0.39	0.21	0.9371
0.533044	19.515	0.171	0.171	0.21	0.9371
0.5343863	19.559	0.28	0.28	0.21	0.9371
0.5356366	19.478	0.102	0.102	0.21	0.9371
0.5385	19.572	0.34	0.34	0.21	0.9371
0.5407359	19.45	0.1	0.1	0.21	0.9371
0.5466	19.572	0.2	0.2	0.21	0.9371
0.5483333	19.626	0.144	0.144	0.21	0.9371
0.5519976	19.707	0.17	0.17	0.21	0.9371
0.5585	19.372	0.15	0.15	0.21	0.9371
0.5696	19.862	0.28	0.28	0.21	0.9371
0.5881	19.792	0.23	0.23	0.21	0.9371
0.5968	20.032	0.19	0.19	0.21	0.9371
0.6041	19.852	0.23	0.23	0.21	0.9371
0.6299	19.972	0.27	0.27	0.21	0.9371
0.6391	19.492	0.16	0.16	0.21	0.9371
0.6410458	19.952	0.02	0.02	0.21	0.9371
0.6482	20.062	0.28	0.28	0.21	0.9371
0.655	19.772	0.24	0.24	0.21	0.9371
0.659	19.632	0.09	0.09	0.21	0.9371
0.6645	19.852	0.27	0.27	0.21	0.9371
0.6765	20.162	0.4	0.4	0.21	0.9371
0.6908	19.512	0.15	0.15	0.21	0.9371
0.6985	19.501	0.17	0.17	0.21	0.9371
0.7031	19.221	0.19	0.19	0.21	0.9371
0.7036	20.132	0.44	0.44	0.21	0.9371
0.7049	19.681	0.15	0.15	0.21	0.9371
0.7067	19.311	0.11	0.11	0.21	0.9371
0.7085	19.871	0.15	0.15	0.21	0.9371
0.7095	19.471	0.11	0.11	0.21	0.9371
0.7106	20.011	0.21	0.21	0.21	0.9371
0.7117	19.351	0.1	0.1	0.21	0.9371
0.7127	19.601	0.2	0.2	0.21	0.9371
0.7138	19.761	0.15	0.15	0.21	0.9371
0.7148	19.621	0.09	0.09	0.21	0.9371
0.7159	19.551	0.09	0.09	0.21	0.9371
0.7163	20.442	0.25	0.25	0.21	0.9371
0.7177	19.511	0.12	0.12	0.21	0.9371
0.7195	19.481	0.09	0.09	0.21	0.9371
0.7212	19.561	0.07	0.07	0.21	0.9371
0.723	19.771	0.09	0.09	0.21	0.9371
0.7248	19.521	0.06	0.06	0.21	0.9371
0.7254	19.972	0.37	0.37	0.21	0.9371
0.7266	19.591	0.07	0.07	0.21	0.9371
0.7283	19.611	0.07	0.07	0.21	0.9371
0.7301	19.721	0.08	0.08	0.21	0.9371
0.7318	19.451	0.07	0.07	0.21	0.9371
0.7336	19.601	0.08	0.08	0.21	0.9371
0.7354	19.411	0.05	0.05	0.21	0.9371
0.737	20.002	0.37	0.37	0.21	0.9371
0.7371	19.561	0.06	0.06	0.21	0.9371
0.7389	19.401	0.05	0.05	0.21	0.9371
0.7407	19.561	0.06	0.06	0.21	0.9371
0.7457	19.792	0.07	0.07	0.21	0.9371
0.7538	19.982	0.22	0.22	0.21	0.9371
0.7607	19.802	0.21	0.21	0.21	0.9371
0.787043	20.036321	0.09	0.09	0.21	0.9371
0.7982932	19.976321	0.08	0.08	0.21	0.9371
0.8003	19.912	0.11	0.11	0.21	0.9371
0.8075	19.912	0.23	0.23	0.21	0.9371
0.8158826	19.909119	0.04	0.04	0.21	0.9371
0.8166	20.192	0.26	0.26	0.21	0.9371
0.8259	20.252	0.24	0.24	0.21	0.9371
0.837	19.712	0.16	0.16	0.21	0.9371
0.848	19.532	0.2	0.2	0.21	0.9371
0.8548	20.122	0.08	0.08	0.21	0.9371
0.8778	20.112	0.09	0.09	0.21	0.9371
0.8789699	19.92	0.316	0.316	0.21	0.9371
0.8871	19.701	0.07	0.07	0.21	0.9371
0.8888	19.891	0.08	0.08	0.21	0.9371
0.8906	20.081	0.1	0.1	0.21	0.9371
0.8925	19.721	0.07	0.07	0.21	0.9371
0.8942	19.981	0.11	0.11	0.21	0.9371
0.896	19.921	0.1	0.1	0.21	0.9371
0.8979	19.791	0.08	0.08	0.21	0.9371
0.8997	19.791	0.12	0.12	0.21	0.9371
0.9014	19.811	0.13	0.13	0.21	0.9371
0.9032	19.811	0.11	0.11	0.21	0.9371
0.9049	19.861	0.09	0.09	0.21	0.9371
0.9067	19.901	0.11	0.11	0.21	0.9371
0.9085	19.981	0.1	0.1	0.21	0.9371
0.9103	19.781	0.08	0.08	0.21	0.9371
0.912	19.671	0.09	0.09	0.21	0.9371
0.9138	19.781	0.11	0.11	0.21	0.9371
0.9156	19.861	0.1	0.1	0.21	0.9371
0.9173	19.951	0.12	0.12	0.21	0.9371
0.9191	19.851	0.1	0.1	0.21	0.9371
0.9208	20.021	0.09	0.09	0.21	0.9371
0.9226	19.651	0.07	0.07	0.21	0.9371
0.9244	19.811	0.09	0.09	0.21	0.9371
0.9261	19.771	0.07	0.07	0.21	0.9371
0.9279	19.781	0.09	0.09	0.21	0.9371
0.9525294	20.122	0.34	0.34	0.21	0.9371
0.956147	20.16	2.11	2.11	0.21	0.9371
0.9771941	20.052	0.16	0.16	0.21	0.9371
0.9840228	20.009119	0.08	0.08	0.21	0.9371
0.9972	20.472	0.08	0.08	0.21	0.9371
1.0135368	19.992	0.1	0.1	0.21	0.9371
1.0204813	20.079119	0.07	0.07	0.21	0.9371
1.0336667	20.236	0.13	0.13	0.21	0.9371
1.0336667	20.165916	0.1	0.1	0.21	0.9371
1.0457917	20.332	0.07	0.07	0.21	0.9371
1.0457917	20.296321	0.06	0.06	0.21	0.9371
1.0567917	20.219119	0.05	0.05	0.21	0.9371
1.0567917	20.241	0.07	0.07	0.21	0.9371
1.0568241	20.299119	0.08	0.08	0.21	0.9371
1.07025	20.238045	0.05	0.05	0.21	0.9371
1.0876113	20.332	0.09	0.09	0.21	0.9371
1.09444	20.459119	0.1	0.1	0.21	0.9371
1.1238382	20.702	0.12	0.12	0.21	0.9371
1.1307827	20.569119	0.13	0.13	0.21	0.9371
1.1609912	20.562	0.1	0.1	0.21	0.9371
1.1679356	20.419119	0.06	0.06	0.21	0.9371
1.1980283	20.342	0.09	0.09	0.21	0.9371
1.2049728	20.389119	0.08	0.08	0.21	0.9371
1.981575	20.962	0.1	0.1	0.21	0.9371
2.003566	21.159119	0.11	0.11	0.21	0.9371
2.025	21.322	0.07	0.07	0.21	0.9371
2.025	21.286321	0.06	0.06	0.21	0.9371
2.1563406	21.552	0.12	0.12	0.21	0.9371
2.1783316	21.499119	0.12	0.12	0.21	0.9371
2.3499608	21.276321	0.43	0.43	0.21	0.9371
2.3700304	21.199119	0.2	0.2	0.21	0.9371
2.55	21.618395	0.1256027	0.1256027	0.21	0.9371
2.6192	21.782	0.26	0.26	0.21	0.9371
2.7625783	21.736321	0.15	0.15	0.21	0.9371
2.8355	22.002	0.27	0.27	0.21	0.9371
2.8364699	21.909119	0.22	0.22	0.21	0.9371
3.1816752	21.872	0.11	0.11	0.21	0.9371
3.2048245	22.049119	0.1	0.1	0.21	0.9371
3.3625	22.042	0.11	0.11	0.21	0.9371
3.3625	22.036321	0.08	0.08	0.21	0.9371
3.375	22.011	0.12	0.12	0.21	0.9371
3.375	21.939119	0.1	0.1	0.21	0.9371
3.4514998	22.086321	0.02	0.02	0.21	0.9371
3.4514998	21.909119	0.02	0.02	0.21	0.9371
4.4239931	22.602	0.31	0.31	0.21	0.9371
4.4272222	22.47	0.2	0.2	0.21	0.9371
5.0173795	22.812	0.27	0.27	0.21	0.9371
5.2208333	22.772	0.1	0.1	0.21	0.9371
5.2208333	22.766321	0.08	0.08	0.21	0.9371
5.2292792	22.676321	0.04	0.04	0.21	0.9371
5.2292792	22.579119	0.04	0.04	0.21	0.9371
5.2333333	22.731	0.09	0.09	0.21	0.9371
5.2333333	22.659119	0.07	0.07	0.21	0.9371
6.0508333	22.821	0.09	0.09	0.21	0.9371
6.0508333	22.739119	0.06	0.06	0.21	0.9371
6.0567481	22.702	0.19	0.19	0.21	0.9371
6.0647083	22.868045	0.09	0.09	0.21	0.9371
6.0798965	22.759119	0.17	0.17	0.21	0.9371
7.0544447	22.862	0.18	0.18	0.21	0.9371
8.8730903	23.236	0.24	0.24	0.21	0.9371
9.0291667	23.382	0.09	0.09	0.21	0.9371
9.0291667	23.446321	0.07	0.07	0.21	0.9371
12.270833	23.772	0.11	0.11	0.21	0.9371
12.270833	23.836321	0.09	0.09	0.21	0.9371
14.01875	23.882	0.09	0.09	0.21	0.9371
14.01875	23.876321	0.08	0.08	0.21	0.9371
18.889004	24.306321	0.06	0.06	0.21	0.9371
19.166667	24.322	0.05	0.05	0.21	0.9371
26.479167	24.722	0.11	0.11	0.21	0.9371
26.479167	24.826321	0.09	0.09	0.21	0.9371
28.824537	24.806	0.35	0.35	0.21	0.9371
53.125	26.252	0.1	0.1	0.21	0.9371
106.4	26.976321	0.44	0.44	0.21	0.9371