Time (s)     Err_Time (s)     Flux (erg/cm^2/s/A)    Err_Flux (Jy)
             37.2000               5.0000    3.8931109214115962e+50    6.0956692131315802e+48
             60.5000               5.0000    1.2311097484133210e+50    3.9686290505991905e+48
             83.8000               5.0000    4.0916338523540271e+49    3.3539953972881238e+48
            100.3000               5.0000    2.8177130325615621e+49    5.1904193695103970e+47
            116.2000               5.0000    1.9315090984745086e+49    3.5579713481303981e+47
            132.2000               5.0000    1.4292123367202594e+49    2.7643418174340556e+47
            148.2000               5.0000    1.0772010162822530e+49    2.0834915418690043e+47
            164.1000               5.0000    8.9680238234663727e+48    1.7345696393750928e+47
            179.9000               5.0000    7.1828492512324118e+48    1.3892862553279968e+47
            196.0000               5.0000    6.2617648005638894e+48    1.2688057096602381e+47
            211.8000               5.0000    5.3542266323829068e+48    1.0849135249172201e+47
            219.0000               5.0000    4.8876123033049911e+48    9.0033148431261640e+46
            228.1000               5.0000    4.1371069511463218e+48    8.7639577826211239e+46
            231.7000               5.0000    4.2608549350227633e+48    7.8487850713849883e+46
            243.7000               5.0000    3.6500326346831338e+48    8.0683305364910633e+46
            244.4000               5.0000    3.8291003468315843e+48    7.0534637056087119e+46
            257.4000               5.0000    3.4221319190307924e+48    6.3038001358887980e+46
            259.7000               5.0000    3.1849069356689499e+48    7.0401786660109574e+46
            270.4000               5.0000    2.9695917372396984e+48    5.4701902906325167e+46
            275.6000               5.0000    2.7739379726556184e+48    6.6427175449460229e+46
            283.3000               5.0000    2.6248031908889924e+48    4.8350662986988416e+46
            291.5000               5.0000    2.3458311266633854e+48    6.0496530510458282e+46
            296.2000               5.0000    2.3329033382911016e+48    4.2973668838283464e+46
            307.2000               5.0000    1.9493810655007253e+48    5.0272498205492854e+46
            309.1000               5.0000    2.1217623755731400e+48    3.9084308460118569e+46
            322.1000               5.0000    1.8243020366626686e+48    3.3604886365319756e+46
            323.2000               5.0000    1.7631803727991158e+48    4.8718475514506520e+46
            334.8000               5.0000    1.6807253189054665e+48    3.0960105409112035e+46
            339.3000               5.0000    1.4464277374897153e+48    4.6627322592420395e+46
            355.2000               5.0000    1.4411087047327897e+48    4.6455857229990835e+46
            360.1000              15.0000    1.4371322703454971e+48    2.6472955500967071e+46
            370.7000               5.0000    1.1724565039156721e+48    4.2115022754765963e+46
            386.6000               5.0000    1.1542416461526970e+48    4.1460739080616377e+46
            395.5000              15.0000    1.2019786130504819e+48    2.2141264929462460e+46
            416.6000              15.0000    1.0071559879597636e+48    2.7828749171481811e+46
            431.0000              15.0000    9.3475272234616208e+47    1.7218781968571854e+46
            456.6000              15.0000    7.9487115574103011e+47    2.4159412553094369e+46
            466.3000              15.0000    8.7881353741157015e+47    1.6188344072150665e+46
            496.0000              15.0000    6.6053637148135106e+47    2.3118306941298592e+46
            502.4000              15.0000    7.3772879834484144e+47    1.3589467061142376e+46
            534.7000              15.0000    5.5245477959497709e+47    2.1879675838707998e+46
            537.7000              15.0000    6.2444865719596261e+47    1.1502769686337348e+46
            573.2000              15.0000    6.0911141141915377e+47    1.1220247170257987e+46
            575.0000              15.0000    5.1226741877380990e+47    2.2175339893769952e+46
            608.8000              15.0000    4.9738963925642095e+47    9.1622560138544250e+45
            614.8000              15.0000    4.8831125508540674e+47    2.1138311082504295e+46
            644.3000              15.0000    4.6719343792938868e+47    8.6060214135162189e+45
            679.9000              15.0000    4.2412779390562947e+47    7.8127229110844389e+45
            715.2000              15.0000    3.9837927153529933e+47    7.3384175872178088e+45
            750.5000              15.0000    3.7626752156444641e+47    6.9311040885889233e+45
            786.1000              15.0000    3.2741361268922831e+47    6.0311818041975038e+45
            821.9000              15.0000    2.9998306029961385e+47    5.8021869585245186e+45
            857.4000              15.0000    2.9019954761068294e+47    5.6129570410899216e+45
            892.8000              15.0000    2.6539744068669189e+47    5.1332417491844991e+45
            928.4000              15.0000    2.3872435566515842e+47    4.6173385315128555e+45
            963.5000              15.0000    2.0563485481350939e+47    3.9773308253651535e+45
            998.8000              15.0000    1.9565760293253903e+47    3.7843536596283202e+45
           1034.5000              15.0000    1.9404244063704812e+47    3.7531136502843332e+45
           1070.5000              15.0000    1.7167091727858575e+47    3.3204100138084834e+45
           1106.3000              15.0000    1.6730030300008419e+47    3.3899641145141543e+45
           1142.6000              15.0000    1.6409552110653169e+47    3.3250264221180905e+45
           1177.8000              15.0000    1.5314285065655874e+47    3.1030952055112141e+45
           1213.5000              15.0000    1.3387414989890343e+47    2.7126583507630765e+45
           1249.2000              15.0000    1.3523737305704015e+47    2.7402809999949545e+45
           1284.8000              15.0000    1.1670695154830600e+47    2.3648037126561598e+45
           1320.3000              15.0000    1.1975584661717599e+47    2.4265827093886590e+45
           1355.9000              15.0000    1.1384048177672171e+47    2.3067211540070852e+45
           1391.6000              15.0000    1.0614431155318350e+47    2.2485381120247064e+45
           1426.9000              15.0000    1.0164750528408401e+47    2.0596579268763151e+45
           1462.3000              15.0000    1.0249359450779491e+47    2.1712021126418138e+45
           1497.7000              15.0000    7.9049062314724455e+46    1.7473650983130032e+45
           1533.0000              15.0000    8.7800446272980853e+46    1.7790784401841953e+45
           1568.3000              15.0000    8.5960062623465235e+46    1.9001314990812341e+45
           1603.8000              15.0000    8.2774529903204220e+46    1.8297158795669041e+45
           1639.3000              15.0000    7.8613425862885869e+46    1.7377354340360887e+45
           1674.6000              15.0000    7.5075238809283355e+46    1.7286713071170842e+45
           1710.5000              15.0000    7.3704961252516756e+46    1.6292347194758617e+45
           1745.8000              15.0000    7.3433921716224226e+46    1.6232434399829448e+45
           1781.0000              15.0000    6.5508359160587672e+46    1.5687211863647728e+45
           1816.5000              15.0000    6.1361606462413701e+46    1.3563871141437590e+45
           1852.1000              15.0000    5.9964845752138660e+46    1.4359713046372641e+45
           1887.6000              15.0000    6.1758497415708250e+46    1.5926870356194976e+45
           1923.2000              15.0000    6.1305116352093475e+46    1.5245307118832986e+45
           1958.7000              15.0000    5.8978907115352638e+46    1.5210043098253292e+45
           1993.9000              15.0000    5.7213263437559555e+46    1.3700794775755385e+45
           2029.3000              15.0000    5.2323491937458894e+46    1.3493681153896707e+45
           2064.9000              15.0000    5.3247193225136030e+46    1.2260619689354869e+45
           2100.9000              15.0000    5.1748375390615873e+46    1.3345364613427550e+45
           2136.0000              15.0000    5.0152977298056103e+46    1.2933928136667396e+45
           2171.4000              15.0000    4.6934988878656723e+46    1.2104042590415832e+45
           2224.6000              75.0000    4.9830669214094895e+46    1.1014978503302336e+45
           2401.8000              75.0000    4.3400698459274198e+46    9.9933804174740412e+44
           2667.8000             150.0000    3.7110492481886189e+46    7.8614063702997126e+44
           3023.6000             150.0000    2.8700979343334142e+46    6.3442991129071100e+44
           3379.1000             150.0000    2.6031351440845927e+46    5.9939403503711441e+44
           3734.2000             150.0000    2.4928532621453274e+46    5.9696072027074557e+44
           4265.8000             300.0000    1.9279542037260383e+46    4.2617075877814715e+44
           4976.2000             300.0000    1.6838240671381620e+46    4.0322342401452350e+44
           5686.6000             300.0000    1.3338184213286475e+46    3.3169289422966423e+44
           6396.6000             300.0000    1.1942540161317906e+46    3.0798561628311732e+44
