  1.590000E+002  2.312314E-012  4.259439E-014  4.259439E-014   R
  2.590000E+002  1.342912E-012  3.710604E-014  3.710604E-014   R
  4.560000E+002  7.727649E-013  3.558714E-014  3.558714E-014   R
  6.530000E+002  5.862017E-013  3.779382E-014  3.779382E-014   R
  8.560000E+002  4.093053E-013  2.638889E-014  2.638889E-014   R
  1.171000E+003  3.251225E-013  2.096142E-014  2.096142E-014   R
  1.470000E+003  2.582540E-013  1.665025E-014  1.665025E-014   R
  1.698000E+003  1.853732E-013  1.707351E-014  1.707351E-014   R
  2.314000E+003  1.770301E-013  1.630507E-014  1.630507E-014   R
  3.376000E+003  1.690626E-013  1.245699E-014  1.245699E-014   R
  4.256000E+003  1.096598E-013  1.010004E-014  1.010004E-014   R
  5.185000E+003  8.710579E-014  1.123183E-014  1.123183E-014   R
  5.644000E+003  6.607651E-014  1.156316E-014  1.156316E-014   R
