       2835.7591       1.0089787      0.41940890       0.0000000      -677325.38
   6.4936253e+09      0.13352588
       1.0089787   0.00074974890   3.9858640e-05       0.0000000      -94.239681
       18524008.   0.00034137594
      0.41940890   3.9858640e-05   0.00013863109       0.0000000      -54.515203
      -4224093.8  -7.2777379e-05
       0.0000000       0.0000000       0.0000000       0.0000000       0.0000000
       0.0000000       0.0000000
      -677325.38      -94.239681      -54.515203       0.0000000   1.3722866e+09
   1.5606057e+13       272.25542
   6.4936253e+09       18524008.      -4224093.8       0.0000000   1.5606057e+13
   1.0953299e+18       19301833.
      0.13352588   0.00034137594  -7.2777379e-05       0.0000000       272.25542
       19301833.   0.00034151593
