Table 1
GRB 120326A Optical Observations Collected from GCNa
Time 	Exposure Time 	Magnitude 	Mag Error 	Filters 	References
(s) 	(s) 		(mag) 		(mag)
163 	59.4 		18.2 				R 			1
473 	945 		19.1 				R 			1
846 	30 		19.1 		0.2 		r 			2
2688 	120 		19.6 		0.1 		r 			2
440 	60 		18.51		0.2 		R 			3
507 	60 		19.07 		0.2 		R 			3
574 	60 		19.21 		0.3 		R 			3
641 	60 		19.75 		0.4 		R 			3
708 	60 		19.63 		0.6 		R 			3
775 	60 		19.1 		0.2 		R 			3
842 	60 		19.48 		0.3 		R 			3
909 	60 		19.19 		0.2 		R 			3
976 	60 		19.77 		0.4 		R 			3
1043 	60 		19.01 		0.2 		R 			3
1110 	60 		19.11 		0.2 		R 			3
1177 	60 		19.18 		0.2 		R 			3
1244 	60 		19.62 		0.3 		R 			3
1311 	60 		20.02 		0.5 		R 			3
1379 	60 		19.35 		0.3 		R 			3
1446 	60 		19.79 		0.4 		R 			3
1513 	60 		19.38 		0.3 		R 			3
1580 	60 		18.97 		0.2 		R 			3
1647 	60 		19.42 		0.3 		R 			3
1714 	60 		19.82 		0.4 		R 			3
6125 	720 		19 		0.2		Unfiltered 		4
63720 	300 		18.7 		0.1 		R 			5
64800 	300 		18.8 		0.1 		R 			5
72720 	3600 		18.6 		0.1 		R 			6
70020 	300 		18.56 				R 			7
27639 	300 		17.63 		0.06 		R 			8
27964 	300 		17.53 		0.04 		R 			8
28282 	300 		17.61 		0.04 		R 			8
28601 	300 		17.84 		0.03 		R 			8
28915 	300 		17.9 		0.03 		R 			8
29239 	300 		18.08 		0.03 		R 			8
157320 	300 		19.32 				R 			9
164070 	1500 		19.68 		0.07 		R 			10
76781 	120 		18.75 				Unfiltered 		11
78675 	120 		18.7 				Unfiltered 		11
80570 	120 		18.7 				Unfiltered 		11
82468 	120 		18.8 				Unfiltered 		11
84363 	120 		18.7 				Unfiltered 		11
86260 	120 		18.8 				Unfiltered 		11
88158 	120 		18.85 				Unfiltered 		11
90244 	120 		18.95 				Unfiltered 		11
170707 	120 		19.3 				Unfiltered 		11
172603 	120 		19.48 				Unfiltered 		11
172604 	120 		19.41 				Unfiltered 		11
174501 	120 		19.52 				Unfiltered 		11
256864 	120 		19.77 				Unfiltered 		11
258667 	120 		19.91 				Unfiltered 		11
260619 	120 		19.93 				Unfiltered 		11
262582 	120 		20 				Unfiltered 		11
263298 	120 		19.98 				Unfiltered 		11
