Skip Single 
log on
read serr 1,2
skip on
! this is NONE
  136.6835    10.0016  6.19786e+01   2.32405e+00 
  161.7012    15.0050  4.86303e+01   1.35600e+00 
  191.7217    15.0045  4.09861e+01   1.11729e+00 
  225.1235    18.3863  3.43877e+01   1.02878e+00 
  268.5327    25.0117  2.48123e+01   8.39818e-01 
  323.5712    30.0156  2.06084e+01   6.92107e-01 
  388.6157    35.0178  1.45377e+01   5.31847e-01 
  468.6709    45.0264  1.16696e+01   4.20204e-01 
  568.7396    55.0311  9.13238e+00   3.38174e-01 
  680.4305    56.6488  6.61293e+00   3.52354e-01 
  813.5168    46.7489  5.20076e+00   4.72029e-01 
  959.8992    92.9745  4.77314e+00   1.42453e-01 
 1167.9590   115.0742  3.78473e+00   1.63112e-01 
 1327.8152    44.7711  3.33782e+00   2.49042e-01 
 4974.0115   407.0540  6.74175e-01   4.79747e-02 
 6204.9157   612.9338  5.60991e-01   4.04840e-02 
 7097.8760    68.8675  6.85910e-01   1.37560e-01 
12393.2787   557.1018  2.56594e-01   7.91140e-02 
18303.8617   408.7146  2.15296e-01   3.60266e-02 
23949.5662   567.1306  1.61888e-01   2.32472e-02 
31935.7006  1657.0507  2.04364e-01   1.11321e-01 
43458.7631  4191.6158 -4.12544e-02   9.70927e-02 
69249.2276  6857.2019  6.47866e-02   9.53840e-03 
84372.6990  8259.9918  3.91069e-02   9.48928e-03 
95475.7294  1903.8282  3.28314e-02   3.89064e-02 
152505.9780 14766.7546  2.69280e-02   1.42243e-02 
190963.0844 18609.4888 -1.10889e-02   1.09830e-02 
237573.0506 22639.5267  1.00785e-02   5.69312e-03 
293872.9174 28975.7618 -1.71591e-03   7.45868e-03 
357871.6980 35001.0124  1.13773e-02   5.56157e-03 
438831.4400 40861.2848 -6.54200e-03   5.21506e-03 
676095.0256 17377.6794  7.73044e-03   1.22673e-02 
999903.5838   588.9923 -5.05195e-04   3.53769e-02 
no no no no ! that was NONE
