  1.296000E+002  1.737990E-011  1.760822E-013  1.760822E-013   R
  1.760400E+002  1.132522E-011  1.147401E-013  1.147401E-013   R
  2.210400E+002  7.806335E-012  7.908890E-014  7.908890E-014   R
  2.689200E+002  5.405644E-012  7.966051E-014  7.966051E-014   R
  2.898000E+002  4.934544E-012  8.180789E-014  8.180789E-014   R
  3.099600E+002  4.588255E-012  8.029283E-014  8.029283E-014   R
  3.488400E+002  3.702093E-012  1.057024E-013  1.057024E-013   R
  3.708000E+002  3.379457E-012  7.470228E-014  7.470228E-014   R
  3.909600E+002  3.065120E-012  1.411540E-013  1.411540E-013   R
  4.298400E+002  2.650007E-012  8.298540E-014  8.298540E-014   R
  4.510800E+002  2.475411E-012  6.383826E-014  6.383826E-014   R
  4.719600E+002  2.179954E-012  8.633591E-014  8.633591E-014   R
  5.108400E+002  2.138195E-012  6.498856E-014  6.498856E-014   R
  5.320800E+002  2.051385E-012  6.235005E-014  6.235005E-014   R
  5.518800E+002  1.914463E-012  8.287442E-014  8.287442E-014   R
  5.918400E+002  1.765417E-012  7.967445E-014  7.967445E-014   R
  6.130800E+002  1.640013E-012  6.344132E-014  6.344132E-014   R
  6.328800E+002  1.619002E-012  5.666392E-014  5.666392E-014   R
  6.958800E+002  1.476546E-012  2.991887E-014  2.991887E-014   R
  7.768800E+002  1.212404E-012  2.679997E-014  2.679997E-014   R
  9.151200E+002  1.010294E-012  1.954081E-014  1.954081E-014   R
  1.191960E+003  7.517049E-013  1.107753E-014  1.107753E-014   R
  1.620000E+003  5.292329E-013  1.267348E-014  1.267348E-014   R
  2.166120E+003  3.777873E-013  6.193598E-014  6.193598E-014   R
  7.957080E+003  1.080556E-013  3.204637E-014  3.204637E-014   R
  8.512920E+003  1.063770E-013  1.910547E-014  1.910547E-014   R
  8.676000E+003  1.184806E-013  2.684467E-014  2.684467E-014   R
  8.956800E+003  1.089551E-013  1.685902E-014  1.685902E-014   R
