#Time Err_time Residuals Err_residuals
   1.1670050591937652e+02    5.0761420582590917e+00   -2.8568541933232089e-01    2.3640282584307090e-01
   1.4274111467824565e+02    3.8071065436943186e+01   -4.9685000366042564e-01    5.5443778222660459e-02
   1.4999999782155615e+02    3.0456852349554552e+01   -4.0512710152600262e-01    7.0248400472885220e-02
   1.9426395656957544e+02    1.5228426174777276e+01   -3.3182860529569985e-01    5.6095071037456493e-02
   2.0050761130123414e+02    1.1421319631082957e+01   -4.4362241041295175e-01    4.8337225386341512e-02
   2.4659898119022668e+02    1.5228426174777276e+01   -6.0767127873401106e-01    2.4723219995113170e-02
   2.8076141724231036e+02    1.5228426174777276e+01   -4.4531051523127674e-01    3.2887811928850007e-02
   3.1167512237710821e+02    1.5228426174777276e+01   -4.0345865569121603e-01    2.7329190819363473e-02
   3.5324872583425019e+02    1.5228426174777276e+01   -2.8955253740217168e-01    2.9813264706113368e-02
   3.6208121301562102e+02    3.0456852349554552e+01   -2.4239236129221545e-01    4.1656527387443500e-02
   4.2827410545531961e+02    3.0456852349554552e+01   -1.1049874289414795e-01    5.1018392588127195e-02
   5.1065989106086465e+02    1.5228426174777276e+01    8.2841510657572642e-02    8.0728620565384185e-02
   5.4725887530091268e+02    6.0913704699109104e+01    3.7758290410810920e-02    5.4975553347906186e-02
   6.7461927954263331e+02    1.5228426174777276e+01    1.6513100302174955e-01    1.0621139529743333e-01
   6.8309643677992597e+02    6.0913704699109104e+01    1.4664314544926549e-01    6.7838016818820568e-02
   7.0299491364830169e+02    3.0456852349554552e+01    2.2914985662976373e-01    8.1106987113116286e-02
   7.4619288256408652e+02    1.5228426174777276e+01    2.5799684871300210e-01    1.5686897606380348e-01
   8.1888323683835665e+02    6.0913704699109104e+01    1.8790762081435514e-01    1.0598497992001907e-01
   8.1928932820301736e+02    1.5228426174777276e+01    2.3581866096259585e-01    1.4587041911690490e-01
   8.5832486063102988e+02    1.5228426174777276e+01    3.3794385786915754e-01    8.7235253840942426e-02
   9.1126902229867221e+02    1.5228426174777276e+01    3.0518700480550454e-01    7.9735612097372649e-02
   9.6390861544281893e+02    1.5228426174777276e+01    3.4592460401073288e-01    9.5865100417674778e-02
   9.7680201627079703e+02    4.5685278524331828e+01    3.0893468670221286e-01    2.0202772938400815e-01
   9.7999998576750022e+02    7.6142130873886373e+01    1.8768408545062679e-01    7.8854655681303787e-02
   1.0169542999516265e+03    1.5228426174777276e+01    3.0492703270008442e-01    7.8976169396288751e-02
   1.0698984616192686e+03    3.0456852349554552e+01    3.4312224856656920e-01    1.3026020113138909e-01
   1.1416243489024698e+03    3.0456852349554552e+01    4.0111722082423007e-01    2.7975241031150822e-01
   1.1563959222920037e+03    7.6142130873886373e+01    2.3894015696959839e-01    1.0934202502737000e-01
   1.2161421143177133e+03    1.5228426174777276e+01    4.6213271530413252e-01    3.1010348106097257e-01
   1.3301522649462124e+03    7.6142130873886373e+01    3.9614367713597193e-01    2.3585635767252738e-01
   1.4454314510892764e+03    3.0456852349554552e+01    3.9602228298603809e-01    2.1494206438365923e-01
   1.4507614002504483e+03    7.6142130873886380e+00    4.3804465886107125e-01    2.0382507760306426e-01
   1.5427410943461032e+03    9.1370557048663656e+01    4.8478713055607442e-01    3.9694821046319884e-01
   1.5963451544813192e+03    1.5228426174777276e+01    3.9815174180404772e-01    1.8459296043777287e-01
   1.6309644433186461e+03    7.6142130873886373e+01    2.7839993537729163e-01    1.0189585154482990e-01
   1.8215735776062750e+03    3.0456852349554552e+01    3.4943568949428194e-01    1.2747042808927164e-01
   1.8627918511193388e+03    1.0659898322344092e+02    4.3702894800238618e-01    3.8538399151601355e-01
   2.0250253513012997e+03    6.0913704699109104e+01    4.3059720009773517e-01    1.3057332070944638e-01
   2.0937055533495450e+03    9.1370557048663656e+01    4.6800736986139502e-01    3.0638211063914439e-01
   2.1060913399716974e+03    7.6142130873886373e+01    3.8471779466680717e-01    2.1405246175564710e-01
   2.1382740806210595e+03    4.5685278524331828e+01    4.4425730452430334e-01    1.8970258860189662e-01
   2.1694415928587709e+03    6.0913704699109104e+01    4.0018093465567306e-01    1.2099351083308413e-01
   2.3135025044721638e+03    6.0913704699109104e+01    4.1226543526632414e-01    1.2386944735272863e-01
   2.4250761069126984e+03    3.0456852349554552e+01    4.4592706972158874e-01    2.4524798253119701e-01
   2.4581725531325478e+03    6.0913704699109104e+01    4.1034363228653015e-01    1.3329294929433333e-01
   2.5699492012554128e+03    7.6142130873886373e+01    3.3345764707836090e-01    2.1501791790724326e-01
   2.6028426017929319e+03    6.0913704699109104e+01    4.7033800528169406e-01    2.3560074750217225e-01
   2.7454314322094297e+03    4.5685278524331828e+01    4.5647272130371719e-01    2.6258952049588979e-01
   2.7640101121426583e+03    6.0913704699109104e+01    3.8469527000588372e-01    1.3530818774581013e-01
   2.9042639172123568e+03    9.1370557048663656e+01    4.3696735562478589e-01    4.3729360391041561e-01
   3.1510659440849140e+03    6.0913704699109104e+01    3.1926349064361070e-01    1.4212475631287796e-01
   3.5862943641600482e+03    1.5228426174777275e+02    2.9074104714715904e-01    1.5003652645911278e-01
   3.6469035003356616e+03    2.2842639262165912e+02    4.4134554792682090e-01    4.0039705904454959e-01
   4.0449745605443400e+03    2.2842639262165912e+02    3.9926233553615414e-01    1.6472660211518342e-01
   7.6544161324900497e+03    4.5685278524331824e+02    3.3360927808406110e-01    1.8193323806326267e-01
   1.1582740948535595e+04    8.3756343961275013e+02    1.0931733957948425e-01    1.9230340389486975e-01
   3.1658984311791468e+04    7.6142130873886373e+01   -8.6546605306964064e-02    9.3892089726793929e-02
