read serr 1
read terr 2
log x
ma 17 on 2
ma 31 on 3
    104.3621    10.0018  1.37318e+01   3.67897e-02 -3.55838e-02 no
    124.3761    10.0012  1.35768e+01   3.75326e-02 -3.62784e-02 no
    144.3896    10.0012  1.37710e+01   3.65866e-02 -3.53938e-02 no
    169.4068    15.0049  1.38328e+01   2.96196e-02 -2.88330e-02 no
    202.3958    17.9731  1.37982e+01   3.47486e-02 -3.36709e-02 no
    240.3879    20.0081  1.37704e+01   3.31388e-02 -3.21572e-02 no
    285.4186    25.0115  1.38713e+01   3.06685e-02 -2.98260e-02 no
    340.4568    30.0157  1.40494e+01   2.97570e-02 -2.89632e-02 no
    410.5055    40.0219  1.42187e+01   2.74932e-02 -2.68141e-02 no
    459.6240     9.0857  1.44276e+01   6.41782e-02 -6.05954e-02 no
   4849.2230   407.5725  1.73487e+01   3.56671e-02 -3.45326e-02 no
  25595.0161  1940.5526  1.97849e+01   1.81017e-01 -1.55106e-01 no
  54296.2366  2459.3042  2.08302e+01   3.20459e-01 -2.47114e-01 no
  76915.6110  2879.8130  2.10548e+01   4.20137e-01 -3.02160e-01 no
 100925.2360  2030.2943  2.08885e+01   4.37111e-01 -3.10785e-01 no
 135839.5736  3536.0065  2.19914e+01   9.53985e-01 -4.99839e-01 no
 184968.3163 18007.1010  2.21568e+01   4.93083e-01 -3.37840e-01 no
 227879.3644 20456.2470  2.20195e+01   4.39181e-01 -3.11823e-01 no
 283254.9747 23820.5988  2.26685e+01   6.84718e-01 -4.16633e-01 no
 386393.3410 35462.0713  2.25763e+01   6.13915e-01 -3.89773e-01 no
 479877.6006 46917.9726  2.27947e+01   5.93862e-01 -3.81713e-01 no
 572372.0948 41183.5069 no         no         no          2.25573e+01
