time_sec	flux	flux_err	band	source
3126	1.3850168256421697e-12	0.0	R	13564
425	6.620886500657726e-14	3.571693190393458e-15	u_swift	13593
8612	8.194137729199269e-14	1.249465204201241e-15	v_swift	13593
3590	1.0670845846890688e-13	3.732054174582908e-15	b_swift	13593
3424	3.8099225130548917e-14	2.0552949056675517e-15	u_swift	13593
9122.5	2.81545874275133e-14	2.2059005128801514e-15	uvw1_swift	13593
11001.5	8.62362594898737e-15	8.139302187486089e-16	uvm2_swift	13593
7916	8.811681163983873e-15	8.902880503646252e-16	uvw2_swift	13593
1.18E+06	1.0506427049702548e-14	0.0	R	13712
