read serr 1
read terr 2
log x
ma 17 on 2
ma 31 on 3
    127.6438    10.0016  2.01233e+01   1.08812e+00 -5.32417e-01 no
    152.6612    15.0048  1.83873e+01   1.86482e-01 -1.59099e-01 no
    182.6817    15.0046  1.85039e+01   2.06682e-01 -1.73559e-01 no
    215.6866    17.9894  1.95358e+01   7.23029e-01 -4.30198e-01 no
    258.6983    25.0114 no         no         no          1.91923e+01
    313.7361    30.0153  1.92418e+01   7.47612e-01 -4.38569e-01 no
    380.5799    36.8175  1.94428e+01   8.00458e-01 -4.55731e-01 no
   4573.1468   407.7710  1.76961e+01   5.34615e-02 -5.09522e-02 no
   5497.4294   510.5868  1.78742e+01   4.16832e-02 -4.01419e-02 no
   6318.2121   305.2090  1.77079e+01   4.56201e-02 -4.37803e-02 no
  10852.1893   906.4149  1.74278e+01   4.10386e-02 -3.95437e-02 no
  12159.9873   394.5095  1.77662e+01   1.02513e-01 -9.36636e-02 no
  17031.2579  1304.6316  1.84242e+01   3.12725e-02 -3.03969e-02 no
  22812.2757  1304.6647  1.87814e+01   6.21226e-02 -5.87596e-02 no
  28592.8357  1304.8688  1.94997e+01   1.47567e-01 -1.29889e-01 no
  51640.3729  4783.9396  2.01124e+01   5.35225e-01 -3.56900e-01 no
  64310.0197  6054.8825  2.09047e+01   4.73458e-01 -3.28588e-01 no
  80382.6455  6821.6454  2.19001e+01   4.09578e-01 -2.96691e-01 no
 100855.0130  9976.4731  2.14418e+01   3.18305e-01 -2.45835e-01 no
 118426.8111  3517.5028  2.20745e+01   9.70627e-01 -5.04159e-01 no
 190143.9661 11960.3978 no         no         no          2.18233e+01
 274820.8758 14463.4621 no         no         no          2.21272e+01
