read serr 1
read terr 2
log x
ma 17 on 2
ma 31 on 3
    133.5669    10.0018  1.43039e+01   4.38066e-02 -4.21075e-02 no
    158.5846    15.0049  1.44136e+01   3.42357e-02 -3.31891e-02 no
    188.6052    15.0048  1.45024e+01   3.24884e-02 -3.15444e-02 no
    223.6288    20.0078  1.45816e+01   2.71833e-02 -2.65193e-02 no
    258.4592    14.8115  1.47560e+01   3.02684e-02 -2.94474e-02 no
    370.4819    35.0187  1.50536e+01   2.62179e-02 -2.55997e-02 no
    450.5376    45.0261  1.52464e+01   2.46639e-02 -2.41160e-02 no
    548.4999    52.9253  1.54443e+01   2.53478e-02 -2.47695e-02 no
    668.0360    66.5999  1.56079e+01   2.85625e-02 -2.78303e-02 no
    798.4324    59.2525  1.58241e+01   2.81632e-02 -2.74511e-02 no
    960.6990    95.5011  1.59060e+01   2.30972e-02 -2.26161e-02 no
   1173.4199   117.2089  1.60805e+01   2.71769e-02 -2.65132e-02 no
   1436.3613   141.2437  1.61900e+01   2.21479e-02 -2.17052e-02 no
   1751.4018   173.7857  1.63284e+01   2.27730e-02 -2.23052e-02 no
   2135.0332   209.8347  1.64572e+01   2.27704e-02 -2.23026e-02 no
   2481.4390   136.5602  1.66189e+01   2.93862e-02 -2.86118e-02 no
   6567.5676   612.6083  1.73450e+01   1.93717e-02 -1.90321e-02 no
   7807.0554   621.4954  1.75372e+01   2.17890e-02 -2.13603e-02 no
  12969.7442  1236.8785  1.81095e+01   3.57637e-02 -3.46232e-02 no
  18748.4229  1236.3378  1.84235e+01   2.67604e-02 -2.61167e-02 no
  24526.7761  1235.9682  1.87862e+01   4.07674e-02 -3.92919e-02 no
  30304.7872  1236.0068  1.90466e+01   6.05548e-02 -5.73552e-02 no
  38650.2360  3831.2198  1.93485e+01   3.88746e-02 -3.75306e-02 no
  45682.5858  3194.3778  1.95343e+01   6.08605e-02 -5.76293e-02 no
  55940.9564  3797.7741  1.97974e+01   4.94431e-02 -4.72892e-02 no
  70797.3028  6864.8929  2.02472e+01   6.11742e-02 -5.79105e-02 no
  88138.2297  6863.9771  2.04861e+01   5.83346e-02 -5.53595e-02 no
 108752.3855  9349.7649  2.09963e+01   1.55632e-01 -1.36095e-01 no
 135094.8371 11867.3771  2.12132e+01   8.94360e-02 -8.26262e-02 no
 172400.0244 14522.1388  2.17097e+01   1.33271e-01 -1.18686e-01 no
 218312.3200 20629.8739  2.22426e+01   1.08024e-01 -9.82423e-02 no
 269365.7431 26332.8406  2.22100e+01   1.11693e-01 -1.01267e-01 no
 332967.9118 32111.7150  2.24492e+01   1.61164e-01 -1.40304e-01 no
 410695.6060 40525.3682  2.29945e+01   1.19148e-01 -1.07357e-01 no
 500813.0762 49589.1010  2.33587e+01   1.81324e-01 -1.55331e-01 no
 613542.5797 58419.6149  2.36645e+01   2.34023e-01 -1.92417e-01 no
 796411.1982 78350.9875  2.46218e+01   5.33672e-01 -3.56216e-01 no
 975215.3200 96106.9136 no         no         no          2.40546e+01
1151263.4790 58418.6699 no         no         no          2.36308e+01
