time_sec,flux,flux_err,band,source
47783.5,1.6848861317427256e-13,1.5764345510673616e-15,r',16977
51192.0,1.4543202245045825e-13,2.689780508778013e-15,r,16980
36720.0,2.74517828989811e-13,2.5288065461517043e-14,r',16985
56880.0,1.4540205871240454e-13,8.038779747145695e-15,r',16989
141480.0,6.288840145407923e-14,2.8979680475983607e-15,r',16989
150354.0,5.2803175812593927e-14,1.947308777333052e-15,r,16991
28800.0,7.480325279599954e-14,6.889634191821349e-15,R,16993
106272.0,8.202013569140044e-14,7.5543336707347e-15,R,17030
187773.0,2.8178669504606767e-14,5.709773022070784e-15,R,17035
