time_sec,flux,flux_err,band,source
1278.0,6.009385447228512e-13,5.53484853953749e-14,R,18878
38670.0,9.012184225897269e-14,9.130581263701538e-15,R,18884
40353.0,7.904462640671469e-14,7.281442135506434e-15,r',18887
636.0,1.2292212541779106e-12,1.4265148140741968e-13,R,18894
146160.0,5.6224970343891494e-15,9.31949128622468e-18,r,18900
233478.0,9.16071211165884e-15,2.278129071689505e-15,r,18907
146160.0,1.8110449726554518e-14,1.835083012096278e-15,r,18907
41400.0,9.524234086187357e-14,1.7544287543232618e-14,R,18915
324864.0,1.0325931389018023e-14,1.616881418459954e-15,r,18916
