18.8838	0.000218563	2.71063E-25	5.41764E-10	2.43834E-11	2.55326E-11
25.2369	0.000292094	3.08369E-25	6.16326E-10	2.77392E-11	2.90465E-11
31.58055	0.000365516	3.05541E-25	6.10675E-10	2.20887E-11	2.29177E-11
37.9188	0.000438875	2.76102E-25	5.51836E-10	2.96683E-11	3.1354E-11
44.253675	0.000512195	2.97215E-25	5.94033E-10	2.67359E-11	2.79959E-11
50.6655	0.000586406	2.76102E-25	5.51836E-10	1.99605E-11	2.07095E-11
56.997675	0.000659695	3.19941E-25	6.39456E-10	2.31297E-11	2.39978E-11
63.329175	0.000732977	2.86464E-25	5.72546E-10	2.57688E-11	2.69833E-11
69.66	0.00080625	2.83838E-25	5.67297E-10	2.55326E-11	2.67359E-11
75.990825	0.000879523	2.71063E-25	5.41764E-10	2.43834E-11	2.55326E-11
96.16725	0.001113047	2.58863E-25	5.17381E-10	1.41001E-11	1.44951E-11
119.510775	0.001383227	2.33921E-25	4.67531E-10	1.27415E-11	1.30985E-11
142.520175	0.001649539	2.27546E-25	4.54789E-10	1.23943E-11	1.27415E-11
166.2228	0.001923875	2.40475E-25	4.80629E-10	1.30985E-11	1.34655E-11
189.292275	0.002190883	2.2546E-25	4.5062E-10	1.62994E-11	1.69111E-11
212.590575	0.002460539	2.09445E-25	4.18611E-10	1.51416E-11	1.57098E-11
235.65195	0.002727453	1.84107E-25	3.67968E-10	1.33098E-11	1.38093E-11
258.475725	0.002991617	1.64843E-25	3.29466E-10	1.19171E-11	1.23643E-11
266.7735	0.003087656	1.4943E-25	2.98661E-10	5.02456E-11	6.04085E-11
281.7666	0.003261188	1.47594E-25	2.94992E-10	8.03935E-12	8.26459E-12
304.8219	0.003528031	1.33374E-25	2.66569E-10	9.64208E-12	1.00039E-11
342.87165	0.003968422	1.11962E-25	2.23774E-10	8.09414E-12	8.3979E-12
397.5912	0.00460175	9.05879E-26	1.81055E-10	4.93425E-12	5.07249E-12
451.736325	0.00522843	7.74587E-26	1.54814E-10	5.59978E-12	5.80993E-12
505.8639	0.005854906	7.60449E-26	1.51988E-10	6.8406E-12	7.16299E-12
520.2981	0.006021969	7.54783E-26	1.50856E-10	1.32737E-11	1.45543E-11
560.526075	0.00648757	5.66331E-26	1.13191E-10	6.08545E-12	6.43121E-12
607.7997	0.007034719	6.00618E-26	1.20043E-10	2.01957E-11	2.42805E-11
614.553075	0.007112883	5.87584E-26	1.17438E-10	6.31383E-12	6.67256E-12
668.808225	0.007740836	5.50897E-26	1.10106E-10	6.87479E-12	7.33262E-12
723.2922	0.008371438	5.07072E-26	1.01347E-10	5.4487E-12	5.75828E-12
739.83375	0.008562891	4.39135E-26	8.77684E-11	1.47658E-11	1.77524E-11
750.38265	0.008684984	5.21231E-26	1.04177E-10	9.16642E-12	1.00508E-11
777.3813	0.008997469	4.29606E-26	8.58639E-11	5.36117E-12	5.7182E-12
831.62295	0.009625266	4.33581E-26	8.66583E-11	6.89371E-12	7.4895E-12
912.12075	0.010556953	4.06509E-26	8.12476E-11	4.3681E-12	4.61628E-12
1046.196	0.01210875	3.67342E-26	7.34193E-11	3.30441E-12	3.46015E-12
1209.107925	0.013994305	2.81235E-26	5.62096E-11	3.50961E-12	3.74334E-12
1372.137975	0.015881227	2.58863E-26	5.17381E-11	3.23042E-12	3.44556E-12
1560.8052	0.018064875	2.31777E-26	4.63245E-11	2.49053E-12	2.63204E-12
1756.215	0.020326563	2.11383E-26	4.22484E-11	1.07847E-11	1.44813E-11
1804.449825	0.020884836	1.96368E-26	3.92474E-11	2.45053E-12	2.61372E-12
1873.395	0.021682813	1.75821E-26	3.51407E-11	8.9703E-12	1.2045E-11
1990.575	0.023039063	1.46241E-26	2.92288E-11	7.46117E-12	1.00186E-11
2076.994575	0.024039289	1.79089E-26	3.5794E-11	2.23491E-12	2.38374E-12
2374.193025	0.027479086	1.26203E-26	2.52238E-11	2.43033E-12	2.68946E-12
2726.6463	0.031558406	1.28549E-26	2.56927E-11	2.04387E-12	2.22051E-12
3147.1497	0.036425344	8.33816E-27	1.66652E-11	2.80369E-12	3.37078E-12
3524.2506	0.040789938	7.93652E-27	1.58625E-11	7.13928E-13	7.47574E-13
3624.0723	0.041945281	1.0211E-26	2.04085E-11	1.6235E-12	1.76381E-12
4164.64335	0.048201891	7.12968E-27	1.42499E-11	1.49104E-12	1.66528E-12
4788.303525	0.05542018	6.44273E-27	1.28769E-11	1.66159E-12	1.90776E-12
5491.741275	0.06356182	7.46569E-27	1.49214E-11	1.68379E-12	1.89797E-12
6296.935275	0.072881195	3.5733E-27	7.14184E-12	1.30994E-12	1.60417E-12
7385.881725	0.085484742	4.06509E-27	8.12476E-12	1.11327E-12	1.29003E-12
8129.153925	0.09408743	2.84733E-27	5.69087E-12	3.55326E-13	3.7899E-13
8833.63185	0.102241109	2.67053E-27	5.33751E-12	1.93063E-13	2.00308E-13
14834.03139	0.171690178	1.25046E-27	2.49925E-12	1.12485E-13	1.17786E-13
15351.28126	0.177676866	1.39487E-27	2.78788E-12	1.25475E-13	1.31389E-13
15593.715	0.180482813	1.36527E-27	2.72872E-12	1.22812E-13	1.286E-13
15593.715	0.180482813	1.3651E-27	2.72839E-12	6.00709E-13	7.70308E-13
15593.715	0.180482813	1.36178E-27	2.72174E-12	3.07132E-13	3.46198E-13
15593.715	0.180482813	1.34841E-27	2.69502E-12	1.21296E-13	1.27012E-13
15856.02571	0.183518816	1.16164E-27	2.32172E-12	8.3979E-14	8.71306E-14
16031.25	0.185546875	1.33374E-27	2.66569E-12	2.34552E-13	2.57181E-13
16378.73723	0.189568718	1.3238E-27	2.64583E-12	1.652E-13	1.76202E-13
16884.25618	0.195419632	1.24114E-27	2.48063E-12	1.11647E-13	1.16909E-13
25947.84713	0.300322305	6.93474E-28	1.38602E-12	1.27071E-14	1.28247E-14
83837.025	0.970335938	1.51729E-28	3.03257E-13	3.17313E-14	3.54396E-14