Time (s)     Err_Time (s)     Flux (erg/cm^2/s/A)    Err_Flux (Jy)
            344.0000               3.9000    9.7886143083234198e+47    5.2290753844141715e+46
            352.3000               3.9000    7.8400930170552587e+47    4.1881757842007441e+46
            360.2000               3.9000    8.6044123690565123e+47    4.5964749962743781e+46
            380.1000               3.9000    7.8112621874920512e+47    4.1727743620553228e+46
            388.4000               3.9000    7.8256643251895283e+47    4.1804679805129215e+46
            396.3000               3.9000    7.0781736759837650e+47    3.7811586573824739e+46
            416.3000               3.9000    6.5211053157618501e+47    3.4835728747456563e+46
            424.5000               3.9000    6.2968190588473770e+47    3.3637592108140209e+46
            432.4000               3.9000    5.7852377756889106e+47    3.0904726136890050e+46
            452.4000               3.9000    4.9833479568965788e+47    2.6621032673869614e+46
            460.7000               3.9000    4.6208429884572541e+47    2.4684532013523777e+46
            468.6000               3.9000    4.5198207512777668e+47    2.4144871468042355e+46
            488.6000               3.9000    4.0357217092572471e+47    2.1558815562156377e+46
            496.9000               3.9000    3.7283889356659837e+47    1.9917044632594574e+46
            504.8000               3.9000    3.6806219384151044e+47    1.9661873449376577e+46
            525.8000               3.9000    3.8790127826834712e+47    2.0721676857275424e+46
            534.1000               3.9000    3.3382680797623574e+47    1.7833019968533984e+46
            542.0000               3.9000    3.3229301309391003e+47    1.7751084683198553e+46
            561.9000               3.9000    3.1097194452347094e+47    1.6612113718367624e+46
            570.2000               3.9000    2.9290123909584085e+47    1.5646777073626484e+46
            578.2000               3.9000    2.6104850367686040e+47    1.3945204721715354e+46
            598.2000               3.9000    2.8729046272054107e+47    1.5347049536026142e+46
            606.4000               3.9000    2.6346395577803021e+47    1.4074238114253036e+46
            614.4000               3.9000    2.6443638305325946e+47    1.4126185155661246e+46
            634.4000               3.9000    2.3785988664953940e+47    1.2706469363707981e+46
            642.7000               3.9000    2.4701379489457208e+47    1.3195470919674742e+46
            650.6000               3.9000    2.4724140781425186e+47    1.3207629996311968e+46
            670.6000               3.9000    2.1199284675710204e+47    1.1324652721344317e+46
            678.9000               3.9000    2.0716730035633964e+47    1.1257680290414489e+46
            686.8000               3.9000    2.2015127605408137e+47    1.1760475816100875e+46
            706.8000               3.9000    1.9893958444522615e+47    1.0627347765899381e+46
            715.0000               3.9000    2.0793194056227298e+47    1.1299231611307255e+46
            723.0000               3.9000    1.9369624709646401e+47    1.0525649653755260e+46
            743.0000               3.9000    1.9298395663321025e+47    1.0486943070740329e+46
            751.3000               3.9000    1.7828762746991510e+47    9.6883297042558774e+45
            759.2000               3.9000    1.9051150424559054e+47    1.0352587511415962e+46
            779.3000               3.9000    2.0754926832957263e+47    1.1278436815775581e+46
            787.5000               3.9000    1.6948107319457463e+47    9.2097726524362258e+45
            795.5000               3.9000    1.6455883542002526e+47    8.9422932814932052e+45
            804.0000              15.0000    1.8260859116337580e+47    6.7275493115190595e+45
            815.5000               3.9000    1.7295025454004236e+47    9.3982914697861122e+45
            823.8000               3.9000    1.4240367730173954e+47    7.7383596179747204e+45
            831.7000               3.9000    1.4122812855295782e+47    7.6744791119449664e+45
            851.7000               3.9000    1.5160768095506770e+47    8.2385144703223175e+45
            860.0000               3.9000    1.4966532896219565e+47    8.1329651017221999e+45
            867.9000               3.9000    1.4639330123960628e+47    7.9551598113171735e+45
            874.0000              30.0000    1.6200230921132915e+47    1.1936771614694574e+46
            888.0000               3.9000    1.5202716774022106e+47    8.2613098058081165e+45
            896.2000               3.9000    1.4279769731714377e+47    7.7597710634770511e+45
            904.1000               3.9000    1.3412854203744974e+47    7.2886804118207044e+45
            924.1000               3.9000    1.2903906383458416e+47    7.0121130271304473e+45
            932.4000               3.9000    1.2300455759403688e+47    6.6841918646219775e+45
            940.3000               3.9000    1.2656720904459112e+47    6.8777899418645474e+45
            960.3000               3.9000    1.2098212354436050e+47    6.5742907561915305e+45
            964.0000              30.0000    1.6654101427194156e+47    1.0737296300475464e+46
            968.5000               3.9000    1.1768502475596329e+47    6.3951230787547740e+45
            976.5000               3.9000    1.1660608194770112e+47    6.3364922370815707e+45
            996.5000               3.9000    1.0615029424812361e+47    5.7683141756605462e+45
           1004.8000               3.9000    1.1353276184263408e+47    6.1694849192595151e+45
           1012.7000               3.9000    1.1342824244343328e+47    6.2682765046449537e+45
           1032.7000               3.9000    9.6543091518171687e+46    5.3351685542596344e+45
           1041.0000               3.9000    9.5481932804188142e+46    5.2765267549045992e+45
           1049.0000               3.9000    9.1774325522295689e+46    5.0716367988151604e+45
           1069.0000               3.9000    9.4258647009582221e+46    5.2089254817153532e+45
           1077.2000               3.9000    9.2879785017890999e+46    5.2182721957367589e+45
           1085.2000               3.9000    9.0016309000791217e+46    4.9744852127626860e+45
           1105.2000               3.9000    8.0894910826995344e+46    4.5449250756103833e+45
           1113.5000               3.9000    8.3776304842490081e+46    4.7068106600044691e+45
           1121.4000               3.9000    8.7321502761423956e+46    4.9059907908068053e+45
           1141.4000               3.9000    8.6441282360237477e+46    4.8565372994497052e+45
           1149.7000               3.9000    7.7968862875727732e+46    4.4523426742822864e+45
           1157.6000               3.9000    8.0449101972436602e+46    4.5198781620122397e+45
           1177.6000               3.9000    7.4322652374734986e+46    4.1756753670971690e+45
           1185.8000               3.9000    7.5774172129845747e+46    4.2572262145522749e+45
           1193.8000               3.9000    8.2626850831124459e+46    4.6422307957570241e+45
           1221.5000              11.7500    8.0969452116676872e+46    3.0576005643027375e+45
           1257.5000              11.7500    7.6334558877298422e+46    2.8825758875421095e+45
           1293.5000              11.7500    6.2047058701791484e+46    2.3430456393176951e+45
           1330.0000              11.7500    6.2968188427960134e+46    2.3778297053685660e+45
           1366.0000              11.7500    5.8657182499126999e+46    2.2150357896864102e+45
           1402.0000              11.7500    5.5503605815983754e+46    2.0959491762305590e+45
           1438.5000              11.7500    5.3299262273779606e+46    2.0127078811202972e+45
           1474.5000              11.7500    4.9014118606036552e+46    1.8508905863987135e+45
           1510.5000              11.7500    4.6208428299106322e+46    1.7875005327514833e+45
           1583.0000              11.7500    4.2650212218308803e+46    1.6498565276600255e+45
           1619.5000              11.7500    3.8152341407679269e+46    1.4758634539678145e+45
           1656.5000              11.7500    3.5344447340165790e+46    1.3672444784618436e+45
           1692.5000              11.7500    3.8012041585959124e+46    1.5054465606723761e+45
           1729.0000              11.7500    3.6001549686107181e+46    1.3926634515080484e+45
           1730.0000              60.0000    3.5117306266702180e+46    2.9109811767704159e+45
           1765.0000              11.7500    3.3598601045331864e+46    1.3306546104006607e+45
           1801.5000              11.7500    3.0755386869514311e+46    1.2180506348272851e+45
           1837.5000              11.7500    3.5968406298397604e+46    1.4576376064037543e+45
           1891.5000              23.5500    3.0305481896978255e+46    1.1723200080619655e+45
           1964.0000              23.5500    2.8282721288967911e+46    1.0940726883080248e+45
           2036.5000              23.5500    2.5581216494091045e+46    1.0131303866370087e+45
           2109.0000              23.5500    2.2841319697296976e+46    8.8358060705680681e+44
           2181.5000              23.5500    2.1693078713146771e+46    8.5914277098878754e+44
           2254.0000              23.5500    2.0451312821931613e+46    8.2879965329191905e+44
           2326.0000              23.5500    2.1004927741982428e+46    8.5123517407194932e+44
           2399.5000              23.5500    1.9227427891990190e+46    7.7920110602815221e+44
           2472.0000              23.5500    1.8294527235262680e+46    7.5824472434349512e+44
           2544.5000              23.5500    1.6654100855772095e+46    6.9025473848995929e+44
           2616.5000              23.5500    1.7600345399083492e+46    7.2947329405458373e+44
           2689.0000              23.5500    1.7199712619761290e+46    7.1286845439878779e+44
           2761.5000              23.5500    1.6200230365283700e+46    6.7144338028854699e+44
           2834.0000              23.5500    1.4372131739318859e+46    6.0891225340335531e+44
           2906.5000              23.5500    1.3637073746618192e+46    5.9032984414960805e+44
           2978.5000              23.5500    1.1833717248853227e+46    5.2316432095359702e+44
           3051.0000              23.5500    1.2785602218192300e+46    5.8879875840151324e+44
           3123.5000              23.5500    1.2368618334461086e+46    5.5820402154764424e+44
           3195.5000              23.5500    1.2621796929488364e+46    5.5800503603125032e+44
           3268.5000              23.5500    1.1363737365307246e+46    5.4425223863545059e+44
           3340.5000              23.5500    1.3083417156454514e+46    5.6636282493005009e+44
           3414.0000              23.5500    1.2334489750609692e+46    5.4530329050342655e+44
           3486.5000              23.5500    1.1105067118734287e+46    4.9095096461593669e+44
           3632.0000              23.5500    9.6454209670406320e+45    4.9749063109138202e+44
           3892.5000             113.8000    8.5333819731075022e+45    3.6153863189141057e+44
           4251.0000             117.7000    7.3641255665221492e+45    3.1878269332240178e+44
           4613.0000             117.7000    6.5151014737245442e+45    2.9403088890627344e+44
           4975.5000             117.7000    6.2047056572883008e+45    2.8002251801786689e+44
           5338.5000             117.7000    4.7766253846075518e+45    2.3317003850726270e+44
           5703.0000             117.7000    5.7058609449362665e+45    2.6276461465458914e+44
           6068.5000             117.7000    4.8252651432686374e+45    2.4443284598666350e+44
           6431.5000             117.7000    4.7415592546338121e+45    2.2709115460865090e+44
           6860.0000             156.9500    4.1871756666527184e+45    2.0439616524591719e+44
           7559.0000             211.9000    3.5344446127455702e+45    1.7253322588607865e+44
           8284.5000             188.3500    2.8835081220095413e+45    1.6997178901515410e+44
           8973.0000             235.4500    2.9834665930203699e+45    1.5113308980656435e+44
           9771.0000             141.2500    3.0445364603172850e+45    1.9909264695980001e+44
          10424.0000             235.4500    2.6056805929941272e+45    1.4879507628869782e+44
          11738.5000             584.6500    2.1593407327722033e+45    1.1336310309254297e+44
          13521.5000             569.0000    1.8531952405910142e+45    1.1606620414397701e+44
          15328.5000             584.6500    1.4465091147344314e+45    8.7930755097285625e+43
          17104.0000             376.7000    1.4425177790590086e+45    1.0496003294988951e+44
          19096.0000             482.6500    1.1426709145885609e+45    1.0313900592303318e+44
          21321.0000             702.4000    1.0498353023135492e+45    9.0891803023534070e+43
