Skip Single 
log on
read serr 1,2
skip on
! this is NONE
  135.5015    10.0018  1.48411e+00   1.28817e-01 
  160.5186    15.0043  1.32434e+00   1.00689e-01 
  190.5389    15.0048  1.09902e+00   9.44139e-02 
  225.5632    20.0085  8.12858e-01   7.44372e-02 
  260.4165    14.8337  1.02676e+00   9.31354e-02 
  374.0609    35.0190  9.41926e-01   1.45788e-01 
  454.1158    45.0248  7.23105e-01   1.21043e-01 
  543.9791    44.8274  8.30262e-01   1.26713e-01 
  602.5658     8.2332  1.27715e+00   3.96808e-01 
 5855.9105   538.8920  1.56162e-01   2.09023e-02 
11147.9672  1030.3921  8.92988e-02   1.37843e-02 
16919.3051  1042.3463  2.80214e-02   2.54250e-02 
28457.2083   466.4112  3.49975e-02   1.50252e-02 
37514.0485  3581.3618  2.20841e-02   8.66559e-03 
49331.7674  3291.8730  1.27998e-02   1.58373e-02 
64018.6776  5944.9069  3.32554e-02   1.01038e-02 
80088.7096  6074.8191  8.48960e-03   7.61844e-03 
124430.4731  9133.1544  1.78114e-02   7.76470e-03 
167089.0599 12134.6112  6.78280e-03   4.45134e-03 
195406.2380   137.3929  9.43315e-03   2.40121e-02 
280189.4926 26534.1307  1.34887e-02   4.11191e-03 
346663.5099 34520.1198  1.04229e-03   4.82243e-03 
422169.9924 40553.6847  1.39177e-02   7.82187e-03 
508333.9920 40789.5910  4.82011e-03   5.14518e-03 
632348.2059 60475.4362  1.83930e-02   6.92917e-03 
763307.5167 64156.1415  1.01005e-02   1.41659e-02 
927538.0873 73325.4538  1.10094e-02   4.44704e-03 
no no no no ! that was NONE
