16.92565728	2.4940972868856967e-10	2.531188382421502e-11	R
17.91062682	2.381844417430937e-10	2.4172661390090987e-11	R
22.4563753	2.2537897007838905e-10	2.4960549898644575e-11	R
21.16844856	2.1722679266813182e-10	2.4057702436297122e-11	R
20.18354668	2.1523524545933803e-10	2.5832689572749593e-11	R
23.44124604	1.8235320044226828e-10	2.1886162786875206e-11	R
24.42610597	1.8235320044226828e-10	2.3578703636989513e-11	R
26.40313376	1.448482958111164e-10	1.0682476849111205e-11	R
25.66205218	1.4352031862952816e-10	3.966117582262613e-12	R
29.86135861	1.3580425889566982e-10	1.1270127359421635e-11	R
36.25211388	1.204795647469399e-10	1.1112273427256417e-11	R
34.63650031	1.0987866897658533e-10	8.103487382872398e-12	R
33.06761309	1.0590425025340749e-10	1.1728815343638906e-11	R
40.51479418	8.033658933150585e-11	8.15313190314171e-12	R
45.79988318	6.86931433535635e-11	7.607713497807047e-12	R
50.57830683	6.207452283310514e-11	7.450229054000126e-12	R
55.33329894	5.713646797641103e-11	7.918829680518116e-12	R
50.04629749	5.3568981595996616e-11	3.95068096927543e-12	R
50.16199558	5.119238810988023e-11	4.678556499768242e-12	R
62.16937047	4.5385109743569763e-11	5.447153641928021e-12	R
59.96381311	4.4556738133738926e-11	7.420773722412941e-12	R
59.50903319	4.222847421316146e-11	3.608236180055551e-12	R
70.87231814	4.036504025256904e-11	3.5233735454596385e-12	R
72.08350155	3.57201595354854e-11	4.950636075134956e-12	R
73.62753897	3.198257227071712e-11	4.1354228567193244e-12	R
81.55796786	2.8113401171304894e-11	4.682191679753368e-12	R
91.48597868	2.7347232942027493e-11	5.066083975929274e-12	R
103.281363	2.6432935117209458e-11	4.601422874864675e-12	R
86.32726929	2.550030588155901e-11	5.051167072577374e-12	R
97.05331896	2.295690779698023e-11	4.0379137158071014e-12	R
113.369257	2.2746437599190094e-11	3.788342090492086e-12	R
129.7678649	2.1326195687401274e-11	3.751086114716721e-12	R
146.0467603	1.663080953824485e-11	4.0207336600142666e-12	R
148.6042046	1.5883470104017074e-11	3.2515127367406503e-12	R
138.7869678	1.544946304603062e-11	3.2973135037883788e-12	R
162.2488299	1.4090077759147255e-11	3.674095258371233e-12	R
156.6774321	1.33224895986712e-11	1.547543307047693e-13	R
178.7033236	1.3042035858839438e-11	2.7106396551026866e-12	R
199.4419114	1.1295706252926197e-11	8.330517091790533e-13	R
236.9188355	9.929180138863793e-12	2.4947088546138132e-12	R
220.7796023	8.777184282385443e-12	3.3057924225665956e-13	R
268.9152947	8.677715146555394e-12	4.457646773263212e-12	R
276.5529982	8.23837183893993e-12	3.0358149792876157e-13	R
257.4637776	8.013853333829268e-12	2.953080585849588e-13	R
266.5538912	7.940381886601368e-12	2.926006590876776e-13	R
212.8568857	7.909433698481653e-12	2.4880352102510906e-12	R
247.7719641	7.887028131529771e-12	4.360751559132394e-13	R
284.6697239	7.420762801736038e-12	2.062816528416834e-13	R
319.2762837	7.376347870925672e-12	2.7181617659064667e-13	R
309.7317407	7.308721104498532e-12	2.6932415295275906e-13	R
306.1110292	6.620844531509573e-12	3.660676445058266e-13	R
327.6845633	6.604521982701032e-12	2.433746275757661e-13	R
356.5834699	6.560144261700274e-12	1.4001038211176103e-12	R
367.6415973	6.507128603302447e-12	4.798969185822138e-13	R
509.0013605	5.8801633381115944e-12	4.3365859719276306e-13	R
461.730759	5.5955320815781196e-12	1.5462994021944647e-13	R
636.6199075	5.307785822389743e-12	9.832690855881176e-13	R
406.0504755	5.29791992386003e-12	1.4640556441356332e-13	R
541.8879855	5.229918781662443e-12	1.6956476330305975e-13	R
656.1906924	5.216622256546033e-12	3.365611166917843e-13	R
549.2263843	5.088448577481164e-12	1.4061692282079005e-13	R
494.1013482	4.97637832746743e-12	1.0620873617046174e-12	R
605.1881014	4.692471151566639e-12	1.9091172146089558e-13	R
604.90458	4.611491259581173e-12	1.2743642814260977e-13	R
708.2374611	4.472860875704657e-12	1.236054406544753e-13	R
878.2357848	4.419665383924576e-12	3.6677930549931934e-13	R
668.8576662	4.407188349209075e-12	1.9113296923028953e-13	R
928.026906	4.255022719363713e-12	1.6796645559189582e-13	R
850.6134936	4.220708802007492e-12	1.1005820181807064e-12	R
793.7627765	4.138879674222788e-12	1.3293950689600186e-13	R
797.5556997	4.053604654288472e-12	1.1201948874317359e-13	R
1078.681211	4.030782735945073e-12	3.717739180038407e-13	R
933.9156579	3.824594444367767e-12	1.0569089801649014e-13	R
1010.04858	3.7656624683348764e-12	1.0406233979645973e-13	R
991.6738916	3.699035933019087e-12	1.527551382738321e-13	R
1188.446992	3.5632097638313787e-12	1.3130319663230315e-13	R
1118.961973	3.520966420146148e-12	2.0175246929744444e-13	R
1299.802628	3.4880715921376852e-12	9.63912424303417e-14	R
1055.318914	3.3514690774074925e-12	1.2178878254408492e-13	R
1251.624373	3.2612897849237044e-12	3.0080075217215763e-13	R
1366.388391	3.2496859273115378e-12	8.980356507495936e-14	R
1701.890531	2.8703505840670685e-12	1.6096861444908542e-13	R
1839.066688	2.702849620574272e-12	1.5972454590262677e-13	R
1887.731481	2.6781900352636764e-12	1.233788097162958e-13	R
1982.721096	2.6386961906359563e-12	3.166982224015623e-13	R
2016.126526	2.6217144632218693e-12	1.2077709290664636e-13	R
1930.908584	2.6052019226969258e-12	1.4404206802276303e-13	R
2119.726424	2.600790619324413e-12	2.880355869720429e-13	R
2203.151407	2.4879485183165903e-12	1.3755910522648197e-13	R
2152.475175	2.4807636529817867e-12	1.1428377300586856e-13	R
2120.047846	2.470685065500123e-12	1.1381947119039708e-13	R
2119.726424	2.4575218615039595e-12	3.406002822141508e-13	R
2120.047846	2.455236830293625e-12	1.5840465465212604e-13	R
2120.047846	2.417204476237129e-12	1.3364765550047806e-13	R
2120.047846	2.393301373464819e-12	1.5440876260429389e-13	R
1971.307479	2.347443870343643e-12	1.4806453917416479e-13	R
2340.322321	2.336047187560057e-12	6.317882383285072e-14	R
2299.256097	2.304546043710088e-12	8.492182139085791e-14	R
2119.726424	2.299881128078176e-12	4.908538932888681e-13	R
2410.38783	2.2261184939792154e-12	7.313241282576655e-14	R
2070.211498	2.166912574987784e-12	1.198089737300304e-13	R
2382.202195	2.1470462033856656e-12	9.891008369621956e-14	R
2592.862276	2.0504132024242367e-12	5.6662219739371634e-14	R
2505.148399	2.043659556503163e-12	1.17573408275266e-13	R
2512.643324	2.025747864465851e-12	7.464819342589088e-14	R
2744.437336	2.025747864465851e-12	7.464819342589088e-14	R
2245.170658	2.0201768506836185e-12	1.8632834142674547e-13	R
2839.881826	1.976247756702341e-12	9.104174534209475e-14	R
2116.115542	1.965121420303189e-12	2.358552902029931e-13	R
3037.588112	1.958129408977834e-12	9.020706888640945e-14	R
2458.103497	1.8766763874348615e-12	1.730927686536879e-13	R
2965.550327	1.8645987548461673e-12	8.589830061456707e-14	R
3201.888714	1.7971543988004132e-12	4.9663529730240975e-14	R
2685.352624	1.759500480106461e-12	1.460174711504613e-13	R
2912.601403	1.759500480106461e-12	1.785666983198025e-13	R
3112.745138	1.6958576327366298e-12	1.4073587635240893e-13	R
3790.489935	1.6357065396824503e-12	1.6600320317879792e-13	R
3786.656282	1.6255389872688664e-12	7.488529839230268e-14	R
3786.656282	1.5823894893099223e-12	7.289748731778576e-14	R
3786.656282	1.5805833028892894e-12	7.281428204907985e-14	R
3786.656282	1.5779505545202198e-12	7.269299471969898e-14	R
3885.961284	1.5553974765835417e-12	4.298268988083164e-14	R
4003.68739	1.4991372312931588e-12	5.524275155871057e-14	R
3790.489935	1.4828778914560656e-12	1.23061109218956e-13	R
3790.489935	1.4537756485040273e-12	1.206459722911041e-13	R
6009.730341	1.2664422493541247e-12	4.6668011440718983e-14	R
6294.482858	1.2354961331230046e-12	4.5527656586185116e-14	R
5891.556565	1.1983547192237503e-12	4.415900579947724e-14	R
6176.764076	1.1908070301835763e-12	3.290739964851101e-14	R
8103.948472	1.009562916289242e-12	1.681392829039157e-13	R
7490.576801	9.71210546645442e-13	4.4741709266535724e-14	R
8103.948472	9.565449661861993e-13	1.9515135038942108e-13	R
8103.948472	8.910157694826284e-13	1.650609662402876e-13	R
8846.963061	8.537159379525257e-13	4.7202102695477126e-14	R
12873.38489	7.41114634362684e-13	1.5817295857772167e-13	R
32740.35113	3.422537989747758e-13	1.1528062735973808e-13	R
47997.88063	3.132141616677106e-13	7.275920863115196e-14	R
36984.15704	3.1104082068654157e-13	2.8688440497959534e-14	R
46018.31863	3.0749735801807114e-13	5.984678500151168e-14	R
36984.15704	3.0627630006277255e-13	2.824898965324599e-14	R
36984.15704	2.9689124338016416e-13	2.7383372838654308e-14	R
46779.37365	2.8746527274400537e-13	3.984125544626844e-14	R
46383.05239	2.8044092499034136e-13	6.51460306066856e-14	R
47144.10733	2.745272077391547e-13	3.8048103683676925e-14	R
