499.8857143	0.113499716	0.028324311	0.037743304		6		0.35
1308.342857	0.345163521	0.040757908	0.046215124		6		0.35
1333.028571	0.286858872	0.048050134	0.057718186		6		0.35
1345.371429	0.370040171	0.045086157	0.051341693		6		0.35
1370.057143	0.279862314	0.045020974	0.053651857		6		0.35
1382.4		0.312512918	0.047105201	0.055465546		6		0.35
1419.428571	0.243324734	0.050614923	0.063908852		6		0.35
1444.114286	0.309403336	0.047210849	0.05571172		6		0.35
1468.8		0.196681015	0.051666386	0.07007429		6		0.35
1481.142857	0.317177289	0.046060853	0.053886281		6		0.35
1505.828571	0.240992548	0.05109485	0.064842692		6		0.35
1530.514286	0.23399599	0.046031763	0.057304776		6		0.35
1555.2		0.233218595	0.048043209	0.060507879		6		0.35
3480.685714	0.413007483	0.042137254	0.046924772		6		0.35
3925.028571	0.395951443	0.036505983	0.040213602		6		0.35
3962.057143	0.393051072	0.019184928	0.020169402		6		0.35
3999.085714	0.412952392	0.020156317	0.021190638		6		0.35
4023.771429	0.409842811	0.019974885	0.020998298		6		0.35
4060.8		0.373771668	0.018273547	0.019212855		6		0.35
4097.828571	0.42663455	0.020824147	0.021892737		6		0.35
4122.514286	0.389941491	0.019003496	0.019977062		6		0.35
4147.2		0.387453826	0.018882072	0.019849408		6		0.35
4184.228571	0.343919688	0.016816463	0.017681002		6		0.35
4208.914286	0.402379816	0.019610614	0.020615335		6		0.35
4245.942857	0.375637417	0.018334963	0.019275821		6		0.35
4282.971429	0.368796338	0.017971395	0.018892		6		0.35
4307.657143	0.369418255	0.018031404	0.018956685		6		0.35
4344.685714	0.384966161	0.018819953	0.0197873		6		0.35
4369.371429	0.353870348	0.017242853	0.018126073		6		0.35
4394.057143	0.373909459	0.038128852	0.042458493		6		0.35
7232.914286	0.269289738	0.022336748	0.024357093		6		0.35
12960		0.148482506	0.008171383	0.008647265		6		0.35
