read serr 1
read terr 2
log x
ma 17 on 2
ma 31 on 3
    161.7851    15.0052  1.73325e+01   8.38703e-02 -7.78536e-02 no
    191.8064    15.0051  1.76855e+01   1.00565e-01 -9.20348e-02 no
    226.8307    20.0082  1.75318e+01   7.97325e-02 -7.42756e-02 no
    271.6845    24.8345  1.79190e+01   8.85261e-02 -8.18491e-02 no
    607.7251    46.8356  1.84767e+01   1.71092e-01 -1.47765e-01 no
    769.5228    60.6267  1.74582e+01   8.17010e-02 -7.59810e-02 no
    956.7294    95.0604  1.73627e+01   5.97247e-02 -5.66100e-02 no
   1167.7182   115.9174  1.76362e+01   8.28323e-02 -7.69584e-02 no
   1428.7292   140.4945  1.77803e+01   6.66483e-02 -6.27926e-02 no
   1574.1103     4.8755  1.78194e+01   5.98263e-01 -3.83500e-01 no
   6721.7105   661.0098  1.83445e+01   4.45654e-02 -4.28080e-02 no
  10645.6953    83.1993  1.85423e+01   2.06597e-01 -1.73499e-01 no
  12622.7284   539.4215  1.89074e+01   9.31533e-02 -8.57887e-02 no
  17642.3485  1300.1690  1.90948e+01   6.70629e-02 -6.31605e-02 no
  43719.0319  4124.3653  2.03218e+01   9.26679e-02 -8.53769e-02 no
  55284.5782  4119.3119  2.05255e+01   1.04912e-01 -9.56621e-02 no
  69443.3734  6831.1760  2.08468e+01   1.12524e-01 -1.01950e-01 no
  79083.0291  2804.7946  2.09026e+01   2.69412e-01 -2.15675e-01 no
 126958.7205 12112.6186  2.23525e+01   3.88263e-01 -2.85401e-01 no
 150328.6305  6622.7254  2.25566e+01   6.70912e-01 -4.11583e-01 no
 219459.5230 12131.8875  2.34587e+01   2.96979e+00 -7.16772e-01 no
 301270.2054 29141.0779  2.36419e+01   1.02396e+00 -5.17457e-01 no
 361390.1951 26501.1021 no         no         no          2.31388e+01
 517398.4848 49772.7817 no         no         no          2.52447e+01
 618599.6670 46851.5924 no         no         no          2.44846e+01
 948756.0088 81915.2908 no         no         no          2.54474e+01
