Time (s)     Err_Time (s)     Flux (erg/cm^2/s/A)    Err_Flux (Jy)
             69.1000               0.0010    2.8398949394876274e-03    6.7878112075265456e-04
             70.2000               0.0010    2.8836269380690936e-03    9.7923985738051730e-04
             73.0000               0.0010    1.4801300286592556e-03    2.7265003502371856e-04
             96.1000               0.0010    3.4659753933733162e-03    9.0836814192971050e-04
             97.0000               0.0010    4.6805822040717230e-03    4.3109756479555117e-04
             97.9000               0.0010    4.2370410968150538e-03    9.1887967258931578e-04
            111.0000               0.0010    7.0193981951571557e-03    4.5255733911501176e-04
            125.9000               0.0010    5.1592750049389751e-03    1.4342924397626076e-03
            127.0000               0.0010    9.6006332946515609e-03    5.3055061785505463e-04
            129.2000               0.0010    6.4783719521974105e-03    9.2219007594460947e-04
            132.0000               0.0010    7.8406682822835042e-03    2.5610589625508612e-03
            143.0000               0.0010    1.1975671737486636e-02    5.5150008030307486e-04
            156.9000               0.0010    9.0006169913130207e-03    2.3484156814410437e-03
            158.0000               0.0010    9.6518081710122629e-03    1.8405563630817603e-03
            159.0000               0.0010    1.6080512465808990e-02    7.4053498714799339e-04
            160.1000               0.0010    1.0704418561277381e-02    2.2438719838232491e-03
            174.0000               0.0010    1.3749910903559714e-02    6.3320681575936260e-04
            187.8000               0.0010    1.0596593691249637e-02    2.7128404140642952e-03
            190.0000               0.0010    1.4801300794442815e-02    6.8162511094666564e-04
            191.1000               0.0010    1.1433791880161201e-02    1.5316753117018934e-03
            205.0000               0.0010    1.5215978456424440e-02    7.0072172355394762e-04
            219.2000               0.0010    9.4103782792420831e-03    2.4463128744137345e-03
            220.0000               0.0010    1.3375187653111284e-02    6.1595017185296316e-04
            222.0000               0.0010    1.0877018883906325e-02    2.2769143816120862e-03
            224.9000               0.0010    9.2875482181869265e-03    1.7768954811468855e-03
            236.0000               0.0010    1.3375187653111284e-02    6.1595017185296316e-04
            251.0000               0.0010    1.2198316101315287e-02    5.6175323246206155e-04
            267.0000               0.0010    1.1227934817696674e-02    5.1706552161198259e-04
            272.0000               0.0010    9.6938675553113786e-03    2.4796260257660308e-03
            274.2000               0.0010    1.0123266780733870e-02    1.3697490034917303e-03
            282.0000               0.0010    1.1227934817696674e-02    5.1706552161198259e-04
            298.0000               0.0010    9.7791223964819752e-03    5.4041429042228780e-04
            313.8000               0.0010    7.4875111152103149e-03    1.4530099813172617e-03
            314.0000               0.0010    8.3618020229474007e-03    4.6209026982916337e-04
            322.0000               0.0010    8.0525880189125029e-03    2.1000512157790825e-03
            326.0000               0.0010    8.1558697354119636e-03    1.7435630401550857e-03
            328.0000               0.0010    9.4254019861261858e-03    5.2086697760420997e-04
            344.0000               0.0010    7.6260540710098371e-03    4.9166988997781825e-04
            359.0000               0.0010    7.4868628955180308e-03    4.8269590299809085e-04
            373.2000               0.0010    6.9937335065100633e-03    1.8533566038488084e-03
            377.1000               0.0010    6.4260112142566304e-03    9.1530635601545372e-04
            385.0000               0.0010    6.7654997051520708e-03    3.1156278432401875e-04
            385.0000               0.0010    6.0380051445117601e-03    1.1214068881334192e-03
            421.0000               0.0010    6.7034732301072463e-03    3.0870635950560466e-04
            422.8000               0.0010    6.1193469727540114e-03    1.6474943698874401e-03
            427.9000               0.0010    5.7825297849655889e-03    1.2722001816140045e-03
            430.0000               0.0010    5.2962426934320501e-03    1.0576817933164936e-03
            455.0000               0.0010    5.8925038989153270e-03    2.7135984057291888e-04
            492.0000               0.0010    5.2275702505529178e-03    2.4073851356040611e-04
            514.1000               0.0010    4.8981431948272166e-03    1.3578728114412826e-03
            519.9000               0.0010    5.2459660758424542e-03    7.4803428067031778e-04
            527.0000               0.0010    5.1321563390640656e-03    2.3634454042874308e-04
            612.0000               0.0010    4.7549009790178514e-03    1.2945219525431161e-03
            613.8000               0.0010    4.3358902076652090e-03    9.7653741520761729e-04
            620.0000               0.0010    4.4699213000849898e-03    1.6467799117965244e-04
            622.1000               0.0010    4.2697679844364020e-03    8.6582574917512479e-04
            675.0000               0.0010    3.0879956108521263e-03    7.8024519070554125e-04
            686.0000               0.0010    4.3046780571514712e-03    1.6600854329257694e-03
            710.0000               0.0010    3.7778566586820148e-03    1.0515503815343213e-03
            712.1000               0.0010    3.2236469673302759e-03    4.8351938499438757e-04
            728.0000               0.0010    2.7758747961779949e-03    6.4718171241866956e-04
            798.0000               0.0010    2.6687007238925873e-03    1.4747785635351994e-04
            807.9000               0.0010    3.0239309792606931e-03    8.8092797429293766e-04
            810.0000               0.0010    2.7485210891894066e-03    6.4360214734970954e-04
            812.9000               0.0010    2.7538220538321201e-03    5.8126141030950796e-04
            817.0000               0.0010    2.0162940643004921e-03    5.2040472474522285e-04
            833.0000               0.0010    3.2017150290470152e-03    1.1971043366812127e-03
            902.9000               0.0010    2.8285891672518008e-03    8.3410014983830263e-04
            905.1000               0.0010    2.3681623522536143e-03    3.7523018439782697e-04
            976.0000               0.0010    1.9155781352573390e-03    1.2350188999921073e-04
            994.0000               0.0010    1.9490378422354774e-03    3.1880556331917150e-04
           1065.0000               0.0010    1.4859817292929385e-03    3.0927826721967506e-04
           1080.1000               0.0010    2.1816439403942343e-03    6.4247964667834005e-04
           1090.1000               0.0010    1.7562788474037108e-03    4.2915910448417530e-04
           1091.9000               0.0010    1.8316136481967547e-03    3.9875368680087188e-04
           1167.0000               0.0010    1.0821809075404062e-03    7.9738038315501814e-05
           1179.0000               0.0010    1.7989267130951822e-03    4.3880728082498641e-04
           1184.1000               0.0010    1.6959704090257286e-03    3.7499633685461533e-04
           1275.9000               0.0010    1.7825818111560977e-03    3.0582123298195178e-04
           1324.0000               0.0010    2.0615499966457063e-03    7.5289945670618981e-04
           1331.0000               0.0010    1.4397923756143960e-03    9.2826847582984899e-05
           1351.2000               0.0010    1.9231017864900575e-03    5.7153102429252406e-04
           1365.2000               0.0010    1.6570189317673663e-03    2.7385627065308263e-04
           1413.0000               0.0010    1.4276346146525633e-03    3.8579745172125345e-04
           1463.1000               0.0010    1.7989267130951822e-03    4.3667944195613790e-04
           1464.2000               0.0010    1.5947252479369747e-03    3.5227330802984616e-04
           1508.0000               0.0010    1.3623850493355968e-03    1.0038424306643248e-04
           1513.0000               0.0010    1.3676037063355736e-03    3.5981352813590367e-04
           1529.0000               0.0010    1.7578048998648033e-03    6.9407044964460158e-04
           1553.1000               0.0010    1.5577360472836213e-03    3.9179406273876139e-04
           1556.0000               0.0010    1.6829711469609873e-03    3.7029852980254989e-04
           1571.0000               0.0010    1.4506941825678256e-03    3.8427696745028180e-04
           1633.1000               0.0010    1.7592723243707638e-03    5.2343536507204447e-04
           1648.8000               0.0010    1.5911263577338569e-03    2.6364309564106450e-04
           1666.0000               0.0010    1.4534706601505264e-03    3.7494801000739558e-04
           1682.0000               0.0010    1.9254252875551070e-03    8.1574497657341521e-04
           1687.0000               0.0010    1.5498864089000691e-03    9.9924872423715316e-05
           1724.0000               0.0010    1.2967775064780284e-03    3.5870831104764614e-04
           1738.1000               0.0010    1.5278526430653884e-03    2.4922444239667776e-04
           1825.0000               0.0010    1.4984058837275072e-03    3.9245844120623061e-04
           1836.0000               0.0010    1.6343063579893605e-03    4.0653604998816257e-04
           1837.8000               0.0010    1.7355737408331373e-03    3.8100735076866151e-04
           1840.0000               0.0010    1.4874784057818270e-03    6.3922933562050540e-04
           1883.0000               0.0010    1.0785519480390670e-03    3.2449079951110357e-04
           1910.6000               0.0010    1.8122690387851455e-03    5.3551942643181773e-04
           1925.0000               0.0010    1.7562788474037108e-03    4.3168013879552042e-04
           1928.9000               0.0010    1.6194556916456250e-03    3.5733257516257119e-04
           1983.0000               0.0010    1.5684254111504941e-03    3.9009701877709560e-04
           1999.0000               0.0010    2.1412918893398509e-03    1.0174742402311186e-03
           2017.8000               0.0010    1.7009841644927024e-03    4.2519590257544723e-04
           2024.0000               0.0010    1.6572722954980952e-03    3.6505717271949172e-04
           2041.0000               0.0010    9.3371313145793121e-04    2.9322899246378811e-04
           2043.0000               0.0010    1.6379470955666703e-03    1.0560235487028360e-04
           2067.0000               0.0010    1.5208061839135807e-03    3.9829123415931309e-04
           2074.2000               0.0010    1.6070428990485970e-03    3.6183445714896691e-04
           2136.0000               0.0010    1.0801435274975300e-03    3.2955839948342012e-04
           2152.0000               0.0010    1.8119903102521630e-03    9.6240444315260569e-04
           2182.8000               0.0010    1.9518528421893014e-03    5.7637072509909252e-04
           2195.0000               0.0010    1.3527323279547245e-03    2.3092665235021105e-04
           2199.0000               0.0010    1.7442144121837685e-03    4.4944731073109576e-04
           2221.0000               0.0010    1.3749910431783894e-03    1.0131308704532520e-04
           2283.9000               0.0010    1.4434743447490387e-03    2.5639105762167275e-04
           2375.0000               0.0010    1.2372021568699740e-03    2.1680648889386609e-04
           2399.0000               0.0010    9.7791220609486388e-04    8.1062140782004494e-05
           2536.4000               0.0010    1.6456242188689447e-03    4.8970891628848296e-04
           2557.1000               0.0010    1.0443062263570328e-03    2.6999881731656352e-04
           2558.9000               0.0010    9.5971850056888314e-04    2.2236395559628485e-04
           2646.0000               0.0010    9.4874143176552613e-04    2.4689335571596339e-04
           2648.9000               0.0010    9.5971850056888314e-04    2.2395218950571621e-04
           2665.0000               0.0010    6.7034730001030952e-04    4.9393015826163479e-05
           2736.0000               0.0010    9.4874143176552613e-04    2.5105565512815005e-04
           2740.0000               0.0010    9.5236245695463223e-04    2.1943532335268659e-04
           2790.9000               0.0010    8.8183364829818483e-04    2.0696569943875310e-04
           2825.0000               0.0010    8.2813638430469802e-04    2.2541353988844771e-04
           2964.0000               0.0010    5.2275700711887558e-04    4.8147701060076194e-05
           3093.7000               0.0010    7.9819805579678881e-04    1.3575532101130824e-04
           3239.6000               0.0010    1.0701106037617667e-03    3.3146778480188966e-04
           3293.0000               0.0010    6.0020535212203393e-04    4.9752861707412972e-05
           3512.1000               0.0010    6.6336028106399043e-04    1.7730613472337440e-04
           3632.0000               0.0010    6.5811208271347786e-04    7.8798673969566191e-05
           4011.4000               0.0010    7.5839430882263220e-04    2.0551593564781278e-04
           4059.2000               0.0010    7.1827419641900354e-04    1.2297657839934926e-04
           4126.0000               0.0010    1.0311367542005340e-03    3.2385160862620309e-04
           4550.5000               0.0010    7.2194857742416310e-04    1.7308332303706155e-04
           4825.6000               0.0010    7.2194857742416310e-04    1.6957137998903317e-04
           4878.3000               0.0010    8.2535857143111520e-04    2.6312099656694278e-04
           5801.9000               0.0010    7.3451702254212470e-04    1.9195500412269261e-04
           5943.0000               0.0010    5.4032748948775952e-04    1.3337157741953896e-04
           6149.0000               0.0010    6.9106462867365927e-04    2.7466536655639646e-04
           6555.0000               0.0010    3.6570749456451716e-04    9.6353357911541473e-05
           6926.5000               0.0010    3.9311884307665712e-04    1.0802134568875147e-04
           7372.0000               0.0010    3.3449856577735722e-04    9.4199658788652398e-05
           7431.6000               0.0010    4.0318378834516692e-04    1.1100474134553051e-04
           7519.1000               0.0010    5.2101552313413432e-04    1.8136570419181430e-04
           7548.4000               0.0010    3.5741424729593142e-04    6.5956246361258518e-05
           7578.0000               0.0010    5.0625329475903057e-04    2.0792397899902288e-04
           7947.0000               0.0010    2.9694215719307812e-04    1.0929994588326788e-04
           9335.1000               0.0010    3.1692803623019355e-04    7.9068353486661758e-05
           9971.9000               0.0010    3.7311289665607940e-04    1.3131174494582413e-04
          10653.8000               0.0010    2.1609496957751347e-04    5.0435444779560717e-05
          11327.2000               0.0010    3.0965910875621388e-04    8.7298727444030418e-05
          11833.2000               0.0010    4.4254420872354058e-04    1.4967202444648688e-04
          11836.5000               0.0010    2.5946588151153440e-04    6.6412628704915725e-05
          13730.0000               0.0010    1.3131062061259171e-04    2.7816557537620963e-05
          14409.2000               0.0010    2.4951936590654472e-04    7.5204970797818158e-05
          14733.0000               0.0010    8.5172589470509911e-05    1.5689371239384125e-05
          18360.0000               0.0010    1.2203046143217377e-04    3.6554695566926250e-05
          21710.0000               0.0010    2.2688211262594194e-04    5.6854288776067073e-05
