   1.9785600000000000e+06    3.0000000000000000e+02    2.3670000000000002e+01    1.2000000000000000e-01
   7.3160000000000000e+04    5.7500000000000000e+01    1.8539999999999999e+01    2.9999999999999999e-02
   7.3340000000000000e+04    5.7500000000000000e+01    1.8530000000000001e+01    2.0000000000000000e-02
   7.3520000000000000e+04    5.7500000000000000e+01    1.8550000000000001e+01    2.0000000000000000e-02
   7.3440000000000000e+04    5.7500000000000000e+01    1.8510000000000002e+01    2.0000000000000000e-02
   7.3910000000000000e+04    5.7500000000000000e+01    1.8530000000000001e+01    2.9999999999999999e-02
   7.4100000000000000e+04    5.7500000000000000e+01    1.8510000000000002e+01    2.0000000000000000e-02
   7.4300000000000000e+04    5.7500000000000000e+01    1.8520000000000000e+01    2.0000000000000000e-02
   7.4490000000000000e+04    5.7500000000000000e+01    1.8500000000000000e+01    2.0000000000000000e-02
   7.4810000000000000e+04    1.8750000000000000e+02    1.8489999999999998e+01    2.0000000000000000e-02
   7.5260000000000000e+04    1.8750000000000000e+02    1.8480000000000000e+01    2.0000000000000000e-02
   7.5710000000000000e+04    1.8750000000000000e+02    1.8460000000000001e+01    2.0000000000000000e-02
   7.6160000000000000e+04    1.8750000000000000e+02    1.8480000000000000e+01    2.0000000000000000e-02
   7.6770000000000000e+04    5.7500000000000000e+01    1.8449999999999999e+01    2.9999999999999999e-02
   7.6770000000000000e+04    5.7500000000000000e+01    1.8469999999999999e+01    2.0000000000000000e-02
   7.6870000000000000e+04    5.7500000000000000e+01    1.8449999999999999e+01    2.0000000000000000e-02
   7.7060000000000000e+04    5.7500000000000000e+01    1.8480000000000000e+01    2.0000000000000000e-02
   8.3190000000000000e+04    5.7500000000000000e+01    1.8359999999999999e+01    2.0000000000000000e-02
   8.3370000000000000e+04    5.7500000000000000e+01    1.8329999999999998e+01    2.0000000000000000e-02
   8.3560000000000000e+04    5.7500000000000000e+01    1.8359999999999999e+01    2.0000000000000000e-02
   8.3750000000000000e+04    5.7500000000000000e+01    1.8359999999999999e+01    2.0000000000000000e-02
   8.3950000000000000e+04    5.7500000000000000e+01    1.8370000000000001e+01    2.0000000000000000e-02
   8.4140000000000000e+04    5.7500000000000000e+01    1.8350000000000001e+01    2.0000000000000000e-02
   8.4330000000000000e+04    5.7500000000000000e+01    1.8370000000000001e+01    2.0000000000000000e-02
   8.4530000000000000e+04    5.7500000000000000e+01    1.8399999999999999e+01    2.0000000000000000e-02
   8.4730000000000000e+04    5.7500000000000000e+01    1.8399999999999999e+01    2.0000000000000000e-02
   8.4920000000000000e+04    5.7500000000000000e+01    1.8379999999999999e+01    2.0000000000000000e-02
   8.5110000000000000e+04    5.7500000000000000e+01    1.8390000000000001e+01    2.0000000000000000e-02
   8.5310000000000000e+04    5.7500000000000000e+01    1.8379999999999999e+01    2.0000000000000000e-02
   9.1580000000000000e+04    5.7500000000000000e+01    1.8489999999999998e+01    2.0000000000000000e-02
   9.1760000000000000e+04    5.7500000000000000e+01    1.8520000000000000e+01    2.0000000000000000e-02
   9.1950000000000000e+04    5.7500000000000000e+01    1.8530000000000001e+01    2.0000000000000000e-02
   9.2150000000000000e+04    5.7500000000000000e+01    1.8510000000000002e+01    2.0000000000000000e-02
   9.2350000000000000e+04    5.7500000000000000e+01    1.8500000000000000e+01    2.9999999999999999e-02
   9.2540000000000000e+04    5.7500000000000000e+01    1.8539999999999999e+01    2.0000000000000000e-02
   9.2740000000000000e+04    5.7500000000000000e+01    1.8539999999999999e+01    2.0000000000000000e-02
   9.2930000000000000e+04    5.7500000000000000e+01    1.8520000000000000e+01    2.9999999999999999e-02
   9.3140000000000000e+04    5.7500000000000000e+01    1.8530000000000001e+01    4.0000000000000001e-02
   9.3330000000000000e+04    5.7500000000000000e+01    1.8550000000000001e+01    2.9999999999999999e-02
   9.3510000000000000e+04    5.7500000000000000e+01    1.8530000000000001e+01    2.9999999999999999e-02
   9.3710000000000000e+04    5.7500000000000000e+01    1.8530000000000001e+01    2.9999999999999999e-02
   1.0215000000000000e+05    5.7500000000000000e+01    1.8629999999999999e+01    4.0000000000000001e-02
   1.0233000000000000e+05    5.7500000000000000e+01    1.8649999999999999e+01    2.9999999999999999e-02
   1.0252000000000000e+05    5.7500000000000000e+01    1.8649999999999999e+01    2.9999999999999999e-02
   1.0272000000000000e+05    5.7500000000000000e+01    1.8649999999999999e+01    2.0000000000000000e-02
   1.0292000000000000e+05    5.7500000000000000e+01    1.8649999999999999e+01    2.9999999999999999e-02
   1.0311000000000000e+05    5.7500000000000000e+01    1.8690000000000001e+01    2.9999999999999999e-02
   1.0331000000000000e+05    5.7500000000000000e+01    1.8680000000000000e+01    2.0000000000000000e-02
   1.0350000000000000e+05    5.7500000000000000e+01    1.8690000000000001e+01    2.0000000000000000e-02
   1.0371000000000000e+05    5.7500000000000000e+01    1.8690000000000001e+01    2.9999999999999999e-02
   1.0390000000000000e+05    5.7500000000000000e+01    1.8680000000000000e+01    2.9999999999999999e-02
   1.0409000000000000e+05    5.7500000000000000e+01    1.8690000000000001e+01    2.0000000000000000e-02
   1.0429000000000000e+05    5.7500000000000000e+01    1.8710000000000001e+01    2.0000000000000000e-02
   1.6636000000000000e+05    5.7500000000000000e+01    1.9500000000000000e+01    5.9999999999999998e-02
   1.6655000000000000e+05    5.7500000000000000e+01    1.9570000000000000e+01    5.0000000000000003e-02
   1.6674000000000000e+05    5.7500000000000000e+01    1.9550000000000001e+01    4.0000000000000001e-02
   1.6694000000000000e+05    5.7500000000000000e+01    1.9530000000000001e+01    4.0000000000000001e-02
   1.6713000000000000e+05    5.7500000000000000e+01    1.9520000000000000e+01    5.9999999999999998e-02
   1.6732000000000000e+05    5.7500000000000000e+01    1.9550000000000001e+01    5.0000000000000003e-02
   1.6751000000000000e+05    5.7500000000000000e+01    1.9600000000000001e+01    2.9999999999999999e-02
   1.6770000000000000e+05    5.7500000000000000e+01    1.9500000000000000e+01    5.0000000000000003e-02
   1.7377000000000000e+05    5.7500000000000000e+01    1.9620000000000001e+01    4.0000000000000001e-02
   1.7395000000000000e+05    5.7500000000000000e+01    1.9680000000000000e+01    4.0000000000000001e-02
   1.7415000000000000e+05    5.7500000000000000e+01    1.9620000000000001e+01    2.9999999999999999e-02
   1.7435000000000000e+05    5.7500000000000000e+01    1.9600000000000001e+01    5.0000000000000003e-02
   1.7455000000000000e+05    5.7500000000000000e+01    1.9640000000000001e+01    4.0000000000000001e-02
   1.7473000000000000e+05    5.7500000000000000e+01    1.9649999999999999e+01    2.9999999999999999e-02
   1.7492000000000000e+05    5.7500000000000000e+01    1.9629999999999999e+01    2.9999999999999999e-02
   1.7511000000000000e+05    5.7500000000000000e+01    1.9609999999999999e+01    2.9999999999999999e-02
   2.6466000000000000e+05    1.8450000000000000e+02    2.0020000000000000e+01    4.0000000000000001e-02
   2.6510000000000000e+05    1.8450000000000000e+02    2.0039999999999999e+01    2.9999999999999999e-02
   2.6555000000000000e+05    1.8450000000000000e+02    1.9980000000000000e+01    2.9999999999999999e-02
   2.6600000000000000e+05    1.8450000000000000e+02    1.9960000000000001e+01    2.9999999999999999e-02
   3.3128000000000000e+05    1.8450000000000000e+02    2.0350000000000001e+01    5.0000000000000003e-02
   3.3174000000000000e+05    1.8450000000000000e+02    2.0280000000000001e+01    2.9999999999999999e-02
   3.3219000000000000e+05    1.8450000000000000e+02    2.0379999999999999e+01    4.0000000000000001e-02
   3.3264000000000000e+05    1.8450000000000000e+02    2.0340000000000000e+01    4.0000000000000001e-02
   3.5558000000000000e+05    1.8450000000000000e+02    2.0539999999999999e+01    5.0000000000000003e-02
   3.5602000000000000e+05    1.8450000000000000e+02    2.0579999999999998e+01    5.0000000000000003e-02
   3.5647000000000000e+05    1.8450000000000000e+02    2.0559999999999999e+01    4.0000000000000001e-02
   3.5693000000000000e+05    1.8450000000000000e+02    2.0559999999999999e+01    4.0000000000000001e-02
   4.1904000000000000e+05    7.3800000000000000e+02    2.0609999999999999e+01    7.0000000000000007e-02
