54314.31093
54314.31625
54314.31969
54314.32104
54314.32242
54314.32374
54314.32527
54314.32656
54314.32792
54314.32926
54314.33490
54314.35684
54314.42631
54314.43670
54314.44737
54314.45264
54315.32548
54314.31093
54314.31625
54314.31969
54314.32104
54314.32242
54314.32374
54314.32527
54314.32656
54314.32792
54314.32926
54314.33131
54314.33366
54314.33606
54314.33849
54314.35684
54314.42631
54314.43670
54314.44737
54314.45264
54315.32548
54314.31093
54314.31625
54314.31969
54314.32104
54314.32242
54314.32374
54314.32527
54314.32656
54314.32792
54314.32926
54314.33131
54314.33366
54314.33606
54314.33849
54314.35684
54314.42631
54314.43670
54314.44737
54314.45264
54315.32548
54314.31040
54314.31572
54314.32119
54314.32674
54314.33438
54314.35632
54314.42578
54314.43617
54315.32495
54314.31040
54314.31572
54314.32119
54314.32674
54314.33438
54314.35632
54314.42578
54314.43617
54315.32495
