11171.52	13.547832	0.386818	R
11499.84	13.622914	0.514434	R
11983.68	12.929744	0.381079	R
12026.88	13.154359	0.726937	R
12303.36	13.037366	0.300196	R
13452.48	12.066737	0.266732	R
14195.52	11.30289	0.249848	R
14601.6	10.874009	0.340522	R
14964.48	10.705082	0.394389	R
16079.04	9.868928	0.309047	R
16796.16	9.878019	0.400312	R
17271.36	9.871655	0.227303	R
17478.72	9.295431	0.265403	R
18377.28	8.961702	0.214605	R
19552.32	8.757692	0.209719	R
20926.08	8.271608	0.198079	R
22083.84	7.783776	0.193566	R
23207.04	7.447156	0.185195	R
24278.4	6.995035	0.335019	R
26758.08	6.309417	0.185958	R
33134.4	4.878322	0.224655	R
34706.88	4.620303	0.195751	R
36624.96	4.272378	0.12592	R
37152.0	4.194406	0.127485	R
37679.04	4.163613	0.153393	R
38318.4	4.110256	0.264998	R
94979.52	0.964695	0.062196	R
95342.4	0.924676	0.047693	R
100897.9	0.923571	0.059545	R
101485.4	0.891807	0.034498	R
102876.5	0.876333	0.031478	R
104017.0	0.860338	0.022187	R
107377.9	0.861133	0.038863	R
110566.1	0.829219	0.03055	R
110808.0	0.824119	0.01594	R
112328.6	0.810569	0.013438	R
113451.8	0.822375	0.037872	R
113806.1	0.809823	0.013426	R
115223.0	0.805138	0.030404	R
115758.7	0.79431	0.012437	R
117650.9	0.794823	0.02855	R
118912.3	0.788261	0.024685	R
120260.2	0.792629	0.023361	R
121599.4	0.793359	0.028498	R
122999.0	0.812587	0.04266	R
123569.3	0.786811	0.024639	R
124174.1	0.816338	0.023308	R
124727.0	0.838436	0.04865	R
186701.8	0.627294	0.02311	R
188092.8	0.627294	0.01791	R
188464.3	0.630361	0.018579	R
189769.0	0.630769	0.023819	R
190581.1	0.611492	0.018586	R
192179.5	0.596471	0.01703	R
192741.1	0.589916	0.01467	R
193458.2	0.590296	0.014136	R
194080.3	0.595923	0.014819	R
195782.4	0.592093	0.014179	R
195842.9	0.58327	0.021488	R
197121.6	0.584347	0.018837	R
197354.9	0.587205	0.015684	R
198599.0	0.58327	0.0231	R
198832.3	0.581821	0.01554	R
199609.9	0.569993	0.013125	R
200569.0	0.570152	0.013128	R
201303.4	0.576329	0.018048	R
202383.4	0.557531	0.022081	R
202521.6	0.557685	0.012328	R
203826.2	0.554459	0.020427	R
204379.2	0.545995	0.012069	R
204811.2	0.550389	0.024332	R
206193.6	0.542487	0.011992	R
206262.7	0.550897	0.022325	R
207290.9	0.545343	0.022603	R
207982.1	0.529653	0.01122	R
208733.8	0.543338	0.029526	R
209701.4	0.529016	0.018028	R
210669.1	0.52176	0.013456	R
269291.5	0.452471	0.011252	R
271270.1	0.463436	0.010671	R
274138.6	0.457499	0.010534	R
275218.6	0.459061	0.019449	R
275840.6	0.450807	0.010795	R
276315.8	0.463308	0.019203	R
277430.4	0.449149	0.010756	R
280229.8	0.462455	0.01576	R
281707.2	0.457795	0.013493	R
282070.1	0.450807	0.012041	R
282450.3	0.452471	0.010835	R
291928.3	0.457921	0.0097	R
294200.6	0.466005	0.010301	R
294330.3	0.471054	0.015185	R
296032.3	0.44014	0.011351	R
356987.5	0.260058	0.011018	R
359000.6	0.254911	0.006574	R
359294.4	0.255077	0.006813	R
360210.3	0.250883	0.006701	R
360400.3	0.251879	0.0058	R
361644.5	0.258219	0.006421	R
362905.9	0.24904	0.007569	R
363856.3	0.256089	0.006604	R
363934.1	0.25297	0.007689	R
365333.8	0.25211	0.007895	R
366552.0	0.251415	0.006947	R
368444.2	0.24865	0.00687	R
369576.0	0.245014	0.00677	R
370759.7	0.249338	0.007349	R
535602.3	0.187064	0.005341	R
538142.4	0.177824	0.005732	R
540146.9	0.170604	0.004871	R
614122.6	0.126087	0.00569	R
615202.6	0.120301	0.003102	R
616628.2	0.120968	0.002785	R
617760.0	0.12175	0.003588	R
620032.3	0.123558	0.004097	R
622235.5	0.113102	0.003021	R
623928.9	0.111962	0.002475	R
625458.3	0.118651	0.003169	R
627842.9	0.113938	0.002833	R
630288.0	0.111962	0.002784	R
631661.8	0.112686	0.003736	R
633225.6	0.110629	0.002751	R
636024.9	0.111756	0.003603	R
638184.9	0.107813	0.003674	R
640759.7	0.104297	0.004707	R
700522.6	0.090089	0.003236	R
701179.2	0.088934	0.002375	R
703244.2	0.091595	0.003037	R
708557.8	0.088282	0.002033	R
709274.9	0.087876	0.002428	R
712687.7	0.087876	0.00259	R
713430.8	0.088363	0.00179	R
716705.3	0.089016	0.002378	R
717448.3	0.088444	0.00277	R
720273.6	0.087714	0.002343	R
720973.4	0.088119	0.003815	R
725855.1	0.085324	0.003379	R
726580.8	0.085717	0.003	R
727280.6	0.090504	0.002584	R
787069.4	0.084176	0.004032	R
787449.6	0.080536	0.00497	R
874627.2	0.075369	0.003193	R
878195.5	0.07318	0.002763	R
880744.3	0.072176	0.002127	R
959472.0	0.071251	0.003741	R
959601.6	0.068151	0.002071	R
963195.8	0.07006	0.002388	R
967982.4	0.067278	0.002293	R
971153.3	0.065203	0.002342	R
982039.7	0.065686	0.003025	R
1047410.0	0.057474	0.001588	R
1048180.0	0.051049	0.004467	R
1050600.0	0.058488	0.002801	R
1051000.0	0.058397	0.003066	R
1053950.0	0.060516	0.002787	R
1057810.0	0.055548	0.001995	R
1058830.0	0.055446	0.002094	R
1060420.0	0.056581	0.002554	R
1070060.0	0.055651	0.003075	R
1139640.0	0.05165	0.001808	R
1142420.0	0.047118	0.006683	R
1142570.0	0.059084	0.002884	R
2083860.0	0.027206	0.001077	R
2086030.0	0.028911	0.001065	R
2101190.0	0.028752	0.000662	R
2172710.0	0.02784	0.000821	R
2861820.0	0.016113	0.001336	R
