Skip Single 
log on
read serr 1,2
skip on
! this is NONE
   65.2973     4.9980  1.68074e+00   1.40812e-01 
   75.3042     4.9979  1.81616e+00   1.45039e-01 
   85.3111     4.9979  1.62024e+00   1.35122e-01 
  100.3213    10.0013  1.44185e+00   9.23912e-02 
  120.3357    10.0022  1.50585e+00   9.43656e-02 
  140.3502    10.0013  1.64688e+00   9.82808e-02 
  163.3374    12.9750  1.59696e+00   1.33357e-01 
  191.3282    15.0049  2.04263e+00   3.42883e-01 
  226.3513    20.0072  1.95414e+00   2.93873e-01 
  271.3820    25.0124  1.60467e+00   2.50579e-01 
  326.4205    30.0151  1.60711e+00   2.27998e-01 
  391.4654    35.0188  6.35828e-01   1.57122e-01 
  471.5204    45.0251  1.25974e+00   1.73147e-01 
  566.6894    50.1328  7.86124e-01   1.41520e-01 
  670.9941    49.5496  6.40552e-01   6.47063e-02 
  811.2777    61.4651  6.20776e-01   6.06775e-02 
  973.2963    93.0083  5.91339e-01   2.96597e-02 
 1181.3882   115.0725  5.17326e-01   7.63404e-02 
 1436.1728   139.7010  3.82359e-01   4.41024e-02 
 6298.9240   612.5531  2.10915e-01   1.19170e-02 
 7143.0086   226.2135  2.08893e-01   2.13626e-02 
12235.5271   914.8993  1.20525e-01   1.19364e-02 
17633.0356  1299.7662  1.10750e-01   5.86078e-03 
23414.1960  1300.1634  8.14041e-02   8.93245e-03 
29195.5230  1300.4999  8.75382e-02   5.19404e-03 
40758.9801  1300.5993  4.99983e-02   8.04015e-03 
55309.2351  4095.3562  3.84542e-02   3.73316e-03 
69582.3382  6847.7025  3.32029e-02   3.36160e-03 
78717.8660  2284.1071  2.39028e-02   7.77486e-03 
138996.1662 11903.0683  1.31983e-02   4.37888e-03 
173336.6220 17262.5896  1.10604e-02   4.09774e-03 
211102.5976 20496.6008  1.14794e-02   3.57909e-03 
248431.3028 11888.2955 -1.78146e-03   3.72909e-03 
1936787.7525 191651.4808  3.09931e-03   1.31494e-03 
2153191.1477 20548.0840  2.88255e-03   7.84378e-03 
2746020.8161 29338.4183  4.85024e-03   2.40704e-03 
no no no no ! that was NONE
