time(s)	erg/cm2/s	err
29.0965	4.66E-14	3.87E-14
30.08110874	4.66E-14	2.24E-14
34.4307	7.79E-14	4.69E-14
41.0982	1.63E-13	4.56E-14
43.63061834	9.64E-14	2.66E-14
49.0996	2.11E-14	3.45E-14
57.04886994	2.63E-13	3.61E-14
58.4346	2.04E-13	4.68E-14
61.1017484	3.61E-13	8.26E-14
65.0579	3.16E-13	1.02E-13
81.26942431	5.94E-13	1.08E-14
82.83761194	6.42E-13	6.18E-14
88.21918977	7.22E-13	7.61E-14
88.21918977	6.21E-13	1.01E-13
90.9478	6.43E-13	1.51E-13
100.4446055	7.52E-13	1.26E-13
101.6696802	7.20E-13	1.60E-13
109.0017058	6.82E-13	1.24E-14
120.142516	6.99E-13	6.06E-14
133.2913433	6.73E-13	8.69E-14
137.0840085	6.39E-13	1.17E-14
138.7235821	6.66E-13	6.41E-14
144.3630704	7.04E-13	5.04E-14
156.2776119	6.40E-13	9.74E-14
158.0806823	6.37E-13	8.73E-14
159.1921	5.77E-13	7.61E-14
168.4684861	6.44E-13	6.55E-14
168.4684861	5.73E-13	5.19E-14
171.7821748	6.50E-13	1.66E-13
194.0983369	5.51E-13	1.01E-14
204.9812367	5.64E-13	9.74E-14
219.8939872	5.22E-13	9.52E-15
230.0515139	5.45E-13	1.48E-14
230.0515139	5.42E-13	2.44E-14
246.0304478	4.80E-13	8.77E-15
247.9164179	4.97E-13	3.10E-14
252.5472921	5.04E-13	4.37E-14
256.3784	4.58E-13	4.00E-14
272.7264819	4.50E-13	8.22E-15
276.8346269	4.44E-13	8.56E-14
300.9354371	4.61E-13	4.17E-14
306.0518	4.88E-13	6.81E-14
307.426951	4.22E-13	7.71E-15
327.7673348	4.00E-13	8.53E-14
349.7242644	3.66E-13	5.57E-14
357.0010235	3.85E-13	3.53E-15
369.2241365	3.92E-13	1.11E-13
377.4910874	4.00E-13	1.45E-14
377.4910874	3.87E-13	1.06E-14
382.4836	4.49E-13	5.17E-14
396.3738166	4.06E-13	9.41E-14
406.1352665	3.58E-13	6.53E-15
413.7275053	3.47E-13	1.02E-13
441.8052026	3.40E-13	8.20E-14
457.3397015	3.35E-13	3.07E-15
466.4481	2.95E-13	4.15E-14
488.3534328	2.99E-13	9.60E-14
496.5743284	3.09E-13	4.48E-14
511.365032	3.14E-13	5.74E-15
534.6391471	3.12E-13	6.65E-14
541.1698081	3.22E-13	4.16E-14
563.0115991	3.00E-13	5.48E-15
568.7157	2.75E-13	4.06E-14
587.9298934	3.05E-13	8.31E-15
587.9298934	3.04E-13	2.68E-14
596.6758209	3.16E-13	5.88E-14
596.6758209	2.84E-13	3.82E-14
615.3466951	2.84E-13	2.60E-15
667.2005117	2.69E-13	2.46E-15
754.4226013	2.52E-13	2.31E-15
779.3731343	2.54E-13	5.31E-14
779.3731343	2.30E-13	3.42E-14
799.573049	2.66E-13	2.34E-14
799.573049	2.21E-13	1.94E-14
865.0869083	2.44E-13	4.72E-14
875.3342431	2.28E-13	2.09E-15
912.7243497	2.36E-13	6.42E-15
912.7243497	2.24E-13	1.01E-14
996.0294243	2.14E-13	3.90E-15
996.9850746	2.05E-13	3.95E-14
1079.263113	2.10E-13	3.85E-14
1116.660128	2.00E-13	1.84E-15
1240.143966	1.91E-13	1.75E-15
1340.857996	1.82E-13	1.99E-14
1358.916333	1.84E-13	1.69E-15
1407.541663	1.82E-13	6.58E-15
1407.541663	1.81E-13	8.16E-15
1479.487164	1.79E-13	1.64E-15
1507.078977	1.87E-13	1.90E-14
1600.046482	1.78E-13	1.63E-15
1674.333902	1.72E-13	3.67E-14
1723.903369	1.74E-13	1.60E-15
1783.648785	1.76E-13	1.84E-14
1842.153006	1.73E-13	1.58E-15
1894.255522	1.71E-13	9.22E-15
1894.255522	1.71E-13	6.17E-15
1903.888017	1.74E-13	3.42E-14
1952.165629	1.66E-13	1.44E-14
1961.623113	1.73E-13	1.58E-15
2057.743113	1.80E-13	3.71E-14
2079.891173	1.68E-13	1.54E-15
2167.159318	1.60E-13	1.81E-14
2203.190789	1.68E-13	1.54E-15
2323.609638	1.64E-13	1.50E-15
2378.565288	1.66E-13	6.00E-15
2405.176119	1.56E-13	1.59E-14
2443.333049	1.59E-13	1.46E-15
2563.850917	1.56E-13	1.43E-15
2636.478038	1.60E-13	1.92E-14
2636.478038	1.52E-13	9.11E-15
2636.478038	1.45E-13	8.73E-15
2975.701663	1.55E-13	1.74E-14
2988.148145	1.53E-13	9.15E-15
2988.148145	1.45E-13	8.69E-15
3316.783625	1.44E-13	1.67E-14
3330.655522	1.44E-13	8.66E-15
3330.655522	1.38E-13	8.29E-15
3793.595565	1.32E-13	2.22E-14
3838.46968	1.36E-13	5.50E-15
3838.46968	1.35E-13	1.01E-14
3849.516077	1.32E-13	1.21E-15
3870.644009	1.34E-13	4.87E-15
4098.229254	1.29E-13	1.18E-15
4218.093134	1.25E-13	1.15E-15
4278.552409	1.26E-13	5.67E-15
4278.552409	1.21E-13	1.76E-14
4278.552409	1.21E-13	8.58E-15
4299.496119	1.16E-13	1.41E-14
4338.332367	1.24E-13	1.14E-15
4458.675224	1.21E-13	1.11E-15
4498.181578	1.26E-13	1.28E-14
4498.181578	1.24E-13	5.48E-15
4498.181578	1.15E-13	6.87E-15
4625.796588	1.20E-13	1.10E-15
4745.393348	1.17E-13	1.08E-15
4806.575693	1.24E-13	5.56E-15
4806.575693	1.14E-13	7.14E-15
4810.041365	1.25E-13	1.51E-14
4865.547377	1.14E-13	1.05E-15
5043.484861	1.13E-13	1.63E-14
5225.816034	1.10E-13	1.51E-14
5820.380213	9.14E-14	1.25E-14
6248.329638	1.02E-13	1.24E-14
6630.113092	7.60E-14	7.33E-15
6767.277697	8.17E-14	2.08E-14
6824.890746	7.06E-14	8.54E-15
7307.231642	7.13E-14	9.20E-15
7440.2729	8.84E-14	1.71E-14
7996.216375	6.87E-14	9.41E-15
8028.261748	7.60E-14	7.96E-15
8505.359232	7.06E-14	6.21E-15
8507.199147	7.00E-14	8.47E-15
9041.7386	5.48E-14	2.00E-14
9170.63693	5.82E-14	6.09E-15
9693.928017	6.32E-14	5.56E-15
9941.402303	6.10E-14	7.37E-15
10455.05859	5.61E-14	7.69E-15
10969.3919	4.10E-14	5.29E-15
11353.25475	5.07E-14	5.30E-15
11482.56921	4.30E-14	4.85E-15
13436.50567	3.70E-14	4.18E-15
13475.8491	4.18E-14	4.91E-15
17219.5243	4.05E-14	5.08E-15
19547.9806	3.99E-14	7.58E-15
27718.77339	2.02E-14	5.51E-16
27725.49058	1.96E-14	6.04E-15
28051.48938	2.07E-14	4.85E-15
32552.96162	1.77E-14	3.52E-15
32723.1978	1.13E-14	3.80E-15
45444.70746	1.13E-14	6.08E-16
50289.05322	9.41E-15	2.56E-16
82898.1713	3.86E-15	2.66E-15
91928.30584	4.22E-15	5.45E-16
107659.067	2.62E-15	2.44E-15
116944.3942	2.45E-15	4.68E-16
132308.8361	1.33E-15	1.50E-15
162429.4404	3.48E-15	3.30E-15
262540.0297	4.01E-15	6.57E-15
445090.4054	1.04E-15	4.95E-15
542250.4242	1.86E-15	5.27E-15