Time (s)     Err_Time (s)     Flux (erg/cm^2/s/A)    Err_Flux (Jy)
             84.2000               0.0010    4.0687434494543462e+46    1.0936338190339619e+46
            125.0000               0.0010    4.9890046420608417e+46    1.3984187389836878e+46
            155.0000               0.0010    7.9532367579380601e+46    1.1307494548296556e+46
            181.3000               0.0010    8.0265905807919260e+46    1.5008760780417991e+46
            229.8000               0.0010    5.4840767425125187e+47    2.1185474676552136e+46
            236.0000               0.0010    5.4767475613152056e+47    2.0177084249297628e+46
            267.4000               0.0010    6.2363132888006637e+47    2.3612549709958310e+46
            305.0000               0.0010    3.6850817013369547e+47    1.6224462445791929e+46
            328.0000               0.0010    6.1500341067880790e+47    5.2859484174453216e+46
            342.6000               0.0010    7.3705369112763069e+47    2.6916354233874586e+46
            380.2000               0.0010    8.4046556847436141e+47    2.9660031798022926e+46
            417.0000               0.0010    1.5384150866831121e+48    3.5693817010995986e+47
            426.8000               0.0010    1.1473457950603128e+48    3.9276219506517672e+46
            455.4000               0.0010    1.0034079265153151e+48    3.4602944745363170e+46
            493.1000               0.0010    1.0399879988204681e+48    3.6287332552680064e+46
            518.0000               0.0010    1.0827363765240747e+48    1.9944741695981337e+46
            530.7000               0.0010    1.0612085193269114e+48    3.6483883994662297e+46
            568.3000               0.0010    1.0173226820135051e+48    3.5056308523768380e+46
            609.2000               0.0010    8.9707907533199586e+47    3.1548513482644079e+46
            626.0000               0.0010    9.7618634246571861e+47    7.9701752714783740e+46
            646.8000               0.0010    8.3201954079671424e+47    2.9377704744133102e+46
            684.4000               0.0010    7.9104779793735442e+47    2.8389374882775256e+46
            712.0000               0.0010    1.1162655662456892e+48    2.7936743150138371e+47
            722.0000               0.0010    7.7522956267822287e+47    2.8239034096327068e+46
            812.0000               0.0010    7.4220303428286746e+47    2.0507828302953791e+46
            913.0000               0.0010    6.9520474088270493e+47    5.8159093853712801e+46
           1017.0000               0.0010    8.0235086657461061e+47    2.3623070333520395e+47
           1146.0000               0.0010    5.3274909834031203e+47    9.8136013396685063e+45
           1304.0000               0.0010    4.5054971807650252e+47    3.9540956351241843e+46
           1463.0000               0.0010    5.5014190069327264e+47    1.4037438369669989e+47
           1620.0000               0.0010    3.4411683554498966e+47    1.8987432936321426e+46
           1781.0000               0.0010    2.9821035490720341e+47    8.2398568506377932e+45
           1942.0000               0.0010    2.8118536903755758e+47    2.5450079188716931e+46
           2103.0000               0.0010    3.5310569389318634e+47    9.3883737400763935e+46
           2262.0000               0.0010    2.4446321462481264e+47    1.3670704753981708e+46
           2426.0000               0.0010    2.1803324455470409e+47    4.0163209051318041e+45
           2590.0000               0.0010    2.0599539752694973e+47    1.9018731460115955e+46
           2752.0000               0.0010    2.2663903786035249e+47    6.8791365008279912e+46
           2911.0000               0.0010    1.9173699506222440e+47    1.1998093269215414e+46
           3440.0000               0.0010    1.5364651544080597e+47    2.8302734898335096e+45
           3918.0000               0.0010    1.3224909669453725e+47    1.2858410586766149e+46
           4685.0000               0.0010    1.2188333074360637e+47    2.8485527104559101e+46
           5394.0000               0.0010    1.0492773854779816e+47    6.6928044162484630e+45
           5885.0000               0.0010    9.2581180046933869e+46    3.4108168192761926e+45
           6084.7000               0.0010    1.0272806616992180e+47    1.5143388406343684e+46
           6382.0000               0.0010    8.4107110184013512e+46    8.9744603007778403e+45
           6889.0000               0.0010    8.1559604516695278e+46    5.7813527420430232e+45
           7020.0000               0.0010    7.0521884692442664e+46    8.0086419068972135e+45
           7392.0000               0.0010    7.9895572132011556e+46    2.9434617389345346e+45
           7416.0000               0.0010    7.8188253245687587e+46    1.5483916888605516e+46
           7534.7000               0.0010    7.7093171246516808e+46    1.1477970633881187e+46
           7893.0000               0.0010    6.9651858680517287e+46    7.2390754530828662e+45
           7920.0000               0.0010    7.7005671237600608e+46    6.3832361677972512e+45
           7920.0000               0.0010    6.3984902077763315e+46    7.8802239492708039e+45
           8098.4000               0.0010    6.3246123180911560e+46    9.9055868714159886e+45
           8397.0000               0.0010    6.5718903661010437e+46    4.6848604731004657e+45
           8906.0000               0.0010    6.5844986024986801e+46    2.4258190021468485e+45
           9157.2000               0.0010    3.7058130479538894e+46    6.1595219955125244e+45
           9414.0000               0.0010    6.8998160116623511e+46    7.4354863967465123e+45
          10277.0000               0.0010    5.6162328936860328e+46    8.4536764057921183e+45
          10332.0000               0.0010    6.4704354609622245e+46    1.2363584834570099e+46
          10440.0000               0.0010    5.6822810292801406e+46    2.0934297550212110e+45
          10700.0000               0.0010    5.5892290646112726e+46    4.0012936874578325e+45
          10921.3000               0.0010    5.3450221400919938e+46    8.0591889257624677e+45
          10950.0000               0.0010    6.2200332956104012e+46    6.3159351792642795e+45
          11905.5000               0.0010    5.2402439875056790e+46    7.9066001205809750e+45
          12350.0000               0.0010    6.0606989113930634e+46    2.2328440589187534e+45
          12580.0000               0.0010    5.0807837199583798e+46    1.2151514319988280e+46
          13226.7000               0.0010    4.9871899301381839e+46    7.5376344846225024e+45
          13570.0000               0.0010    5.4508308924248627e+46    5.7395176338665773e+45
          14188.0000               0.0010    4.3849829312828089e+46    6.6568975751612587e+45
          14650.0000               0.0010    5.0877142131891846e+46    1.8743832387121234e+45
          14910.0000               0.0010    5.2480541605242193e+46    3.7632572507433984e+45
          15058.2000               0.0010    4.0914222889159165e+46    6.2260671442337603e+45
          15180.0000               0.0010    4.5140119804370217e+46    4.8005227715613119e+45
          16113.8000               0.0010    4.8894263411798660e+46    7.3949175089812860e+45
          16260.0000               0.0010    4.9036866198838937e+46    1.8065849658732586e+45
          16660.0000               0.0010    4.1198927145928352e+46    9.4954049018529273e+45
          16800.0000               0.0010    4.3881100139588217e+46    4.8355830068704787e+45
          17134.7000               0.0010    4.9871899301381839e+46    7.5376344846225024e+45
          17895.9000               0.0010    5.3981967394068078e+46    8.1365874204424659e+45
          17900.0000               0.0010    4.8141842509641870e+46    1.7736110736500619e+45
          18280.0000               0.0010    4.2669849102107586e+46    4.0121825433513653e+45
          18450.0000               0.0010    4.3469306053161362e+46    4.6319812880914734e+45
          19660.0000               0.0010    4.2709324936812315e+46    1.9668371552480013e+45
          22104.0000               0.0010    2.9403559278472747e+46    5.8868411249637724e+45
          28240.0000               0.0010    2.6843398829288512e+46    6.5116301282828458e+45
          39810.0000               0.0010    1.7174033319052940e+46    4.3216963528867711e+45
          42969.3000               0.0010    2.4128076620768309e+46    3.1111892643422144e+45
          48744.3000               0.0010    1.7804209722707391e+46    3.7716052353808587e+45
          52140.0000               0.0010    2.0796981350552024e+46    5.1070801910040725e+45
          54855.4000               0.0010    1.3137801608989327e+46    1.2100362804173040e+45
          55632.1000               0.0010    1.3884258784388572e+46    1.7903025405745462e+45
          56525.5000               0.0010    1.6539512357415997e+46    1.8280145134044188e+45
          57091.4000               0.0010    1.2898009701889539e+46    1.4255407547437925e+45
          57750.6000               0.0010    1.4538603751636493e+46    1.7407714082293874e+45
          64980.0000               0.0010    1.2662594490406124e+46    1.1662680860639352e+44
          70740.0000               0.0010    1.3083763924291421e+46    2.8505084297114781e+45
          77400.0000               0.0010    2.4456116999791609e+46    3.5763995250407985e+45
          78120.0000               0.0010    8.2893923586317304e+45    2.3667919462305662e+45
          79752.8000               0.0010    8.9087238473708643e+45    1.3264205593037015e+45
          82156.5000               0.0010    1.3935902518186358e+46    4.2257870592030266e+45
         102600.0000               0.0010    8.4122834266866071e+45    1.8510933321056942e+45
         120900.0000               0.0010    7.6307617814774831e+45    2.2401788416055401e+45
         132500.0000               0.0010    6.5952656773611673e+45    2.0572065246146031e+45
         137028.7000               0.0010    5.3767852823172109e+45    1.7332708393983312e+45
         149112.0000               0.0010    5.5274229040244747e+45    2.5454723895749688e+44
         149580.0000               0.0010    5.9448033669113546e+45    7.7041006089205664e+44
         175300.0000               0.0010    4.9036864516325656e+45    4.9681084856897364e+44
         175800.0000               0.0010    5.2096373607227952e+45    8.3055814656004736e+44
         177373.1000               0.0010    7.3085949854570854e+45    1.1794238089817715e+45
         197784.0000               0.0010    3.9040438909109024e+45    9.4436937411156862e+44
         199116.0000               0.0010    3.0889685743759072e+45    6.3962214070069649e+44
         220944.7000               0.0010    3.2398334896680031e+45    1.1339188618012092e+45
         231948.0000               0.0010    3.0656508420368157e+45    8.4707065588923303e+43
         232308.0000               0.0010    3.2821066601844494e+45    4.0813968743734098e+44
         264700.0000               0.0010    3.4555938368316065e+45    3.1827196340760889e+44
         265700.0000               0.0010    3.2207920851402738e+45    5.2003148526411949e+44
         315792.0000               0.0010    2.3687688772212981e+45    8.7268672999291330e+43
         316152.0000               0.0010    2.2297567531257281e+45    3.2295684399878119e+44
         328752.0000               0.0010    1.1772369470721814e+45    3.5667813792263089e+44
         353500.0000               0.0010    2.5498972982574150e+45    2.5833964977292612e+44
         355000.0000               0.0010    2.9034709798758840e+45    4.5137155134746124e+44
         394685.6000               0.0010    2.7959067937809098e+45    3.6051755544514846e+44
         442700.0000               0.0010    2.2830881928696924e+45    2.7336425949199576e+44
         447000.0000               0.0010    1.9356760964003892e+45    3.5681571012904901e+44
         477803.2000               0.0010    2.5033564267892924e+45    4.6113530853719377e+44
         512100.0000               0.0010    1.5582871364069451e+45    2.3721815455392943e+44
         513000.0000               0.0010    1.8472372884824049e+45    1.3610947731614265e+44
         525200.0000               0.0010    1.7318994977940240e+45    1.9141661188733632e+44
         528800.0000               0.0010    1.6803799311095204e+45    2.9871931475812390e+44
         612000.0000               0.0010    1.4865266013429615e+45    2.5478180093451087e+44
         612100.0000               0.0010    1.4945921102026320e+45    1.6518842938226722e+44
         663300.0000               0.0010    1.0927547005359544e+45    1.0064643024753146e+44
        3180000.0000               0.0010    9.0356097873370240e+43    1.4522625598901304e+43
        3184000.0000               0.0010    1.0575046073486698e+44    3.8998145892329956e+43
