76.5	0.001	4.817892227949954e-12	8.431141428749362e-13
95.6	0.001	4.128017027065027e-12	5.019643660927071e-13
115.8	0.001	3.757137414688878e-12	5.536722465562093e-13
154.9	0.001	3.1539665152618124e-12	5.809821192728028e-13
174.6	0.001	1.997596991564614e-12	4.0317094963486754e-13
233.4	0.001	2.4370086830196836e-12	4.489136021247413e-13
342.1	0.001	1.8007352852385514e-12	8.094540453945374e-14
342.1	0.001	1.7898040009484187e-12	9.371969770702699e-14
342.1	0.001	1.7434820256838878e-12	8.430625212685912e-14
342.1	0.001	1.765456716513957e-12	4.878137321756912e-14
425.1	0.001	1.4704229528616166e-12	1.0400913212518253e-13
425.1	0.001	1.6127040399759734e-12	1.3354943482488015e-13
425.1	0.001	1.5990847215964337e-12	2.423244890583758e-13
444.1	0.001	1.4300218493703884e-12	6.458749491291072e-14
444.1	0.001	1.4023521122990207e-12	3.8748421942387575e-14
444.1	0.001	1.392395698473318e-12	6.198999583509666e-14
444.1	0.001	1.413155239419428e-12	5.642404598285694e-14
544.3	0.001	1.1880312703377044e-12	4.751880092660695e-14
544.3	0.001	1.1881111508825871e-12	3.2828725243177525e-14
544.3	0.001	1.1668866515248822e-12	5.212246887824556e-14
544.3	0.001	1.1461447559735536e-12	4.384817310461972e-14
627.5	0.001	1.06093571886622e-12	9.662786313400462e-14
627.5	0.001	1.004037354740165e-12	6.28154870957796e-14
627.5	0.001	1.2384767905775898e-12	2.4373616893247884e-13
646.3	0.001	1.0348015511092331e-12	2.859262433261691e-14
646.3	0.001	1.0454370109630372e-12	4.186984593064787e-14
646.3	0.001	1.0356005467078362e-12	4.708724999991362e-14
646.3	0.001	1.053425607065883e-12	4.7144942954433496e-14
764.6	0.001	9.096138621287847e-13	3.3511414073819475e-14
764.6	0.001	8.853583142290064e-13	4.038758264351798e-14
764.6	0.001	9.455120552198736e-13	3.790681037440906e-14
764.6	0.001	9.077909946162855e-13	4.79711548533702e-14
865.7	0.001	8.377095561247249e-13	3.825812055316566e-14
865.7	0.001	8.29577700751291e-13	2.2922079626641284e-14
865.7	0.001	8.396600097844487e-13	3.370418711607424e-14
865.7	0.001	8.585268258160315e-13	3.8571000649020526e-14
939.2	0.001	7.454681085947559e-13	4.6811439857357096e-14
939.2	0.001	8.485828878832289e-13	7.135973851440245e-14
967.7	0.001	7.781423804045768e-13	3.5592500827764945e-14
967.7	0.001	7.969756807198234e-13	3.5856128601287365e-14
967.7	0.001	8.021793340432154e-13	2.573078078721532e-14
967.7	0.001	7.777805332701127e-13	2.1490870957022043e-14
1067.9	0.001	7.496474515639239e-13	2.0713525159964035e-14
1067.9	0.001	7.398366964735792e-13	3.333239226491527e-14
1067.9	0.001	7.456590082537052e-13	2.9967695715324796e-14
1067.9	0.001	7.161768336081745e-13	3.281509819682071e-14
1239.	0.001	6.712079136089478e-13	2.4728214090683327e-14
1239.	0.001	6.741396453864131e-13	3.5769491094422105e-14
1239.	0.001	6.65251508735929e-13	3.052885004869764e-14
1239.	0.001	6.682563098939376e-13	2.6887477926519884e-14
1340.1	0.001	6.591457680667074e-13	3.025450155587874e-14
1340.1	0.001	6.375553110162561e-13	2.880553973658276e-14
1340.1	0.001	6.351218703365831e-13	1.7549066315659213e-14
1340.1	0.001	6.38426738673084e-13	2.5699488118401803e-14
1412.6	0.001	6.246613964796274e-13	4.45499918835213e-14
1412.6	0.001	6.724467024636903e-13	5.686531572369065e-14
1412.6	0.001	5.699357075121953e-13	7.227516691929014e-14
1439.4	0.001	5.901063219890074e-13	2.7148589937379563e-14
1439.4	0.001	6.211719950241828e-13	2.5012050470774245e-14
1439.4	0.001	6.316543158222562e-13	2.854397584448414e-14
1439.4	0.001	6.121488918326825e-13	1.6914299443248548e-14
1539.6	0.001	6.00975915213737e-13	1.6605578681475264e-14
1539.6	0.001	5.880483928458533e-13	2.3691847201772286e-14
1539.6	0.001	5.918464778438985e-13	2.6778264416993737e-14
1539.6	0.001	5.846902708834949e-13	2.6904628351795506e-14
1681.3	0.001	5.792380292639893e-13	2.133991823798795e-14
1681.3	0.001	5.687390747923946e-13	3.054808838139222e-14
1681.3	0.001	5.545473917648233e-13	2.950335165256808e-14
1681.3	0.001	5.880483928458533e-13	2.3691847201772286e-14
1782.4	0.001	5.635191342833796e-13	2.595054152686121e-14
1782.4	0.001	5.531680231091801e-13	1.5284597767197925e-14
1782.4	0.001	5.342988836128776e-13	2.4221726123257723e-14
1782.4	0.001	5.516304953917713e-13	1.7802260098977012e-14
1883.5	0.001	5.416459084120938e-13	2.1841121350582656e-14
1883.5	0.001	5.430715686828008e-13	1.500562241371551e-14
1883.5	0.001	5.293531072519304e-13	2.400177814066751e-14
1883.5	0.001	5.331908239562095e-13	2.4582483372882097e-14
1986.3	0.001	5.318420438144969e-13	1.717390405423084e-14
1986.3	0.001	5.186446072489444e-13	2.3925762800796754e-14
1986.3	0.001	5.100245325140041e-13	2.3141829116929714e-14
1986.3	0.001	5.331593953206301e-13	1.4731738934356095e-14
2066.7	0.001	4.900588834467379e-13	4.175932103565538e-14
2066.7	0.001	4.950085111750386e-13	3.5384108965216556e-14
2066.7	0.001	4.628014018903138e-13	5.495326299429442e-14
2102.1	0.001	5.044952323682588e-13	1.858629175966413e-14
2102.1	0.001	5.044952323682588e-13	2.3286592557827123e-14
2102.1	0.001	5.174679620728713e-13	2.087617832460957e-14
2102.1	0.001	5.293531072519304e-13	2.818108572308834e-14
2204.1	0.001	4.952775768945609e-13	2.2870003741329815e-14
2204.1	0.001	5.044952323682588e-13	1.3939718819748096e-14
2204.1	0.001	4.98904551828874e-13	2.013500288921312e-14
2204.1	0.001	5.006265364791556e-13	2.2723483255990006e-14
2303.4	0.001	4.898743115975865e-13	1.9774355626487228e-14
2303.4	0.001	5.044952323682588e-13	1.858629175966413e-14
2303.4	0.001	4.952775768945609e-13	2.2870003741329815e-14
2303.4	0.001	4.959924506412104e-13	2.2517145307992402e-14
2406.2	0.001	4.810075199424554e-13	1.9420170023488455e-14
2406.2	0.001	4.64320935585164e-13	2.1469734061307335e-14
2406.2	0.001	4.686591126462786e-13	1.7266040280655532e-14
2406.2	0.001	4.519482048119961e-13	2.0554173454941137e-14
2523.7	0.001	4.907318728952656e-13	2.2664502997196286e-14
2523.7	0.001	4.680073416180787e-13	1.890075608500886e-14
2523.7	0.001	4.643624200112989e-13	1.7107744269530817e-14
2523.7	0.001	4.6043281245865e-13	2.8369548940286453e-14
2624.	0.001	4.517072547063598e-13	1.2481133052315358e-14
2624.	0.001	4.553585187911916e-13	1.839523962552912e-14
2624.	0.001	4.60059778270411e-13	2.127683930672991e-14
2624.	0.001	4.56170782741754e-13	2.074251664415732e-14
2724.2	0.001	4.4756597764144945e-13	1.2366705334993772e-14
2724.2	0.001	4.393318259931707e-13	2.0337987136296003e-14
2724.2	0.001	4.553585187911916e-13	1.839523962552912e-14
2724.2	0.001	4.778819927628469e-13	2.1710408527796242e-14
2826.1	0.001	4.3529959733675413e-13	2.0155245441738684e-14
2826.1	0.001	4.313770790006495e-13	1.5892519362571882e-14
2826.1	0.001	4.35032261984936e-13	1.7582589978090894e-14
2826.1	0.001	4.395143563475549e-13	1.9999384043127976e-14
2942.8	0.001	4.1942611254091923e-13	1.6958390344672383e-14
2942.8	0.001	4.2742219010971264e-13	1.5746815867101873e-14
2942.8	0.001	4.080921727182931e-13	2.2032606233124853e-14
2942.8	0.001	4.2742219010971264e-13	2.2822355473549768e-14
3043.9	0.001	4.1561294419545763e-13	1.3475139833667486e-14
3043.9	0.001	3.969588281178488e-13	1.841582672318967e-14
3043.9	0.001	4.196208558261261e-13	1.1594553061798724e-14
3043.9	0.001	4.080034777964559e-13	1.8592048673866288e-14
3144.1	0.001	4.156872128031199e-13	1.926590026361808e-14
3144.1	0.001	4.0809029338868484e-13	1.3235218757134688e-14
3144.1	0.001	4.1577374863870487e-13	1.1488253558807702e-14
3144.1	0.001	3.9677825657699065e-13	2.120812654259499e-14
3244.3	0.001	4.0444275954111974e-13	1.4900222334366475e-14
3244.3	0.001	4.0809029338868484e-13	1.6504843366396666e-14
3244.3	0.001	4.156872128031199e-13	1.926590026361808e-14
3244.3	0.001	4.080034777964559e-13	2.1799626288315465e-14
3322.9	0.001	4.0337062211793703e-13	2.5526530843879112e-14
3322.9	0.001	3.776482395323003e-13	3.238403084487687e-14
3322.9	0.001	4.0154762808507297e-13	4.448295313266156e-14
3356.6	0.001	3.931058119362076e-13	2.4261275760934106e-14
3356.6	0.001	3.9706084713983124e-13	1.4628262623289405e-14
3356.6	0.001	4.0063553295922787e-13	2.163624592523282e-14
3356.6	0.001	3.9706084713983124e-13	1.6063430863769926e-14
3457.7	0.001	3.9677825657699065e-13	2.120812654259499e-14
3457.7	0.001	3.755947079064259e-13	1.7445095168979424e-14
3457.7	0.001	3.89813669826301e-13	1.0770950052321331e-14
3457.7	0.001	3.9345101025017383e-13	1.5918933445315906e-14
3558.	0.001	3.78752113125659e-13	2.0257782388696026e-14
3558.	0.001	3.8281721954401053e-13	1.549319678075758e-14
3558.	0.001	3.8269876840799613e-13	1.0574358055334925e-14
3558.	0.001	3.8612921725766934e-13	1.7923896640657433e-14
3659.9	0.001	3.58197923730595e-13	1.917340702211468e-14
3659.9	0.001	3.690845487160262e-13	1.4943213333093633e-14
3659.9	0.001	3.653479411395652e-13	1.697910385594902e-14
3659.9	0.001	3.8269876840799613e-13	1.4099144073779899e-14
3773.1	0.001	3.6492218307686496e-13	2.253947283266098e-14
3773.1	0.001	3.6873219981299265e-13	1.9939122527672337e-14
3773.1	0.001	3.793368770950876e-13	1.8540888038643223e-14
3773.1	0.001	3.688561800942809e-13	1.3589164259104816e-14
3873.3	0.001	3.58197923730595e-13	1.917340702211468e-14
3873.3	0.001	3.7919016495772e-13	1.396988234202939e-14
3873.3	0.001	3.6240373440822883e-13	1.771914272853367e-14
3873.3	0.001	3.3936907429993067e-13	1.8375154120776726e-14
3973.5	0.001	3.78752113125659e-13	1.7283796528897554e-14
3973.5	0.001	3.688561800942809e-13	1.3589164259104816e-14
3973.5	0.001	3.4568542101468793e-13	1.6084142748001477e-14
3973.5	0.001	3.724708280358087e-13	1.5078850594188477e-14
4076.4	0.001	3.6492218307686496e-13	1.952824888540983e-14
4076.4	0.001	3.4568542101468793e-13	1.8711750277073093e-14
4076.4	0.001	3.4265499248741266e-13	1.262387680727916e-14
4076.4	0.001	3.5260905765704145e-13	1.428310418737013e-14
4191.3	0.001	3.451188367375308e-13	2.132884045132937e-14
4191.3	0.001	3.4940334953163303e-13	1.7088068470745198e-14
4191.3	0.001	3.4902542451723077e-13	1.2858572203280205e-14
4191.3	0.001	3.619947435092885e-13	1.9580438834208493e-14
4292.4	0.001	3.294393433477009e-13	1.765475983861869e-14
4292.4	0.001	3.1890627399602914e-13	1.2931759605182215e-14
4292.4	0.001	3.30110595202555e-13	1.5374485563287453e-14
4292.4	0.001	3.4265499248741266e-13	1.262387680727916e-14
4394.3	0.001	3.3562373314109464e-13	1.798148462926169e-14
4394.3	0.001	3.5538072098761954e-13	1.6525563880559707e-14
4394.3	0.001	3.368693230031792e-13	1.647947675556064e-14
4394.3	0.001	3.2723297716415476e-13	1.2055708749526634e-14
4496.3	0.001	3.5159756933133293e-13	1.6067618981314278e-14
4496.3	0.001	3.3026082666771534e-13	1.2167258850829575e-14
4496.3	0.001	3.368693230031792e-13	1.3652178355500462e-14
4496.3	0.001	3.240788309256768e-13	1.755994294580332e-14
4617.2	0.001	3.4834330177054884e-13	2.7516949836458194e-14
4617.2	0.001	3.212603021310324e-13	1.4794584079058817e-14
4617.2	0.001	3.4568542101468793e-13	2.149133110764385e-14
4617.2	0.001	3.218321773543204e-13	2.7052666012170182e-14
4714.8	0.001	3.4834330177054884e-13	1.8653210767426135e-14
4714.8	0.001	3.2708080923438987e-13	1.7720041403918598e-14
4714.8	0.001	3.153966407045465e-13	1.1619641986772284e-14
4714.8	0.001	3.4940334953163303e-13	2.0100175129466284e-14
4815.9	0.001	3.294393433477009e-13	2.3171934623031122e-14
4815.9	0.001	3.368693230031792e-13	1.9382871515101286e-14
4815.9	0.001	3.06801206507608e-13	1.1302974479261179e-14
4815.9	0.001	3.1523749177826955e-13	1.961986251532134e-14
4917.9	0.001	3.203756227945186e-13	1.9815222729680983e-14
4917.9	0.001	2.9915610011249775e-13	1.9841925188008744e-14
4917.9	0.001	3.094777731423485e-13	2.447746104352071e-14
4917.9	0.001	3.3026082666771534e-13	1.520907356353697e-14
4997.4	0.001	3.2844742667605524e-13	2.6023194236353972e-14
4997.4	0.001	3.2263647454837833e-13	2.0475818302894148e-14
4997.4	0.001	3.1693796375706184e-13	3.0296558014430856e-14
90301.	0.001	1.5662354835143015e-13	5.7702249284461144e-15
90301.	0.001	1.670920776827355e-13	7.746801473906987e-15
90301.	0.001	1.684014626638899e-13	9.219591158981455e-15
90301.	0.001	1.4146579943495214e-13	5.7872403994780475e-15
90323.4	0.001	2.0449893967429554e-13	1.3055025405532944e-14
90323.4	0.001	2.6516259600711365e-13	1.948954342780645e-14
90323.4	0.001	2.232981171443095e-13	1.6977380059162753e-14
176419.3	0.001	7.262776067989658e-14	3.594317826093061e-15
176419.3	0.001	9.956370649453731e-14	5.496973296054904e-15
176419.3	0.001	9.387740053860393e-14	5.122007639806213e-15
176419.3	0.001	8.686744640739503e-14	3.200315086756434e-15
176442.6	0.001	1.421460049308118e-13	1.0668450326465696e-14
176442.6	0.001	1.2258029359966206e-13	6.910286935303995e-15
176442.6	0.001	1.5437432039865598e-13	1.1885256036162667e-14
262409.8	0.001	5.739275233205855e-14	2.1144271963211093e-15
262409.8	0.001	6.822203241822595e-14	3.286435984506545e-15
262409.8	0.001	4.85936869148773e-14	2.0117898908067127e-15
262409.8	0.001	7.102352999264266e-14	3.890871394470569e-15
262434.	0.001	9.623810340965713e-14	5.447903613611052e-15
262434.	0.001	1.1910967977149195e-13	8.99239388557925e-15
262434.	0.001	9.436884844845298e-14	9.256621982342324e-15
434653.3	0.001	2.9632687975314754e-14	1.8813511482837825e-15
434653.3	0.001	2.6392604347494368e-14	1.6937345440073217e-15
434653.3	0.001	2.2638989929763054e-14	8.340512357340326e-16
434653.3	0.001	2.13600490632268e-14	1.0674325231022397e-15
434677.5	0.001	3.004774245112941e-14	2.9470666970083142e-15
434677.5	0.001	3.035488893577037e-14	2.4870507065917047e-15
522187.8	0.001	1.4957432223727114e-14	9.643413208604167e-16
522187.8	0.001	1.9113131385609774e-14	2.038813786167777e-15
522187.8	0.001	1.53118844742336e-14	1.6379390989094717e-15
522187.8	0.001	1.2691584409929209e-14	1.4158226876810752e-15
522211.1	0.001	1.802671716544698e-14	1.6370456696520524e-15
780505.6	0.001	5.739275036284486e-15	7.929101714147226e-16
780505.6	0.001	4.7002724899679286e-15	1.1037369118347286e-15
780505.6	0.001	4.864540643983052e-15	1.3370418134287942e-15
780505.6	0.001	7.394170132745999e-15	1.253526351808306e-15
1.9012933e6	0.001	2.3214612113302438e-15	3.6420317000709724e-16
1.9012933e6	0.001	2.392528014748221e-15	5.068279539928707e-16
2.4184846e6	0.001	1.5674923465264318e-15	2.743625996425866e-16
2.4184846e6	0.001	1.5807275737561713e-15	3.6397598521967087e-16
5.1850714e6	0.001	1.0019605584001825e-15	2.208652991830186e-16
5.1850714e6	0.001	1.2789601936071067e-15	2.591524989777207e-16