read serr 1
read terr 2
log x
ma 17 on 2
ma 31 on 3
    108.4068    10.0000  1.48113e+01   5.18825e-02 -4.95159e-02 no
    128.4068    10.0000  1.49585e+01   5.36510e-02 -5.11242e-02 no
    153.4068    15.0000  1.51607e+01   4.59716e-02 -4.41039e-02 no
    183.4068    15.0000  1.54413e+01   5.02190e-02 -4.79985e-02 no
    218.4068    20.0000  1.55544e+01   4.48364e-02 -4.30581e-02 no
    243.2889     4.8820  1.55587e+01   9.24110e-02 -8.51588e-02 no
    340.7023    30.0000  1.58625e+01   9.97724e-02 -9.13706e-02 no
    410.7023    40.0000  1.63017e+01   1.08984e-01 -9.90352e-02 no
    500.7023    50.0000  1.63491e+01   9.96864e-02 -9.12985e-02 no
    606.3206    55.6183  1.65309e+01   7.75480e-02 -7.23765e-02 no
    764.3011    72.6101  1.66957e+01   7.90202e-02 -7.36572e-02 no
    955.1071    87.8933  1.68247e+01   5.72555e-02 -5.43868e-02 no
   1170.4937    96.9422  1.70414e+01   8.29225e-02 -7.70362e-02 no
   1431.2514   134.1620  1.72970e+01   7.54357e-02 -7.05333e-02 no
   1754.0417   158.3131  1.74470e+01   7.68687e-02 -7.17845e-02 no
   2151.8998   208.2370  1.76848e+01   8.35717e-02 -7.75962e-02 no
   2424.5401    59.6183  1.77665e+01   1.31115e-01 -1.16974e-01 no
   7300.3610   346.5050  1.90272e+01   1.41760e-01 -1.25370e-01 no
  13718.4293   332.7927  1.95635e+01   1.07561e-01 -9.78589e-02 no
  21824.5592  2081.0551 no         no         no          1.79850e+01
  24750.5340   838.3324  2.09321e+01   5.32625e-01 -3.55755e-01 no
  32928.1103  3285.9373  2.06219e+01   4.48994e-01 -3.16703e-01 no
  38661.5822  2443.6865 no         no         no          1.96110e+01
  49402.3392  3269.8639 no         no         no          1.99414e+01
  63756.5212  6050.4583 no         no         no          1.99239e+01
  81379.9879  6246.8823 no         no         no          2.12741e+01
  98817.0516  6509.8386 no         no         no          2.07574e+01
 171199.9972 15306.9781 no         no         no          2.18312e+01
 194002.4117  3484.5707 no         no         no          2.15417e+01
