1.35084875	55.5832129	0	0	0.72	0.3399
2.280820718	124.8957242	60.8418714	118.6328263	0.72	0.3399
10.00676946	449.7279124	106.9999008	140.4053371	0.72	0.3399
15.59068945	291.4401408	73.39371626	98.09780209	0.72	0.3399
16.15033241	259.9855466	109.6892351	189.7426188	0.72	0.3399
24.54820091	92.07600099	53.33756184	126.77613	0.72	0.3399
27.42850183	113.4872975	58.15936122	119.2950465	0.72	0.3399
39.16133682	60.10964724	43.85670446	162.198998	0.72	0.3399
50.85960922	31.4295537	28.56374127	313.2604321	0.72	0.3399
62.54272826	24.78191485	23.38256928	414.0970275	0.72	0.3399
101.0798752	15.12602245	0.152482811	0.154035617	0.72	0.3399
103.1251287	14.28219178	0.117907595	0.118889092	0.72	0.3399
107.8725182	14.28641338	0.144019365	0.145485989	0.72	0.3399
111.6494473	13.36573889	0.110342245	0.111260769	0.72	0.3399
114.6650323	13.28376355	0.13391242	0.135276126	0.72	0.3399
120.1661569	12.88225443	0.118113507	0.119206475	0.72	0.3399
121.4574174	13.04129096	0.131468242	0.13280706	0.72	0.3399
128.249738	12.46577249	0.125666894	0.126946638	0.72	0.3399
128.682673	12.41625789	0.113841219	0.114894657	0.72	0.3399
134.9673235	12.17078057	0.122693305	0.123942769	0.72	0.3399
137.1990602	12.03343788	0.110331513	0.111352475	0.72	0.3399
141.7595152	11.62296442	0.117171199	0.118364431	0.72	0.3399
146.0138721	11.26127283	0.103252263	0.104207722	0.72	0.3399
148.5515779	11.3898031	0.125201566	0.126593131	0.72	0.3399
154.9107701	10.97454613	0.100623536	0.101554672	0.72	0.3399
155.3436406	11.11003299	0.122126456	0.123483846	0.72	0.3399
163.4268993	10.47092017	0.096006267	0.09689468	0.72	0.3399
165.6121442	10.25445058	0.103376275	0.104429036	0.72	0.3399
172.2489977	10.33675828	0.094776261	0.095653293	0.72	0.3399
175.1673432	9.865313447	0.09945369	0.100466508	0.72	0.3399
184.4835059	9.289237624	0.076690556	0.077328973	0.72	0.3399
185.0209669	9.266341733	0.093415916	0.094367252	0.72	0.3399
194.4637731	9.036055475	0.074600529	0.075221548	0.72	0.3399
194.8818127	8.890097346	0.089623291	0.090536008	0.72	0.3399
204.1602532	8.709179798	0.071902155	0.072500714	0.72	0.3399
204.4289514	8.482119613	0.085510791	0.08638163	0.72	0.3399
214.1401979	8.340176864	0.068856022	0.069429226	0.72	0.3399
214.2819948	8.167753238	0.082341905	0.083180476	0.72	0.3399
223.8363555	7.884470571	0.065094148	0.065636038	0.72	0.3399
223.8438355	7.707255148	0.077699987	0.078491289	0.72	0.3399
233.5547596	7.508791487	0.061992907	0.062508983	0.72	0.3399
233.689141	7.421603912	0.074820558	0.07558254	0.72	0.3399
235.73433	7.283974697	0.013407149	0.013431872	0.72	0.3399
243.2283484	7.270567796	0.066665273	0.067282197	0.72	0.3399
243.2507238	6.945350133	0.070019816	0.070732913	0.72	0.3399
252.7972822	6.706441313	0.06761156	0.068300133	0.72	0.3399
252.9241836	6.936904706	0.063606237	0.064194856	0.72	0.3399
257.7040078	6.069565193	0.289211434	0.3036817	0.72	0.3399
262.6498097	6.493669909	0.071385467	0.072178936	0.72	0.3399
262.9036125	6.527729965	0.059854904	0.060408812	0.72	0.3399
263.5007198	5.931385191	0.010917943	0.010938077	0.72	0.3399
272.2037191	6.299242688	0.069248411	0.070018129	0.72	0.3399
272.8978724	6.308993682	0.057849521	0.058384874	0.72	0.3399
281.7574995	5.977023681	0.065706726	0.066437083	0.72	0.3399
282.8845878	5.964258971	0.054688977	0.055195086	0.72	0.3399
289.4751429	5.925923879	0.01090789	0.010928006	0.72	0.3399
291.3112799	5.697466135	0.062633956	0.063330164	0.72	0.3399
292.8786542	5.796349773	0.053149575	0.053641439	0.72	0.3399
300.8649959	5.486294298	0.06031285	0.060983262	0.72	0.3399
302.8578252	5.581513461	0.051179946	0.051653586	0.72	0.3399
310.717201	5.29269028	0.058184847	0.058831609	0.72	0.3399
312.6950704	5.399451002	0.049510792	0.049968987	0.72	0.3399
317.4192462	5.040490082	0.182351602	0.189196221	0.72	0.3399
320.2708525	5.176960132	0.056912792	0.057545416	0.72	0.3399
321.7350549	5.171626361	0.191684542	0.199062733	0.72	0.3399
322.3830387	5.170664799	0.047413268	0.047852056	0.72	0.3399
329.824375	4.989671708	0.054854205	0.05546395	0.72	0.3399
332.2202839	5.020466904	0.046036251	0.046462297	0.72	0.3399
335.327305	4.678070134	0.127514745	0.131087938	0.72	0.3399
339.3779619	4.844730423	0.053261077	0.053853117	0.72	0.3399
342.2066769	4.942456737	0.045321051	0.045740479	0.72	0.3399
348.9314844	4.579994205	0.050351217	0.050910917	0.72	0.3399
352.3423467	4.702608457	0.043122112	0.043521194	0.72	0.3399
353.9852944	4.211699998	0.114804867	0.118021976	0.72	0.3399
362.0227062	4.574424673	0.041946918	0.042335126	0.72	0.3399
367.4390363	4.41836702	0.044547286	0.045000999	0.72	0.3399
371.7104811	4.396762516	0.040318103	0.04069124	0.72	0.3399
371.8933532	4.381885736	0.158529243	0.164479847	0.72	0.3399
385.7661019	4.207647377	0.15222687	0.157940956	0.72	0.3399
391.7723173	4.191105802	0.034605304	0.034893413	0.72	0.3399
399.0220118	4.036950168	0.040702523	0.041117086	0.72	0.3399
423.0551271	3.808195193	0.03144437	0.031706169	0.72	0.3399
430.6030528	3.767440729	0.037985814	0.038372713	0.72	0.3399
446.5259557	3.423228936	0.09331685	0.095931944	0.72	0.3399
453.86599	3.580244057	0.029562629	0.029808765	0.72	0.3399
462.2571523	3.525650649	0.035548523	0.035910603	0.72	0.3399
465.1691141	3.236154955	8.82E-02	0.090690827	0.72	0.3399
485.0264121	3.316682601	0.027386928	0.027614954	0.72	0.3399
493.9100267	3.25709247	0.032841404	0.033175918	0.72	0.3399
516.1335718	3.147005664	0.025986244	0.026202611	0.72	0.3399
517.4714531	2.942860071	0.093382112	0.096442398	0.72	0.3399
525.4871343	3.000680697	0.030256723	0.030564918	0.72	0.3399
539.0775789	2.995156644	0.4105162	0.475718133	0.72	0.3399
547.2920594	2.966811437	2.45E-02	2.47E-02	0.72	0.3399
557.1380742	2.847165578	0.031304778	0.031652802	0.72	0.3399
574.4860387	2.766179386	5.09E-03	5.10E-03	0.72	0.3399
578.1287798	2.804673354	0.02572179	0.025959869	0.72	0.3399
581.3735353	2.706372355	1.22E-01	1.28E-01	0.72	0.3399
588.7136342	2.711476348	2.98E-02	3.01E-02	0.72	0.3399
594.2983924	2.618186966	7.14E-02	7.34E-02	0.72	0.3399
608.920169	2.602983628	2.39E-02	2.41E-02	0.72	0.3399
620.6617736	2.509540243	2.76E-02	2.79E-02	0.72	0.3399
640.0095959	2.420248973	0.022197389	0.022402857	0.72	0.3399
648.7770132	2.322638221	0.084044267	0.087199569	0.72	0.3399
652.3108435	2.370199818	0.026062204	0.026351964	0.72	0.3399
667.444675	2.209901621	0.060250333	0.061939027	0.72	0.3399
670.8372888	2.309150486	0.02117884	0.021374884	0.72	0.3399
683.8847914	2.234471895	0.024570351	0.024843532	0.72	0.3399
701.9407084	2.150996623	0.019728887	0.019911514	0.72	0.3399
715.234405	2.096830651	0.023057468	0.023313835	0.72	0.3399
733.0662455	2.027816425	0.018599575	0.018771754	0.72	0.3399
747.1061972	1.987710228	0.021858073	0.022101111	0.72	0.3399
758.4422718	2.002333975	0.063546626	0.065629461	0.72	0.3399
763.930242	1.927607327	0.017680863	0.017844541	0.72	0.3399
778.4552304	1.851563217	0.020361618	0.020588024	0.72	0.3399
795.2044111	1.812197774	0.016622793	0.016776681	0.72	0.3399
803.5541112	1.788968841	0.003295089	0.00330117	0.72	0.3399
810.1024948	1.782913923	0.019607062	0.019825083	0.72	0.3399
822.4088365	1.695862623	0.043198225	0.044327363	0.72	0.3399
826.418676	1.743399995	0.015992059	0.016140111	0.72	0.3399
836.8593477	1.591856578	0.0576112	0.059774511	0.72	0.3399
842.0555994	1.682353316	0.018501755	0.018707491	0.72	0.3399
857.319234	1.686512019	0.015470516	0.015613742	0.72	0.3399
871.0238125	1.738586954	0.009586621	0.009639775	0.72	0.3399
873.7696031	1.596263637	0.017555506	0.017750727	0.72	0.3399
886.3754011	1.558299834	0.042492398	0.043683581	0.72	0.3399
888.4211705	1.59873564	0.014665789	0.014801569	0.72	0.3399
892.0820957	1.591856578	0.04340691	0.044623714	0.72	0.3399
905.3416165	1.561345862	0.0185941	0.018818207	0.72	0.3399
909.9953131	1.514576969	0.041300831	0.04245863	0.72	0.3399
919.2691108	1.547991617	0.015613399	0.015772484	0.72	0.3399
927.657307	1.60611924	0.010327855	0.010394696	0.72	0.3399
937.2866608	1.478716982	0.017610658	0.017822919	0.72	0.3399
948.8008359	1.38761065	0.050223434	0.052109494	0.72	0.3399
950.2774834	1.517308241	0.048160586	0.049739353	0.72	0.3399
950.3259097	1.471483554	0.014842192	0.014993424	0.72	0.3399
966.7140533	1.399168324	0.050641485	0.052543234	0.72	0.3399
968.6344688	1.422573062	0.016942437	0.017146649	0.72	0.3399
981.3108751	1.35350697	0.036911235	0.037946055	0.72	0.3399
981.5317919	1.416919367	0.014292182	0.014437813	0.72	0.3399
985.3688186	1.294933221	0.046871205	0.048631462	0.72	0.3399
999.9821479	1.372348704	0.016344672	0.016541683	0.72	0.3399
1003.282036	1.286605515	0.03508799	0.036071729	0.72	0.3399
1012.73761	1.364377235	0.013762554	0.013902792	0.72	0.3399
1021.943249	1.28779191	0.035120323	0.036104968	0.72	0.3399
1031.926741	1.32389641	0.015767999	0.015958064	0.72	0.3399
1039.856467	1.248061495	0.034037561	0.034991872	0.72	0.3399
1044.085095	1.306537022	0.013179523	0.013313824	0.72	0.3399
1063.572716	1.297322447	0.015451718	0.015637974	0.72	0.3399
1075.365261	1.254611559	0.012656113	0.012785085	0.72	0.3399
1077.153101	1.253826465	0.045384335	0.047088792	0.72	0.3399
1095.079215	1.163625303	0.042121677	0.043703692	0.72	0.3399
1095.143891	1.219631545	0.014527052	0.014702169	0.72	0.3399
1107.093193	1.219270911	0.01229988	0.012425224	0.72	0.3399
1113.740428	1.117375613	0.040448784	0.041968018	0.72	0.3399
1126.715066	1.191848748	0.014196385	0.01436752	0.72	0.3399
1131.653646	1.10000242	3.98E-02	4.13E-02	0.72	0.3399
1138.223953	1.191496318	0.012019912	0.012142405	0.72	0.3399
1146.898387	1.014928333	1.87E-03	0.001874827	0.72	0.3399
1148.431973	1.167795401	3.39E-02	3.50E-02	0.72	0.3399
1149.560415	1.196251118	0.032625589	0.033540341	0.72	0.3399
1158.509995	1.167923499	0.013911631	0.014079336	0.72	0.3399
1168.969625	1.086899369	2.96E-02	0.030476721	0.72	0.3399
1169.347105	1.164353949	0.011746317	0.011866025	0.72	0.3399
1190.155583	1.123572561	0.013383774	0.013545121	0.72	0.3399
1200.552342	1.11190867	0.011217671	0.011331996	0.72	0.3399
1205.537607	1.042735205	0.037748974	0.039166889	0.72	0.3399
1212.398537	1.089864023	0.041388412	0.043022213	0.72	0.3399
1221.875713	1.097976337	0.013079133	0.01323681	0.72	0.3399
1224.198821	1.004059692	0.036350046	0.037715461	0.72	0.3399
1231.376811	1.108838101	0.011186719	0.011300729	0.72	0.3399
1242.10559	0.982088859	0.035555341	0.036890933	0.72	0.3399
1252.853262	1.149425004	0.009496357	0.009575468	0.72	0.3399
1253.521171	1.065079281	0.012687598	0.012840559	0.72	0.3399
1260.025256	0.949154512	0.034364077	0.035654963	0.72	0.3399
1262.432642	1.065746268	0.011724392	0.011854808	0.72	0.3399
1276.365102	0.988154472	0.026067887	0.0267742	0.72	0.3399
1278.667124	1.032215082	0.028155168	0.028944676	0.72	0.3399
1285.091895	1.033167053	0.013248401	0.013420494	0.72	0.3399
1293.861569	1.030958996	0.011342036	0.011468202	0.72	0.3399
1297.334786	0.982088859	0.026789095	0.027540331	0.72	0.3399
1316.961173	1.008698401	0.012934923	0.013102947	0.72	0.3399
1325.066549	1.030958996	0.011342036	0.011468202	0.72	0.3399
1333.902769	1.014293122	0.036720198	0.038099504	0.72	0.3399
1340.363908	0.936016509	0.026372508	0.027137103	0.72	0.3399
1348.531767	0.995763668	0.012769211	0.012935084	0.72	0.3399
1352.570431	0.941311725	0.042405889	0.044406387	0.72	0.3399
1355.860969	0.997306249	0.01097215	0.011094206	0.72	0.3399
1371.263885	0.946533019	0.034269255	0.035556582	0.72	0.3399
1380.184448	0.982994655	0.012605621	0.012769372	0.72	0.3399
1386.983733	0.979086847	0.010771897	0.010891727	0.72	0.3399
1389.886409	0.889834714	0.032218428	0.033428791	0.72	0.3399
1404.330472	0.940405301	0.034882813	0.036226579	0.72	0.3399
1407.793179	0.950029949	0.025915406	0.026642164	0.72	0.3399
1411.822169	0.938711885	0.012038296	0.012194684	0.72	0.3399
1418.218375	0.956779515	0.010526712	0.010643817	0.72	0.3399
1426.454392	0.955299557	0.026059016	0.026789798	0.72	0.3399
1443.243423	0.930097422	0.011927934	0.012082889	0.72	0.3399
1449.199213	0.934979956	1.11E-02	1.13E-02	0.72	0.3399
1468.232555	0.855782483	2.26E-02	2.32E-02	0.72	0.3399
1474.589941	0.916478262	0.011753453	0.011906144	0.72	0.3399
1480.321848	0.897810997	0.010696813	0.010825795	0.72	0.3399
1481.683588	0.890655497	0.040125987	0.042019037	0.72	0.3399
1499.590357	0.871163936	0.039248725	0.041100431	0.72	0.3399
1506.235013	0.888195418	0.011391111	0.0115391	0.72	0.3399
1511.220601	0.881407587	0.010501586	0.010628216	0.72	0.3399
1532.166878	0.820244865	0.021642415	0.022228932	0.72	0.3399
1537.656073	0.869559004	0.011152354	0.011297244	0.72	0.3399
1542.313252	0.86690065	0.010328929	0.01045348	0.72	0.3399
1569.002527	0.853671252	0.01094881	0.011091059	0.72	0.3399
1573.853734	0.859736879	0.010243668	0.010367192	0.72	0.3399
1596.06896	0.783432948	0.020672191	0.021232445	0.72	0.3399
1600.572864	0.839620359	0.010768799	0.010908712	0.72	0.3399
1604.677751	0.827080018	0.009854998	0.00997384	0.72	0.3399
1612.976252	0.830136054	0.001531698	0.001534529	0.72	0.3399
1632.441626	0.806238633	0.011074647	0.011228889	0.72	0.3399
1635.770337	0.821758976	0.009791669	0.009909748	0.72	0.3399
1660.035525	0.765631485	0.026363764	0.027303949	0.72	0.3399
1663.788015	0.799575629	0.01098323	0.0111362	0.72	0.3399
1667.153998	0.802292752	0.009559989	0.009675278	0.72	0.3399
1695.5075	0.777760317	0.010683921	0.010832728	0.72	0.3399
1698.059972	0.784009744	0.009342392	0.00945506	0.72	0.3399
1723.937607	0.722901431	0.01777751	0.018225714	0.72	0.3399
1727.152314	0.763548078	0.010488928	0.010635022	0.72	0.3399
1728.958467	0.760511862	0.009062731	0.00917203	0.72	0.3399
1758.797128	0.755145552	0.010373645	0.010518135	0.72	0.3399
1760.237537	0.765436755	0.009121345	0.009231351	0.72	0.3399
1787.83969	0.686010389	0.018720189	0.019245366	0.72	0.3399
1790.143389	0.742714612	0.010203091	0.010345209	0.72	0.3399
1791.43452	0.737037445	0.008783349	0.008889284	0.72	0.3399
1821.564255	0.729142029	0.010016874	0.010156402	0.72	0.3399
1822.564313	0.730945702	0.008710848	0.00881591	0.72	0.3399
1825.030508	0.767557162	0.009146581	0.00925689	0.72	0.3399
1851.774013	0.696255612	0.024597376	0.025498178	0.72	0.3399
1853.20894	0.704032871	0.009672376	0.009807112	0.72	0.3399
1853.686626	0.728926314	0.009350669	0.009472178	0.72	0.3399
1884.85369	0.697569964	0.009583705	0.009717207	0.72	0.3399
1884.891025	0.702527609	0.00901247	0.009129591	0.72	0.3399
1915.708336	0.638273939	0.016846355	0.017303045	0.72	0.3399
1915.983418	0.696078501	0.00892985	0.009045898	0.72	0.3399
1916.722258	0.685453232	0.009417464	0.009548653	0.72	0.3399
1947.113147	0.668397592	0.008575226	0.008686672	0.72	0.3399
1948.672977	0.672305451	0.009237076	0.009365756	0.72	0.3399
1978.272666	0.684618743	0.008783037	0.00889718	0.72	0.3399
1980.235511	0.669212328	0.009194639	0.009322728	0.72	0.3399
2009.469521	0.651357647	0.008949674	0.009074356	0.72	0.3399
2012.17875	0.650949774	0.008944078	0.009068682	0.72	0.3399
2040.56933	0.650157242	0.008933204	0.009057657	0.72	0.3399
2043.524817	0.636111754	0.009318862	0.009457411	0.72	0.3399
2043.544742	0.6119149	0.018892926	0.019494831	0.72	0.3399
2071.422815	0.630666485	0.008665793	0.008786526	0.72	0.3399
2075.020161	0.636698737	0.009327449	0.009466125	0.72	0.3399
2083.181701	0.63124845	0.001166384	0.001168543	0.72	0.3399
2102.515144	0.637097693	0.008754029	0.008875989	0.72	0.3399
2106.366228	0.621038392	0.009098371	0.009233646	0.72	0.3399
2107.479066	0.582033139	0.015364067	0.015780632	0.72	0.3399
2133.346254	0.626029998	0.008602181	0.008722029	0.72	0.3399
2138.010849	0.615336386	0.009014962	0.009149	0.72	0.3399
2164.804263	0.602241091	0.008823406	0.008954599	0.72	0.3399
2169.655405	0.617041475	0.009039904	0.009174312	0.72	0.3399
2196.157746	0.596711419	0.008742519	0.008872512	0.72	0.3399
2201.225355	0.605204182	0.00886675	0.008998587	0.72	0.3399
2227.429142	0.605025089	0.00886413	0.008995928	0.72	0.3399
2232.571357	0.596888056	0.008745103	0.008875134	0.72	0.3399
2235.379954	0.557478882	0.018210575	0.018825529	0.72	0.3399
2258.260188	0.596711419	0.008742519	0.008872512	0.72	0.3399
2264.215913	0.585977106	0.008585499	0.008713161	0.72	0.3399
2289.307637	0.585263565	0.008575062	0.008702568	0.72	0.3399
2295.561916	0.567359951	0.008313171	0.00843679	0.72	0.3399
2299.37876	0.541123945	0.014285864	0.014673243	0.72	0.3399
2320.586449	0.585263565	0.008575062	0.008702568	0.72	0.3399
2327.206472	0.561631715	0.00822938	0.008351756	0.72	0.3399
2351.633897	0.568763922	0.008850443	0.00899034	0.72	0.3399
2358.776358	0.556987951	0.008667503	0.008804514	0.72	0.3399
2363.313083	0.536749495	0.016575608	0.017103798	0.72	0.3399
2382.61422	0.545132582	0.008483331	0.008617435	0.72	0.3399
2390.719338	0.538793089	0.008384848	0.008517398	0.72	0.3399
2413.967638	0.542623768	0.008444357	0.008577846	0.72	0.3399
2422.139947	0.543786854	0.008462426	0.0085962	0.72	0.3399
2427.215165	0.537281601	0.01898836	0.019684024	0.72	0.3399
2429.883641	0.577221034	0.01263921	0.012922162	0.72	0.3399
2445.321056	0.554772142	0.008633081	0.008769548	0.72	0.3399
2454.082992	0.542784419	0.008446853	0.008580381	0.72	0.3399
2476.219164	0.539628403	0.008397825	0.00853058	0.72	0.3399
2485.578207	0.533845109	0.008307982	0.008439319	0.72	0.3399
2491.117248	0.523446467	0.013349553	0.013698919	0.72	0.3399
2507.311364	0.531230875	0.00826737	0.008398066	0.72	0.3399
2517.148028	0.536808426	0.008354016	0.00848608	0.72	0.3399
2538.440899	0.529762558	0.00824456	0.008374896	0.72	0.3399
2549.091009	0.510247973	0.007941404	0.008066957	0.72	0.3399
2550.724091	0.526838073	0.000974819	0.000976626	0.72	0.3399
2555.245018	0.506907387	0.025970828	0.027373267	0.72	0.3399
2569.570369	0.507749098	0.007902585	0.008027525	0.72	0.3399
2580.436947	0.511190418	0.007956045	0.008081828	0.72	0.3399
2600.69236	0.510096938	0.007939058	0.008064574	0.72	0.3399
2612.088854	0.514028194	0.008000129	0.008126608	0.72	0.3399
2619.211583	0.486772699	0.015469936	0.015977717	0.72	0.3399
2631.926356	0.52007679	0.008094093	0.008222055	0.72	0.3399
2643.949749	0.515452973	0.008490205	0.008632392	0.72	0.3399
2663.27971	0.500770103	0.007794168	0.007917397	0.72	0.3399
2675.594176	0.502306887	0.008274068	0.008412642	0.72	0.3399
2683.178148	0.48440864	0.012355699	0.012679102	0.72	0.3399
2694.483787	0.49708721	0.007736955	0.007859281	0.72	0.3399
2697.75498	0.521999694	0.012843182	0.013167144	0.72	0.3399
2707.38788	0.491759076	0.008100651	0.008236326	0.72	0.3399
2725.299808	0.486199962	0.008009253	0.0081434	0.72	0.3399
2738.733754	0.491305526	0.008093194	0.008228744	0.72	0.3399
2747.176954	0.466510712	0.021036401	0.022029792	0.72	0.3399
2756.280002	0.477749952	0.007870325	0.008002151	0.72	0.3399
2770.30351	0.483212629	0.007960138	0.008093464	0.72	0.3399
2787.558685	0.475989767	0.007841386	0.007972728	0.72	0.3399
2801.873331	0.480988313	0.007923567	0.008056283	0.72	0.3399
2811.111277	0.482301646	0.015328106	0.015831241	0.72	0.3399
2818.688091	0.482624033	0.007950461	0.008083625	0.72	0.3399
2833.741577	0.475691558	0.007836483	0.007967743	0.72	0.3399
2849.966838	0.480402418	0.007913935	0.008046489	0.72	0.3399
2865.46061	0.46613159	0.007679308	0.00780794	0.72	0.3399
2874.948877	0.426877016	0.015472908	0.016054844	0.72	0.3399
2880.864881	0.471617575	0.007769503	0.007899643	0.72	0.3399
2887.060739	0.495255917	0.013076968	0.013431623	0.72	0.3399
2897.030367	0.457185105	0.007532219	0.007658393	0.72	0.3399
2911.762924	0.462993068	0.008047717	0.008190076	0.72	0.3399
2928.898677	0.45972361	0.007573954	0.007700826	0.72	0.3399
2938.8832	0.441381128	0.015997529	0.016599152	0.72	0.3399
2943.190884	0.468148694	0.007712471	0.007841658	0.72	0.3399
2960.55052	0.45048394	0.007830728	0.007969257	0.72	0.3399
2974.32029	0.454945637	0.007908122	0.008048017	0.72	0.3399
2991.888914	0.455500545	0.007504523	0.007630234	0.72	0.3399
3002.753041	0.427774705	0.019293008	0.020204236	0.72	0.3399
3005.516887	0.46171304	0.008025513	0.00816748	0.72	0.3399
3023.757159	0.450899877	0.007428884	0.00755333	0.72	0.3399
3036.608958	0.452433465	0.007864545	0.008003671	0.72	0.3399
3055.401522	0.429374765	0.007464559	0.007596625	0.72	0.3399
3066.719606	0.432029824	0.013733402	0.014184293	0.72	0.3399
3067.618942	0.441298904	0.008071398	0.008221775	0.72	0.3399
3083.679967	0.46171304	0.012607551	0.012961477	0.72	0.3399
3087.045885	0.43737426	0.007603322	0.007737836	0.72	0.3399
3098.972231	0.44910542	0.007806815	0.007944922	0.72	0.3399
3118.540971	0.425822789	0.007402945	0.007533923	0.72	0.3399
3130.101637	0.443340024	0.008108651	0.00825972	0.72	0.3399
3130.653929	0.421474982	0.01677443	0.017469714	0.72	0.3399
3150.409216	0.425822789	0.007402945	0.007533923	0.72	0.3399
3162.880375	0.433227775	0.007924091	0.00807173	0.72	0.3399
3181.904302	0.42739781	0.007430266	0.007561726	0.72	0.3399
3194.084387	0.422175082	0.007722368	0.007866256	0.72	0.3399
3194.556012	0.419950421	0.015222369	0.015794903	0.72	0.3399
3204.92111	0.425696697	0.002742797	0.002760583	0.72	0.3399
3213.548665	0.423862154	0.007368936	0.007499313	0.72	0.3399
3224.907824	0.419069174	0.007665682	0.007808517	0.72	0.3399
3245.491581	0.430962896	0.007492107	0.007624659	0.72	0.3399
3255.813283	0.431631318	0.007894954	0.008042051	0.72	0.3399
3258.522576	0.411783655	0.011246868	0.011562675	0.72	0.3399
3277.135879	0.422300131	0.00734184	0.007471739	0.72	0.3399
3287.084421	0.425303966	0.007779473	0.007924423	0.72	0.3399
3308.713051	0.419193304	0.007287948	0.007416896	0.72	0.3399
3318.213827	0.417139569	0.008008259	0.008165012	0.72	0.3399
3322.392417	0.398766645	0.015165011	0.015764533	0.72	0.3399
3340.573817	0.418420167	0.007274537	0.007403248	0.72	0.3399
3349.089431	0.402761391	0.007732848	0.007884222	0.72	0.3399
3349.171001	0.430040728	0.012901012	0.013300006	0.72	0.3399
3371.994232	0.418806557	0.007660889	0.007803634	0.72	0.3399
3380.166541	0.398692344	0.007654906	0.007804758	0.72	0.3399
3386.358982	0.398058293	0.011943579	0.012313026	0.72	0.3399
3403.563924	0.401395837	0.007343126	0.007479965	0.72	0.3399
3411.43768	0.403878305	0.007754242	0.007906033	0.72	0.3399
3435.05901	0.407744463	0.007458995	0.007597987	0.72	0.3399
3442.790969	0.403878305	0.007754242	0.007906033	0.72	0.3399
3450.325547	0.386729609	0.009172488	0.009395327	0.72	0.3399
3466.703309	0.396607637	0.007255738	0.007390952	0.72	0.3399
3473.614341	0.402761391	0.008097312	0.008263444	0.72	0.3399
3498.422277	0.402137584	0.007356664	0.007493754	0.72	0.3399
3504.5198	0.388877737	0.007818837	0.007979269	0.72	0.3399
3518.826902	0.400536801	0.002581186	0.002597928	0.72	0.3399
3530.290459	0.392963221	0.007189224	0.007323201	0.72	0.3399
3535.566991	0.396856363	0.00797887	0.008142578	0.72	0.3399
3561.785545	0.399916435	0.007316126	0.007452463	0.72	0.3399
3566.621726	0.397956938	0.008000945	0.008165105	0.72	0.3399
3580.709008	0.374874387	0.011249543	0.011597572	0.72	0.3399
3593.429843	0.391153561	0.007156196	0.00728956	0.72	0.3399
3596.37856	0.406496468	0.012923444	0.013347801	0.72	0.3399
3597.519705	0.381059152	0.008006564	0.008178403	0.72	0.3399
3625.074141	0.394416959	0.007573012	0.007721265	0.72	0.3399
3628.723653	0.39248435	0.007891177	0.008053091	0.72	0.3399
3644.675573	0.363867893	0.007646238	0.007810363	0.72	0.3399
3656.494556	0.377669145	0.007252213	0.007394201	0.72	0.3399
3659.696302	0.384948639	0.008088087	0.008261672	0.72	0.3399
3688.064184	0.375582839	0.006872018	0.007000098	0.72	0.3399
3690.51961	0.381763402	0.008021325	0.00819348	0.72	0.3399
3709.093514	0.357276675	0.012318992	0.012758923	0.72	0.3399
3719.409993	0.376972429	0.007238868	0.007380595	0.72	0.3399
3721.723622	0.366904221	0.007709879	0.007875367	0.72	0.3399
3733.718965	0.376165544	0.001734472	0.001742506	0.72	0.3399
3751.054291	0.358969406	0.007218947	0.007367101	0.72	0.3399
3753.076847	0.370307517	0.008115754	0.008297607	0.72	0.3399
3773.09232	0.356971319	1.07E-02	0.011045086	0.72	0.3399
3784.206124	0.362526542	7.95E-03	8.12E-03	0.72	0.3399
3815.335466	0.361857692	0.007931031	0.008108755	0.72	0.3399
3836.994403	0.356221901	0.009092258	0.009330408	0.72	0.3399
3843.88738	0.389236903	1.34E-02	1.39E-02	0.72	0.3399
3846.382721	0.357210089	8.15E-03	8.34E-03	0.72	0.3399
3877.661275	0.364540496	0.00798968	0.008168715	0.72	0.3399
3900.960967	0.344320903	0.012486823	0.012956699	0.72	0.3399
3908.477168	0.359194581	0.007872813	0.008049236	0.72	0.3399
3939.2781	0.343304323	0.007835353	0.008018359	0.72	0.3399
3964.895291	0.341494383	0.010250279	0.010567471	0.72	0.3399
3970.661116	0.354253835	0.007764802	0.007938811	0.72	0.3399
4001.790457	0.359194581	8.20E-03	0.00838847	0.72	0.3399
4028.861855	0.34425668	8.79E-03	9.02E-03	0.72	0.3399
4032.986925	0.340148594	8.07E-03	8.27E-03	0.72	0.3399
4054.607559	0.346809362	0.001599761	0.001607175	0.72	0.3399
4064.190873	0.337333183	8.00E-03	8.20E-03	0.72	0.3399
4091.211265	0.367921921	1.37E-02	0.014195029	0.72	0.3399
4092.82842	0.331833751	1.47E-02	1.54E-02	0.72	0.3399
4095.461947	0.33639989	0.007981619	0.008175598	0.72	0.3399
4126.367405	0.34298744	8.14E-03	8.34E-03	0.72	0.3399
4156.730502	0.334008753	1.00E-02	1.03E-02	0.72	0.3399
4157.190713	0.343621499	8.15E-03	8.35E-03	0.72	0.3399
4188.282655	0.341407399	0.008100103	0.008296953	0.72	0.3399
4219.441852	0.336710699	0.007988973	0.00818313	0.72	0.3399
4250.869683	0.332692385	0.007893895	0.008085748	0.72	0.3399
4281.812348	0.331465628	0.008163576	0.008369712	0.72	0.3399
4313.120757	0.324798663	0.007999835	0.008201848	0.72	0.3399
4338.523221	0.355564702	0.01384143	0.014402074	0.72	0.3399
4344.324705	0.324798663	0.008292281	0.008509534	0.72	0.3399
4375.446502	0.329938525	0.008126071	0.008331262	0.72	0.3399
4406.575844	0.335779121	0.008269516	0.008478318	0.72	0.3399
4437.705121	0.320034113	0.008170985	0.00838507	0.72	0.3399
4468.826918	0.310713086	0.007933691	0.008141577	0.72	0.3399
4499.657706	0.330243383	0.008430893	0.008651767	0.72	0.3399
4521.405693	0.319738653	0.000888665	0.000891141	0.72	0.3399
4530.854174	0.31215145	0.007970309	0.008179151	0.72	0.3399
4561.953595	0.307004197	0.007839271	0.00804469	0.72	0.3399
4586.11329	0.312439919	0.014102149	0.014768745	0.72	0.3399
4593.075392	0.307571909	0.007853723	0.00805952	0.72	0.3399
4624.20467	0.30842544	0.007875452	0.008081816	0.72	0.3399
4655.132439	0.310139593	0.007919091	0.008126595	0.72	0.3399
4686.410993	0.313596452	0.008007095	0.008216898	0.72	0.3399
4717.308907	0.307571909	0.008130444	0.008351202	0.72	0.3399
4748.281428	0.29368817	0.008028558	0.008254203	0.72	0.3399
4779.410705	0.301662771	0.007974708	0.008191251	0.72	0.3399
4810.614652	0.308140666	0.008145433	0.008366597	0.72	0.3399
4836.714236	0.315922339	0.014258881	0.014932863	0.72	0.3399
4841.73645	0.293959625	0.008035956	0.008261808	0.72	0.3399
4872.940333	0.303059359	0.008011515	0.008229054	0.72	0.3399
4904.06213	0.291525505	0.008231464	0.008470639	0.72	0.3399
4934.892918	0.288044986	0.008391984	0.008643815	0.72	0.3399
4965.716162	0.281988315	0.008216088	0.008462659	0.72	0.3399
4989.201241	0.296140289	0.001367327	0.001373669	0.72	0.3399
4996.845439	0.287513211	0.00811853	0.008354435	0.72	0.3399
5027.631411	0.288044986	0.008391984	0.008643815	0.72	0.3399
5058.49199	0.293416965	0.008547995	0.008804492	0.72	0.3399
5077.677446	0.279735943	0.005122784	0.005218347	0.72	0.3399
5089.389904	0.28911148	0.008422956	0.008675714	0.72	0.3399
5120.593788	0.294231331	0.008307624	0.008549005	0.72	0.3399
5151.864862	0.281988315	0.008468922	0.008731144	0.72	0.3399
5183.076225	0.296962192	0.00838449	0.008628097	0.72	0.3399
5214.160687	0.272510226	0.008185192	0.008438657	0.72	0.3399
5245.401905	0.264814058	0.008429112	0.008706234	0.72	0.3399
5276.299819	0.285659693	0.008578827	0.00884444	0.72	0.3399
5287.394601	0.270333319	0.00495119	0.005043563	0.72	0.3399
5307.429032	0.268758832	0.008313678	0.008579059	0.72	0.3399
5331.581762	0.296687972	0.014698771	0.015464949	0.72	0.3399
5338.401552	0.276824934	0.008562344	0.008835635	0.72	0.3399
5369.605436	0.283032454	0.008500179	0.008763365	0.72	0.3399
5400.727233	0.269256029	0.008570014	0.008851752	0.72	0.3399
5431.85651	0.270753124	0.008617503	0.008900796	0.72	0.3399
5446.18631	0.27200704	0.001007042	0.001010784	0.72	0.3399
5463.052913	0.261651461	0.008562799	0.008852506	0.72	0.3399
5494.18219	0.256621969	0.008628089	0.008928273	0.72	0.3399
5525.303987	0.264080864	0.008642027	0.008934404	0.72	0.3399
5556.664563	0.255911379	0.008604282	0.008903641	0.72	0.3399
5579.358314	0.262377934	0.015069687	0.015987956	0.72	0.3399
5588.010308	0.275294377	0.008761555	0.009049567	0.72	0.3399
5619.288797	0.260445125	0.008523458	0.008811838	0.72	0.3399
5650.335924	0.258765559	0.008699905	0.009002578	0.72	0.3399
5720.01015	0.240764966	0.006152987	0.006314356	0.72	0.3399
5783.944473	0.247124578	0.013765526	0.014577535	0.72	0.3399
5822.737229	0.247078468	0.006091062	0.006245016	0.72	0.3399
5826.647056	0.275803622	0.015838196	0.016803126	0.72	0.3399
5847.911038	0.232289926	0.007189408	0.007419028	0.72	0.3399
6018.273603	0.246221362	0.007618886	0.007862167	0.72	0.3399
6082.272408	0.237888603	0.006935376	0.007143641	0.72	0.3399
6090.600571	0.247764619	0.016168006	0.017296712	0.72	0.3399
6124.551277	0.247764619	0.00296077	0.002996579	0.72	0.3399
6146.238973	0.239035458	0.008038896	0.008318657	0.72	0.3399
6210.173297	0.224476937	0.00694855	0.007170509	0.72	0.3399
6274.043138	0.230526621	0.006928408	0.007143092	0.72	0.3399
6338.009702	0.230143684	0.007946541	0.008230737	0.72	0.3399
6340.806821	0.246622087	0.001819018	0.001832535	0.72	0.3399
6360.250206	0.247609122	0.019766675	0.021481551	0.72	0.3399
6401.944026	0.228244601	0.007269113	0.007508235	0.72	0.3399
6465.975073	0.221130653	0.004053292	0.004128976	0.72	0.3399
6529.877155	0.224468843	0.003910386	0.003979715	0.72	0.3399
6585.491182	0.24121058	0.017196224	0.018516274	0.72	0.3399
6593.779237	0.220363258	0.003638892	0.003699991	0.72	0.3399
6657.286494	0.232453031	0.001288703	0.001295887	0.72	0.3399
6657.810284	0.217882608	0.004586539	0.004685164	0.72	0.3399
6665.013294	0.247993757	0.017251854	0.018541721	0.72	0.3399
6721.647884	0.217923317	0.004192486	0.004274724	0.72	0.3399
6724.571324	0.221950198	0.0048726	0.004981972	0.72	0.3399
6785.872379	0.211575526	0.00674037	0.006962171	0.72	0.3399
6849.774461	0.211137411	0.00596883	0.006142477	0.72	0.3399
6913.741025	0.214127215	0.005667755	0.005821854	0.72	0.3399
6922.200991	0.229675596	0.017948876	0.01947047	0.72	0.3399
6977.70759	0.202761289	0.006642293	0.006867259	0.72	0.3399
7041.674155	0.205358673	0.006175017	0.006366453	0.72	0.3399
7105.576237	0.202528632	0.006271937	0.006472375	0.72	0.3399
7121.931172	0.213691575	0.000989482	0.000994085	0.72	0.3399
7169.524682	0.20516881	0.017955787	0.019677944	0.72	0.3399
7169.607284	0.201818247	0.006792041	0.007028583	0.72	0.3399
7184.137883	0.223805189	0.002471249	0.002498841	0.72	0.3399
7233.509366	0.198492249	0.006503076	0.006723349	0.72	0.3399
7339.711919	0.202005047	0.006436797	0.006648654	0.72	0.3399
7403.678483	0.200522682	0.006748638	0.006983675	0.72	0.3399
7417.114622	0.212312471	0.018757458	0.020575247	0.72	0.3399
7467.645048	0.202154239	0.005715994	0.005882319	0.72	0.3399
7531.611613	0.199036782	0.00491123	0.005035481	0.72	0.3399
7587.822167	0.204033147	0.001319639	0.001328229	0.72	0.3399
7595.513695	0.193774029	0.006522547	0.006749747	0.72	0.3399
7659.48026	0.191414258	0.006100863	0.006301715	0.72	0.3399
7675.591774	0.210552354	0.002902396	0.002942963	0.72	0.3399
7723.31786	0.194485556	0.00515013	0.005290219	0.72	0.3399
7829.198	0.190178321	0.006231951	0.006443085	0.72	0.3399
7893.164565	0.186035582	0.0055966	0.005770188	0.72	0.3399
7911.960611	0.189125292	0.020348262	0.02280151	0.72	0.3399
7957.002164	0.178287244	0.006163116	0.006383794	0.72	0.3399
8020.968729	0.187730221	0.003273235	0.003331319	0.72	0.3399
8041.28972	0.194269388	0.001078799	0.001084823	0.72	0.3399
8084.935294	0.18483421	0.006553343	0.006794234	0.72	0.3399
8148.837376	0.176154493	0.006247123	0.006476816	0.72	0.3399
8159.516181	0.191946416	0.020808863	0.023339043	0.72	0.3399
8212.803941	0.184628695	0.006050974	0.006256007	0.72	0.3399
8276.706023	0.181612117	0.006763631	0.007025267	0.72	0.3399
8404.703635	0.176278313	0.006094027	0.006312245	0.72	0.3399
8406.933179	0.188252184	0.021030347	0.02367519	0.72	0.3399
8468.605717	0.179439793	0.007321578	0.007633024	0.72	0.3399
8596.667811	0.175301863	0.004328363	0.00443794	0.72	0.3399
8630.005224	0.199183816	0.002928066	0.002971752	0.72	0.3399
8641.159974	0.186863547	0.002747916	0.002788928	0.72	0.3399
8654.604495	0.169084813	0.021927416	0.025194744	0.72	0.3399
8660.827823	0.180439173	0.007522276	0.007849512	0.72	0.3399
8724.923352	0.173725149	0.006935244	0.007223616	0.72	0.3399
8776.52883	0.182474676	0.004997935	0.005138682	0.72	0.3399
8788.760952	0.176768565	0.006426541	0.006668997	0.72	0.3399
8852.856482	0.175497047	0.00669337	0.006958774	0.72	0.3399
8920.249127	0.181746338	0.023561207	0.027070579	0.72	0.3399
8943.869425	0.179738718	0.002807519	0.002852069	0.72	0.3399
9144.166343	0.19480942	0.025716875	0.029628092	0.72	0.3399
9158.790441	0.171926495	0.001744107	0.001761981	0.72	0.3399
9473.063783	0.167371278	0.001391577	0.001403244	0.72	0.3399
9572.317903	0.16389274	0.014497091	0.015903863	0.72	0.3399
9614.997981	0.174330817	0.003357635	0.003423574	0.72	0.3399
9915.704028	0.152989446	0.003503791	0.003585916	0.72	0.3399
9941.783687	0.162634593	0.001203424	0.001212395	0.72	0.3399
10154.66699	0.157931854	0.013972605	0.015328778	0.72	0.3399
10410.30743	0.154556532	0.001427656	0.001440966	0.72	0.3399
10598.87371	0.160093904	0.002502473	0.002542211	0.72	0.3399
10713.29603	0.149392344	0.013221232	0.014504918	0.72	0.3399
10883.51538	0.147149963	0.001090048	0.001098183	0.72	0.3399
10935.80269	0.156765802	0.020337823	0.023369657	0.72	0.3399
11455.13556	0.142850009	0.00353148	0.003620997	0.72	0.3399
11492.71792	0.139061146	0.005186913	0.005387878	0.72	0.3399
11588.04918	0.155032758	0.01371752	0.015049084	0.72	0.3399
11798.11396	0.130806302	0.002999003	0.003069375	0.72	0.3399
12008.56183	0.140486402	0.002198047	0.002232984	0.72	0.3399
12095.17798	0.143247768	0.00184862	0.001872789	0.72	0.3399
12335.83935	0.141663307	0.00169881	0.001719429	0.72	0.3399
12546.67082	0.126079705	0.021350645	0.025703306	0.72	0.3399
12781.29973	0.129238671	0.00131445	0.001327956	0.72	0.3399
12987.56804	0.132392817	0.005057948	0.005258858	0.72	0.3399
13233.22525	0.120888216	0.001673025	0.001696504	0.72	0.3399
13574.0324	0.128402304	0.001658637	0.001680343	0.72	0.3399
14519.95983	0.113388925	0.002705461	0.002771592	0.72	0.3399
15000.94081	0.114765639	0.001589129	0.001611442	0.72	0.3399
15211.9197	0.10615399	0.005474889	0.005772611	0.72	0.3399
15280.1844	0.099314355	0.016847759	0.020289722	0.72	0.3399
15679.99761	0.103551042	0.005615102	0.005937041	0.72	0.3399
15834.94888	0.099673232	0.004438102	0.004644924	0.72	0.3399
16024.97858	0.102567078	0.004109504	0.00428103	0.72	0.3399
16244.80477	0.112549873	0.004505903	0.004693819	0.72	0.3399
16331.78595	0.105297209	0.004311749	0.004495846	0.72	0.3399
16482.99724	0.098934869	0.006576516	0.007044807	0.72	0.3399
16637.30368	0.1008658	0.002226243	0.002276488	0.72	0.3399
17122.29095	0.105270229	0.001555284	0.001578606	0.72	0.3399
17985.47048	0.097666557	0.005298769	0.005602738	0.72	0.3399
18488.28495	0.090496155	0.015364225	0.018506157	0.72	0.3399
18692.39116	0.092425442	0.001536629	0.001562608	0.72	0.3399
19864.76011	0.084474136	0.003088717	0.003205939	0.72	0.3399
19976.07921	0.091060161	0.003326863	0.003453019	0.72	0.3399
20121.53873	0.080182108	0.013629038	0.016420054	0.72	0.3399
20173.68547	0.092425442	0.001536629	0.001562608	0.72	0.3399
21655.75473	0.087407743	0.001693544	0.001727005	0.72	0.3399
21682.1873	0.082199289	0.017916782	0.022910537	0.72	0.3399
23131.00632	0.077948958	0.001654702	0.001690589	0.72	0.3399
23213.43517	0.070089323	0.00363067	0.003829015	0.72	0.3399
24613.3457	0.073435173	0.001760728	0.001803981	0.72	0.3399
24746.38996	0.066396336	0.004317128	0.004617351	0.72	0.3399
25888.53735	0.068238601	0.011619722	0.014004403	0.72	0.3399
27159.05783	0.063783003	0.003702261	0.0039304	0.72	0.3399
27663.28233	0.06146161	0.000746833	0.00075602	0.72	0.3399
27903.47936	0.060379714	0.00067864	0.000686354	0.72	0.3399
28019.87014	0.059761952	0.000671901	0.000679541	0.72	0.3399
28147.54534	0.059873807	0.000618207	0.000624656	0.72	0.3399
28301.98074	0.059316586	0.000667043	0.00067463	0.72	0.3399
28432.55765	0.057675386	0.000649148	0.000656537	0.72	0.3399
28540.2433	0.05794578	0.000705261	0.000713951	0.72	0.3399
29063.19576	0.057352553	0.000435655	0.000438989	0.72	0.3399
29301.45832	0.0582719	0.000336556	0.000338511	0.72	0.3399
29565.51384	0.058326429	0.000336847	0.000338804	0.72	0.3399
29857.29681	0.056394689	0.000531804	0.000536867	0.72	0.3399
29984.97201	0.055660585	0.000525158	0.00053016	0.72	0.3399
30113.29204	0.057245338	0.000591961	0.000598147	0.72	0.3399
30240.96724	0.05713832	0.000590893	0.000597068	0.72	0.3399
30366.70796	0.056978162	0.000589295	0.000595453	0.72	0.3399
30581.75685	0.054781806	0.000567384	0.000573322	0.72	0.3399
30731.35607	0.055817097	0.00057771	0.000583752	0.72	0.3399
31794.67124	0.052422641	0.000640026	0.000647936	0.72	0.3399
31943.94806	0.052275496	0.000686268	0.000695397	0.72	0.3399
31943.94806	0.052275496	0.000686268	0.000695397	0.72	0.3399
32250.56198	0.052128756	0.000636558	0.000644427	0.72	0.3399
32400.80603	0.051497548	0.00062911	0.00063689	0.72	0.3399
32550.72767	0.052570195	0.000641767	0.000649699	0.72	0.3399
32700.00448	0.051787936	0.000632536	0.000640357	0.72	0.3399
32856.05194	0.049975627	0.000657027	0.00066578	0.72	0.3399
33005.00634	0.049788522	0.000654649	0.000663372	0.72	0.3399
33153.96074	0.049881988	0.000701631	0.000711641	0.72	0.3399
33304.5272	0.050069439	0.000704185	0.00071423	0.72	0.3399
33453.80402	0.049695227	0.000653464	0.000662171	0.72	0.3399
33611.14113	0.050588503	0.000664817	0.000673671	0.72	0.3399
33762.03	0.04854343	0.000683397	0.000693155	0.72	0.3399
33910.33958	0.048771672	0.000686505	0.000696306	0.72	0.3399
34060.58363	0.047954895	0.000675382	0.000685029	0.72	0.3399
34208.24838	0.048817448	0.000687129	0.000696939	0.72	0.3399
34393.31293	0.049092983	0.000690882	0.000700743	0.72	0.3399
34544.20181	0.049092983	0.000735955	0.000747155	0.72	0.3399
34691.54415	0.04476429	0.000426807	0.000430915	0.72	0.3399
34694.12344	0.047018945	0.000662638	0.000672111	0.72	0.3399
34844.04508	0.047506946	0.000669282	0.000678846	0.72	0.3399
34858.57155	0.045750746	0.001273792	0.001310272	0.72	0.3399
34993.6443	0.047820077	0.000717455	0.000728383	0.72	0.3399
35156.14001	0.048270923	0.000724006	0.000735031	0.72	0.3399
35307.67371	0.048044981	0.000676608	0.000686273	0.72	0.3399
35457.59534	0.044988655	0.00075896	0.000771984	0.72	0.3399
35606.87215	0.046492189	0.000740855	0.000752852	0.72	0.3399
35756.14897	0.046448555	0.000697529	0.000708164	0.72	0.3399
35906.71543	0.045328059	0.000722885	0.0007346	0.72	0.3399
36054.70259	0.048044981	0.000808933	0.000822786	0.72	0.3399
36203.33458	0.045884953	0.000773611	0.000786878	0.72	0.3399
36351.64415	0.04571289	0.000728825	0.000740633	0.72	0.3399
36502.53302	0.044819888	0.000715043	0.000726635	0.72	0.3399
36810.11419	0.045669974	0.000770097	0.000783305	0.72	0.3399
36960.03582	0.045242974	0.000804651	0.000819221	0.72	0.3399
37110.60228	0.042401468	0.000716689	0.000729011	0.72	0.3399
37257.62221	0.043655772	0.000777267	0.000791357	0.72	0.3399
37407.22143	0.044735738	0.000713744	0.000725316	0.72	0.3399
37555.53101	0.043985319	0.000782952	0.000797141	0.72	0.3399
37703.84059	0.043985319	0.000782952	0.000797141	0.72	0.3399
37851.82775	0.044068086	0.000824829	0.000840562	0.72	0.3399
38149.41414	0.043820242	0.000820328	0.000835978	0.72	0.3399
38331.8994	0.040758221	0.000802169	0.000818273	0.72	0.3399
38481.82103	0.041260069	0.000811732	0.000828022	0.72	0.3399
38632.38749	0.040262346	0.000829679	0.000847136	0.72	0.3399
38780.05224	0.039697512	0.000854835	0.000873648	0.72	0.3399
38934.81006	0.03819286	0.000823448	0.000841593	0.72	0.3399
39085.69893	0.040989097	0.000919365	0.000940459	0.72	0.3399
39236.26539	0.041105014	0.000884206	0.000903644	0.72	0.3399
39386.18703	0.038663807	0.000868745	0.000888713	0.72	0.3399
39536.43108	0.041066339	0.000921047	0.000942179	0.72	0.3399
39685.38548	0.039884923	0.000968418	0.000992517	0.72	0.3399
39801.94661	0.040873499	0.00114118	0.001173957	0.72	0.3399
40827.73192	0.03762092	0.001052785	0.001083095	0.72	0.3399
40880.24479	0.041846641	0.00093804	0.000959549	0.72	0.3399
41121.40906	0.038590986	0.00086716	0.000887093	0.72	0.3399
41271.65311	0.039325267	0.000883142	0.000903431	0.72	0.3399
41422.21957	0.038409519	0.000863211	0.000883056	0.72	0.3399
41570.85156	0.0400732	0.000936152	0.000958545	0.72	0.3399
41719.16113	0.041532794	0.000931205	0.000952562	0.72	0.3399
41870.69483	0.039997785	0.001007693	0.001033736	0.72	0.3399
42020.29405	0.039177327	0.000951736	0.000975433	0.72	0.3399
42171.82775	0.037514616	0.000912545	0.000935297	0.72	0.3399
42328.80086	0.038919739	0.001230069	0.001270214	0.72	0.3399
42328.80086	0.036778659	0.00164765	0.001724925	0.72	0.3399
42477.47444	0.035988777	0.000909588	0.000933174	0.72	0.3399
42485.82336	0.038993166	0.001078733	0.001109425	0.72	0.3399
42485.82336	0.03744391	0.001092618	0.001125459	0.72	0.3399
43085.60354	0.037585453	0.001468569	0.001528283	0.72	0.3399
43087.43032	0.036022773	0.001663049	0.001743543	0.72	0.3399
43717.47648	0.037905836	0.001136761	0.001171905	0.72	0.3399
43717.47648	0.037302888	0.00042801	0.000432978	0.72	0.3399
43717.47648	0.036709308	0.001050694	0.001081653	0.72	0.3399
43879.49257	0.036848138	0.001804391	0.001897299	0.72	0.3399
43879.49257	0.036398802	0.001073568	0.001106195	0.72	0.3399
43879.49257	0.035016394	0.00094998	0.000976471	0.72	0.3399
45753.06429	0.035148977	0.000308964	0.000311704	0.72	0.3399
45753.06429	0.034884299	0.000648559	0.000660846	0.72	0.3399
45753.06429	0.034851351	0.001533115	0.00160366	0.72	0.3399
45758.1043	0.034588858	0.000960344	0.000987769	0.72	0.3399
45758.1043	0.035382175	0.001034194	0.001065333	0.72	0.3399
45758.1043	0.034884299	0.002139752	0.002279578	0.72	0.3399
47200.66756	0.033748992	0.000668752	0.000682272	0.72	0.3399
47200.66756	0.033621558	0.000378014	0.000382313	0.72	0.3399
47200.66756	0.033147838	0.001241685	0.001290008	0.72	0.3399
47513.41647	0.033589772	0.001733953	0.001828334	0.72	0.3399
47513.41647	0.034037442	0.001173451	0.00121535	0.72	0.3399
47513.41647	0.033273524	0.001084648	0.001121197	0.72	0.3399
47771.03594	0.032866732	0.000551934	0.000561361	0.72	0.3399
48367.37211	0.033022615	0.000563788	0.000573581	0.72	0.3399
48367.37211	0.032618809	0.000213935	0.000215348	0.72	0.3399
48367.37211	0.030787282	0.001321215	0.001380457	0.72	0.3399
49262.79278	0.032495531	0.000927379	0.000954622	0.72	0.3399
49262.79278	0.031976635	0.000967189	0.000997356	0.72	0.3399
49540.53741	0.031916121	0.000425342	0.000431087	0.72	0.3399
49540.53741	0.031465801	0.001014747	0.001048563	0.72	0.3399
49540.53741	0.030670739	0.00035677	0.000360969	0.72	0.3399
50106.90357	0.031287408	0.000713147	0.000729782	0.72	0.3399
50707.912	0.03149563	0.001078732	0.001116989	0.72	0.3399
50707.912	0.03102166	0.000531265	0.000540521	0.72	0.3399
51009.26197	0.030728957	0.001006346	0.001040418	0.72	0.3399
51009.26197	0.030525662	0.000846962	0.000871133	0.72	0.3399
51009.26197	0.030323675	0.000869363	0.000895023	0.72	0.3399
51856.70527	0.030323675	0.000715346	0.000732629	0.72	0.3399
51856.70527	0.029444646	0.001455363	0.001531038	0.72	0.3399
51856.70527	0.029333041	0.001387851	0.001456777	0.72	0.3399
52734.32344	0.029669095	0.001091929	0.001133651	0.72	0.3399
52734.32344	0.029138717	0.00083666	0.000861393	0.72	0.3399
52734.32344	0.028808492	0.001119689	0.001164968	0.72	0.3399
53007.11214	0.029444646	0.002868885	0.003178585	0.72	0.3399
53007.11214	0.028427814	0.000255953	0.000258279	0.72	0.3399
53007.11214	0.028373831	0.001471512	0.001552002	0.72	0.3399
54316.33388	0.028185672	0.001518695	0.001605185	0.72	0.3399
54316.33388	0.027812974	0.00111591	0.001162554	0.72	0.3399
54561.84884	0.027628445	0.000781573	0.000804326	0.72	0.3399
54561.84884	0.027471198	0.000524292	0.000534493	0.72	0.3399
54561.84884	0.025942666	0.000259712	0.000262339	0.72	0.3399
54561.84884	0.024895362	0.000707541	0.000728238	0.72	0.3399
56514.97574	0.027733734	0.000784427	0.000807259	0.72	0.3399
56736.15046	0.027628419	0.002508242	0.002758689	0.72	0.3399
57021.8076	0.024784412	0.002684011	0.003009974	0.72	0.3399
57733.04873	0.025995107	0.00097579	0.001013847	0.72	0.3399
59469.04971	0.024926769	0.000501473	0.000511768	0.72	0.3399
60171.90362	0.022915695	0.003066879	0.003540748	0.72	0.3399
60205.67178	0.024245941	0.000488612	0.000498662	0.72	0.3399
61100.51501	0.02555282	0.000536876	0.000548398	0.72	0.3399
61778.67602	0.022740824	0.000523229	0.000535551	0.72	0.3399
61990.8232	0.022223877	0.000573691	0.000588892	0.72	0.3399
62142.35689	0.022893766	0.000968841	0.001011654	0.72	0.3399
63758.93126	0.022610514	0.00097804	0.001022259	0.72	0.3399
63883.38234	0.021801731	0.000724447	0.000749347	0.72	0.3399
64016.21614	0.021948598	0.00062784	0.000646328	0.72	0.3399
66729.63654	0.019557328	0.000833932	0.000871075	0.72	0.3399
66857.31174	0.020739861	0.000595194	0.00061278	0.72	0.3399
66982.40764	0.020759806	0.001278603	0.001362521	0.72	0.3399
69758.376	0.020403598	0.001567693	0.00169817	0.72	0.3399
69944.08538	0.01869045	0.00081609	0.00085335	0.72	0.3399
70065.31234	0.020266659	0.000638643	0.000659423	0.72	0.3399
70232.32182	0.019841985	0.000772491	0.000803784	0.72	0.3399
82670.70305	0.016251454	0.000549851	0.000569106	0.72	0.3399
83742.03448	0.01468435	0.000229229	0.000232864	0.72	0.3399
84201.14934	0.014974173	0.000314961	0.000321729	0.72	0.3399
84304.72913	0.01441392	0.000545999	0.000567496	0.72	0.3399
87734.2395	0.01459844	0.000579602	0.000603565	0.72	0.3399
100461.6822	0.010837438	0.001129555	0.001260983	0.72	0.3399
104118.798	0.010931679	0.000136507	0.000138233	0.72	0.3399
104967.714	0.011746957	0.002305588	0.002868614	0.72	0.3399
105337.861	0.010517429	0.001285053	0.00146392	0.72	0.3399
108155.6754	0.010524576	0.000150391	0.000152571	0.72	0.3399
111513.6593	0.01103373	0.000128767	0.000130287	0.72	0.3399
111513.6593	0.010935177	0.000467573	0.000488459	0.72	0.3399
111513.6593	0.01063374	0.000405348	0.000421412	0.72	0.3399
111513.6593	0.010381481	0.000272343	0.00027968	0.72	0.3399
111532.8238	0.010185693	0.000613494	0.000652814	0.72	0.3399
111921.6359	0.00952852	0.000141365	0.000143494	0.72	0.3399
112521.83	0.010254128	0.000219545	0.000224348	0.72	0.3399
117768.7648	0.00963476	0.000361856	0.000375976	0.72	0.3399
118784.363	0.009413841	0.000205401	0.000209982	0.72	0.3399
119058.8116	0.009209851	0.000889627	0.000984749	0.72	0.3399
120003.7257	0.009366431	0.000213103	0.000218065	0.72	0.3399
120979.3447	0.008683705	0.000520299	0.00055346	0.72	0.3399
121012.8756	0.009253534	0.000245127	0.000251797	0.72	0.3399
121012.8756	0.008843994	0.000445153	0.000468747	0.72	0.3399
121070.2649	0.009360009	0.000643956	0.000691532	0.72	0.3399
121199.8067	0.009589446	0.000208343	0.00021297	0.72	0.3399
121199.8067	0.009465417	0.000206264	0.000210859	0.72	0.3399
121199.8067	0.00926591	0.000288653	0.000297934	0.72	0.3399
121211.2823	0.009493226	0.000914477	0.001011958	0.72	0.3399
122010.4187	0.009068123	0.000224414	0.000230109	0.72	0.3399
122996.355	0.008868078	0.000204325	0.000209144	0.72	0.3399
123974.5533	0.008850093	0.000220165	0.000225782	0.72	0.3399
124953.3965	0.008672046	0.000224679	0.000230655	0.72	0.3399
125878.0745	0.008760659	0.00023458	0.000241034	0.72	0.3399
126113.4353	0.00845405	0.000315403	0.000327626	0.72	0.3399
127023.9272	0.008241017	0.000223531	0.000229763	0.72	0.3399
128019.5358	0.008402474	0.000242562	0.000249773	0.72	0.3399
128997.7342	0.008148825	0.000244309	0.00025186	0.72	0.3399
129541.9658	0.008419634	0.000242959	0.000250178	0.72	0.3399
130846.4453	0.008215781	0.000284555	0.000294765	0.72	0.3399
131246.568	0.00889512	0.000615153	0.000660855	0.72	0.3399
132164.466	0.008008171	0.000271038	0.000280532	0.72	0.3399
133540.5209	0.007975395	0.000262608	0.000271549	0.72	0.3399
134845.0004	0.007829388	0.000318109	0.000331581	0.72	0.3399
136149.4798	0.008148825	0.000352295	0.000368214	0.72	0.3399
142119.2626	0.006886726	0.000491017	0.000528714	0.72	0.3399
143660.3926	0.007208967	0.000221894	0.000228941	0.72	0.3399
144118.8626	0.007024275	0.000210988	0.000217521	0.72	0.3399
144577.3326	0.00695882	0.000235563	0.000243817	0.72	0.3399
148926.3789	0.006504052	0.000342065	0.000361054	0.72	0.3399
148926.3789	0.006490417	0.000278902	0.000291425	0.72	0.3399
149938.5657	0.007344604	0.00044225	0.000470586	0.72	0.3399
150296.5188	0.006288877	0.000332654	0.000351233	0.72	0.3399
151517.5051	0.006339937	0.000439029	0.000471693	0.72	0.3399
154188.2093	0.006280131	0.000411264	0.000440084	0.72	0.3399
165240.1648	0.005900114	0.000107356	0.000109346	0.72	0.3399
182124.8033	0.005244456	0.000171479	0.000177275	0.72	0.3399
183320.9523	0.005244456	0.000186057	0.000192901	0.72	0.3399
185086.4811	0.005143351	0.00015995	0.000165083	0.72	0.3399
188542.739	0.004913855	0.000151089	0.000155882	0.72	0.3399
188944.3622	0.005343875	0.000188501	0.000195393	0.72	0.3399
188944.3622	0.00524628	0.000138975	0.000142757	0.72	0.3399
188944.3622	0.004436201	9.59E-05	9.80E-05	0.72	0.3399
190132.2308	0.004929955	0.000142742	0.000146998	0.72	0.3399
191445.7377	0.004765716	0.000161214	0.000166858	0.72	0.3399
192750.862	0.004946099	0.000178771	0.000185474	0.72	0.3399
194055.9863	0.004703389	0.000159892	0.000165519	0.72	0.3399
195361.1105	0.004760496	0.000238287	0.000250843	0.72	0.3399
196678.4865	0.004595959	0.000170314	0.000176868	0.72	0.3399
197983.6107	0.004973106	0.000222077	0.000232458	0.72	0.3399
206666.1691	0.003877344	0.000228704	0.000243039	0.72	0.3399
215255.228	0.004130469	0.000174772	0.000182494	0.72	0.3399
215938.0969	0.00404312	0.000172385	0.000180062	0.72	0.3399
221208.8902	0.003555367	0.000208012	0.000220939	0.72	0.3399
235231.883	0.003184253	0.000110628	0.000114609	0.72	0.3399
246913.5189	0.003616077	0.000185318	0.000195328	0.72	0.3399
248218.6432	0.003369084	0.000141732	0.000147956	0.72	0.3399
249370.9441	0.003453841	0.000387066	0.000435918	0.72	0.3399
249523.7674	0.003464609	0.000173477	0.000182621	0.72	0.3399
250828.8917	0.003388811	0.000174417	0.000183882	0.72	0.3399
252134.016	0.003294943	0.000158614	0.000166635	0.72	0.3399
253398.5163	0.003322107	0.00020206	0.000215146	0.72	0.3399
253633.8772	0.003275647	0.000187004	0.000198327	0.72	0.3399
254859.0432	0.003191792	0.000152664	0.000160332	0.72	0.3399
256164.8123	0.003191792	0.000152664	0.000160332	0.72	0.3399
257483.4779	0.003306563	0.000168541	0.000177593	0.72	0.3399
258787.9573	0.003476699	0.000177253	0.000186776	0.72	0.3399
260107.2677	0.00317297	0.000146158	0.000153216	0.72	0.3399
261483.9675	0.003365149	0.00017696	0.000186782	0.72	0.3399
271471.0053	0.002756394	0.000239681	0.000262507	0.72	0.3399
291813.9204	0.002641302	0.00016133	0.000171825	0.72	0.3399
293487.2644	0.002756395	0.000176492	0.000188566	0.72	0.3399
310160.4597	0.002793781	0.000377775	0.000436845	0.72	0.3399
315360.3224	0.002382375	0.000150016	0.000160097	0.72	0.3399
316935.628	0.002486942	0.000116096	0.000121781	0.72	0.3399
317692.0069	0.00238941	0.000101199	0.000105675	0.72	0.3399
318365.8482	0.002206567	0.000279808	0.000320443	0.72	0.3399
318857.8491	0.002383347	0.000101131	0.000105612	0.72	0.3399
322830.6112	0.002379349	0.00013816	0.000146677	0.72	0.3399
335953.4294	0.002003391	0.000240143	0.000272848	0.72	0.3399
340435.8684	0.002220005	0.000570945	0.00076862	0.72	0.3399
353856.9744	0.002042004	0.00015792	0.000171157	0.72	0.3399
364875.5937	0.002146065	9.85E-05	0.000103264	0.72	0.3399
384070.859	0.001890465	0.000117472	0.000125255	0.72	0.3399
401725.5019	0.001651566	0.00013862	0.00015132	0.72	0.3399
431171.076	0.001713522	9.52E-05	0.00010078	0.72	0.3399
439125.3079	0.001678337	0.000266791	0.000317215	0.72	0.3399
448637.1102	0.001699092	0.000111554	0.000119393	0.72	0.3399
510009.3858	0.001488248	0.000120001	0.000130525	0.72	0.3399
510716.9063	0.00132031	0.000115105	0.000126099	0.72	0.3399
513536.7356	0.001487541	0.000115517	0.000125243	0.72	0.3399
526821.4046	0.001405259	0.000245796	0.000297902	0.72	0.3399
551449.3149	0.001206508	0.000169601	0.000197342	0.72	0.3399
554548.8469	0.001221493	9.84E-05	0.000106998	0.72	0.3399
619031.271	0.001088732	0.000106279	0.000117777	0.72	0.3399
686742.7343	0.000985032	9.34E-05	0.000103243	0.72	0.3399
709306.6647	0.000999007	0.000200225	0.000250413	0.72	0.3399
757023.6585	0.000880139	8.59E-05	9.52E-05	0.72	0.3399
773911.6053	0.000872463	0.00010065	0.000113775	0.72	0.3399
839109.7843	0.000901639	0.000106212	0.000120394	0.72	0.3399
847344.1899	0.000836813	9.17E-05	0.000103013	0.72	0.3399
884054.0339	0.000831494	9.16E-05	0.000102977	0.72	0.3399
899175.1623	0.000945419	8.98E-05	9.92E-05	0.72	0.3399
916940.0702	0.00084756	0.000165254	0.000205279	0.72	0.3399
940585.8795	0.000798234	8.97E-05	0.000101058	0.72	0.3399
957222.2405	0.000906637	9.45E-05	0.000105523	0.72	0.3399
1002538.438	0.00076303	0.000134344	0.000163052	0.72	0.3399
1011729.234	0.000799803	0.000107705	0.000124466	0.72	0.3399
1023284.484	0.000831494	9.62E-05	0.000108821	0.72	0.3399
1076856.482	0.000768691	9.05E-05	0.000102617	0.72	0.3399
1078588.09	0.000692372	0.000448806	0.001275798	0.72	0.3399
1078592.515	0.000620488	8.96E-05	0.000104693	0.72	0.3399
1096362.415	0.000664202	9.52E-05	0.000111152	0.72	0.3399
1158736.264	0.000776415	9.73E-05	0.000111302	0.72	0.3399
1160200.015	0.000664202	0.000149855	0.000193516	0.72	0.3399
1198728.263	0.000693371	8.39E-05	9.55E-05	0.72	0.3399
1202048.24	0.000764073	9.25E-05	0.000105259	0.72	0.3399
1206948.387	0.000630354	9.43E-05	0.000110912	0.72	0.3399
1220800.597	0.000513028	9.11E-05	0.000110761	0.72	0.3399
1223321.86	0.000628487	9.16E-05	0.000107243	0.72	0.3399
1289119.725	0.000607449	0.00012638	0.000159581	0.72	0.3399
1289287.38	0.0006299	9.43E-05	0.000110909	0.72	0.3399
1327693.111	0.000649817	8.34E-05	9.57E-05	0.72	0.3399
1350236.296	0.000565317	0.000110938	0.000138024	0.72	0.3399
1350940.057	0.000621893	0.000127324	0.000160102	0.72	0.3399
1477389.059	0.00061583	9.67E-05	0.000114732	0.72	0.3399
1522430.032	0.000461744	8.47E-05	0.000103685	0.72	0.3399
1584333.159	0.000424502	8.85E-05	0.000111786	0.72	0.3399
1648170.759	0.000424502	0.00010026	0.000131261	0.72	0.3399
1657159.254	0.000468457	0.000304846	0.000872842	0.72	0.3399
1657425.671	0.00037091	0.000108386	0.000153135	0.72	0.3399
1713298.007	0.000424502	8.85E-05	0.000111786	0.72	0.3399
1782294.201	0.000388275	0.000111626	0.000156666	0.72	0.3399
1971872.528	0.000330077	8.15E-05	0.000108137	0.72	0.3399
2122941.951	0.000333494	8.42E-05	0.000112686	0.72	0.3399
2293639.824	0.000263687	7.94E-05	0.000113691	0.72	0.3399
2379820.584	0.000301968	8.24E-05	0.000113322	0.72	0.3399
2577149.698	0.000235324	7.85E-05	0.000117721	0.72	0.3399
2636944.25	0.00018401	0.000126745	0.000407273	0.72	0.3399
