22.9392			2.013160628965874e-10	1.3856418701033328e-11	1.4880640954533232e-11	0.52	2.433
39.06144		8.610858019085776e-11	9.484162274399674e-12	1.065806135896063e-11	0.52	2.433
47.15712		1.1907539432746882e-10	1.173236968671424e-11	1.3014693330252307e-11	0.52	2.433
55.416959999999996	9.676663263728181e-11	1.0658060377317131e-11	1.1977258315747374e-11	0.52	2.433
63.39168		7.966361835996333e-11	7.849170069595127e-12	8.707068058761897e-12	0.52	2.433
71.73792		8.390434054980059e-11	1.0203210246219453e-11	1.1615746239897179e-11	0.52	2.433
79.88544		7.662442497382809e-11	8.439559437904945e-12	9.484163147923331e-12	0.52	2.433
88.00703999999999	7.181448136215153e-11	9.545645230830498e-12	1.1008966990702672e-11	0.52	2.433
95.92128000000001	7.043122277945856e-11	8.16242679432687e-12	9.232388243214741e-12	0.52	2.433
103.97376000000001	7.228157853017446e-11	9.200105166040496e-12	1.0541892707647429e-11	0.52	2.433
131.03423999999998	6.643938877255527e-11	4.9727495081981256e-12	5.375052903458156e-12	0.52	2.433
159.89184		5.912163397684438e-11	5.129657193473741e-12	5.617014473021769e-12	0.52	2.433
188.90496		5.364307046499311e-11	4.970878148573979e-12	5.4785526212448955e-12	0.52	2.433
219.61152		4.502926191351543e-11	4.43668442563682e-12	4.921604820222904e-12	0.52	2.433
249.87743999999998	4.2477136138630307e-11	4.432668758569889e-12	4.9491315631851e-12	0.52	2.433
278.25984000000005	3.854098664798248e-11	4.244977338782687e-12	4.7703980209476434e-12	0.52	2.433
309.86496		3.407438517892399e-11	4.72011897482996e-12	5.479106543507115e-12	0.52	2.433
337.71168		2.7157189851888804e-11	3.9131019901397865e-12	4.571865942346068e-12	0.52	2.433
368.06399999999996	2.5452452075601465e-11	3.667464911287444e-12	4.284876286106041e-12	0.52	2.433
396.85248		2.0024220935920224e-11	3.2154194406506285e-12	3.83050923049814e-12	0.52	2.433
446.70527999999996	2.324408358003022e-11	3.3492592647492085e-12	3.913101269319836e-12	0.52	2.433
516.53376		2.30938972063148e-11	2.9394250556264402e-12	3.368124928937155e-12	0.52	2.433
587.7100800000001	2.0818470929804876e-11	2.6498054669683955e-12	3.036265827919937e-12	0.52	2.433
657.99648		1.9385545590677378e-11	1.9100368193869046e-12	2.1187998773991075e-12	0.52	2.433
724.8873600000001	1.828683003417543e-11	1.9083080347322872e-12	2.130650414316253e-12	0.52	2.433
798.58656		1.6808804591565523e-11	2.0440392727187334e-12	2.32701678425993e-12	0.52	2.433
865.6848		1.5856131116136736e-11	1.8376013416944585e-12	2.0784810020675533e-12	0.52	2.433
938.4336		1.3138543654085988e-11	1.5977161890951796e-12	1.8189045768984026e-12	0.52	2.433
1001.0044800000001	1.505473892095782e-11	2.417437380224494e-12	2.8798781527636235e-12	0.52	2.433
1073.51136		1.2719499670021465e-11	1.9031133955570153e-12	2.2379609596550884e-12	0.52	2.433
1132.8336		1.1540834905639669e-11	2.039779988116475e-12	2.4777000334207546e-12	0.52	2.433
1214.88768		1.033649332190847e-11	1.99082216295396e-12	2.465723798666792e-12	0.52	2.433
1217.6870399999998	1.0642558066281419e-11	1.7904638348920363e-12	2.1526109901593758e-12	0.52	2.433
1282.0291200000001	8.733132078043992e-12	1.3066662269795223e-12	1.5365705533400902e-12	0.52	2.433
1352.8771199999999	9.62504632404475e-12	1.5977652798167057e-12	1.915787518644802e-12	0.52	2.433
1419.9840000000002	9.750651362530216e-12	1.5124904918929751e-12	1.7901771654101506e-12	0.52	2.433
1490.4172800000001	7.671135047125814e-12	1.2318040657520935e-12	1.4674405411549413e-12	0.52	2.433
1557.4031999999997	8.073205890027018e-12	1.3582057140498362e-12	1.6329224248962858e-12	0.52	2.433
1589.7945600000003	7.523383986777819e-12	1.6427559738555515e-12	2.101660564268029e-12	0.52	2.433
1732.68288		7.378478708142682e-12	1.1039806621792e-12	1.2982230212552064e-12	0.52	2.433
1908.8352		5.8806269296706495e-12	9.121844261272608e-13	1.0796575178810056e-12	0.52	2.433
2114.24256		4.6565602697020656e-12	1.0636637560221734e-12	1.3785574863501944e-12	0.52	2.433
2123.08992		6.715000175977183e-12	1.129706306651315e-12	1.3582057140498362e-12	0.52	2.433
2367.07488		5.266960100313695e-12	1.0144234192919511e-12	1.256409544467649e-12	0.52	2.433
2842.10208		2.8635292812549015e-12	5.515194931057552e-13	6.830819773282443e-13	0.52	2.433
4680.00288		2.158609223325735e-12	5.211366732596695e-13	6.869919312334342e-13	0.52	2.433
5067.04032		1.4051219831831761e-12	2.5772414210736784e-13	3.1561315936637303e-13	0.52	2.433
5272.0761600000005	1.5375102806293705e-12	2.7038945613837056e-13	3.280875513615843e-13	0.52	2.433
11274.983999999999	4.0461877265260526e-13	1.8210844604274744e-14	1.9069095269254802e-14	0.52	2.433
11274.983999999999	4.0202589587007154e-13	6.763532064025047e-14	8.131554052971896e-14	0.52	2.433
11274.983999999999	4.0172238128105566e-13	3.5347215140865344e-14	3.875745069634193e-14	0.52	2.433
11274.983999999999	3.777757081848642e-13	2.031029443906541e-14	2.1464274780489073e-14	0.52	2.433
11274.983999999999	3.7512328972415175e-13	6.310932763475151e-14	7.58741001078787e-14	0.52	2.433
11274.983999999999	3.688230274504621e-13	3.2452428611578397e-14	3.558338038448991e-14	0.52	2.433
11274.983999999999	3.45842234386976e-13	3.3322081292240055e-14	3.6875007689629997e-14	0.52	2.433
15091.989119999998	2.779239850815393e-13	4.6756883170235243e-14	5.6214137709135897e-14	0.52	2.433
15091.989119999998	2.7215607212471825e-13	1.933222916279844e-14	2.081047219567281e-14	0.52	2.433
15091.989119999998	2.696981878656064e-13	1.9157636762997072e-14	2.0622529550722378e-14	0.52	2.433
15091.989119999998	2.565866333136886e-13	1.6020754433751553e-14	1.7087674538222408e-14	0.52	2.433
15091.989119999998	2.366867947370249e-13	3.9819293776353284e-14	4.787332071889205e-14	0.52	2.433
15091.989119999998	2.2858410537462947e-13	1.4272332788235208e-14	1.522281479283864e-14	0.52	2.433
18339.01344		1.9908843302398653e-13	1.2430682202289225e-14	1.3258517421207655e-14	0.52	2.433
18339.01344		1.935878196161631e-13	1.5399993953835797e-14	1.6730948034994695e-14	0.52	2.433
18339.01344		1.9285638789762324e-13	1.0368506862115971e-14	1.0957619596285671e-14	0.52	2.433
18339.01344		1.7535817959440114e-13	2.950159884126262e-14	3.546872305119991e-14	0.52	2.433
18339.01344		1.6550763326957597e-13	1.4562877731580222e-14	1.5967877905776523e-14	0.52	2.433
34497.4032		1.0404806989066547e-13	2.6560145419881887e-14	3.566403263254373e-14	0.52	2.433
40727.60352		6.504801203166026e-14	1.3378539462227917e-14	1.6842583301689522e-14	0.52	2.433